0,038765	0,055765	-0,301557
-0,059967	0,382674	0,228982
-0,077661	0,368395	0,282783
-0,091816	0,307167	0,218560
-0,089737	0,230402	0,133674
-0,076575	0,207307	0,079168
-0,072759	0,178297	-0,015205
-0,016068	0,127318	-0,137616
0,019714	0,097069	-0,235544
0,030126	0,102545	-0,292830
0,049968	0,077251	-0,235215
0,017941	0,080954	-0,273401
-0,012454	0,079131	-0,341304
0,006309	0,071923	-0,397543
0,041436	0,049872	-0,327617
0,048481	0,018828	-0,308065
0,037820	0,016027	-0,270391
0,029304	-0,001546	-0,203861
0,045465	-0,018473	-0,117118
0,074678	-0,041597	-0,032403
0,110499	-0,060097	0,005681
0,110433	-0,058600	0,053385
0,062492	-0,023906	0,194978
-0,025666	0,008658	0,339857
-0,070337	0,016497	0,359983
-0,046687	0,038100	0,343541
-0,028732	0,054418	0,341862
0,005738	0,074186	0,283072
-0,024133	0,062217	0,214006
-0,028889	0,098614	0,092677
-0,005875	0,084641	-0,033121
-0,003735	0,099317	-0,163447
-0,013523	0,089024	-0,225557
0,002585	0,070267	-0,313563
0,002068	0,084937	-0,366732
0,016022	0,099553	-0,439919
0,029102	0,121781	-0,479303
0,019448	0,143397	-0,465803
0,002155	0,177926	-0,455956
0,013211	0,175861	-0,373383
-0,009536	0,185696	-0,257532
-0,019128	0,189744	-0,199325
-0,038288	0,186267	-0,165197
-0,007645	0,175833	-0,088115
0,009204	0,169389	-0,063778
-0,012742	0,154665	-0,053904
-0,066700	0,120863	-0,028755
-0,081131	0,084239	-0,043121
-0,118530	0,089426	-0,077588
-0,141760	0,071540	-0,167418
-0,096172	0,045733	-0,269920
-0,020431	0,008815	-0,276276
0,027710	-0,039872	-0,238256
0,063355	-0,050098	-0,233696
0,054505	-0,063064	-0,236761
0,041687	-0,045654	-0,279424
0,039099	-0,027905	-0,340384
0,030327	0,029385	-0,379559
0,081720	0,035007	-0,435812
0,178377	0,055777	-0,491350
0,232728	0,092497	-0,521400
0,249391	0,098900	-0,435321
0,224415	0,048481	-0,363577
0,182401	-0,016770	-0,312895
0,161240	-0,086194	-0,307775
0,106971	-0,117795	-0,296977
0,079827	-0,145957	-0,278756
0,064826	-0,132086	-0,258442
0,077715	-0,115239	-0,284329
0,114846	-0,147746	-0,380686
0,125397	-0,202474	-0,512374
0,055298	-0,259660	-0,591857
-0,023755	-0,272852	-0,667895
-0,078379	-0,244136	-0,666470
-0,075154	-0,214462	-0,634689
-0,049589	-0,271167	-0,605432
-0,008067	-0,315578	-0,551387
-0,061043	-0,318540	-0,581893
-0,139814	-0,326658	-0,551708
-0,274656	-0,379124	-0,455722
-0,290587	-0,409598	-0,446939
-0,166393	-0,519219	-0,247419
-0,016281	-0,672028	0,049148
0,120093	-0,816309	0,412805
0,163116	-0,909712	0,762165
0,198486	-1,024645	1,031106
0,234448	-1,149159	1,291279
0,169357	-1,200883	1,525272
0,031104	-1,093824	1,703848
-0,070881	-0,935398	1,868731
-0,151517	-0,687979	1,928810
-0,171970	-0,499627	1,841852
-0,033194	-0,379596	1,682259
0,076875	-0,267276	1,476044
0,175465	-0,214785	1,273731
0,192081	-0,172780	1,083145
0,114407	-0,155460	0,856946
0,065671	-0,169388	0,568724
-0,035574	-0,125928	0,197362
-0,158708	-0,083506	-0,242428
-0,050343	-0,137679	-0,644053
0,149338	-0,256664	-0,892562
0,389538	-0,370053	-0,913256
0,552964	-0,636020	-0,828285
0,553467	-0,891885	-0,676031
0,460010	-1,040083	-0,375151
0,335452	-1,025511	-0,075060
0,222390	-0,920006	0,137230
0,092682	-0,755158	0,271637
-0,052270	-0,646265	0,420337
-0,170149	-0,579268	0,492373
-0,297008	-0,427977	0,592140
-0,376473	-0,276305	0,872101
-0,428547	-0,192309	1,063513
-0,345718	-0,082021	1,083526
-0,483423	0,056966	0,837133
-0,562959	0,181559	0,567241
-0,519312	0,247726	0,254586
-0,466207	0,347570	-0,091290
-0,373930	0,397770	-0,446530
-0,193797	0,286612	-0,706773
-0,062142	0,081805	-0,992542
0,028814	-0,164390	-1,157962
0,144682	-0,441803	-1,183987
0,107128	-0,640747	-1,142550
0,101022	-0,769263	-0,960964
0,237873	-0,894097	-0,600217
0,423978	-0,983429	-0,099021
0,573814	-1,049146	0,526997
0,583550	-0,975303	1,093887
0,438105	-0,849200	1,552185
0,207796	-0,666909	1,856580
-0,038707	-0,478937	2,035935
-0,181332	-0,235664	2,025232
-0,267649	-0,099469	1,856733
-0,256257	-0,043186	1,581150
-0,193507	-0,002945	1,276406
-0,113631	0,020630	0,933979
-0,056420	-0,028503	0,562356
-0,066205	-0,054407	0,163532
-0,051048	-0,124934	-0,167013
-0,012115	-0,193795	-0,422832
0,036280	-0,248896	-0,629403
0,077864	-0,221138	-0,849238
0,142736	-0,198932	-1,055758
0,209953	-0,222353	-1,064869
0,226385	-0,334950	-1,061636
0,206962	-0,514079	-0,979546
0,165570	-0,601839	-0,733844
0,092234	-0,631825	-0,465445
-0,010490	-0,662528	-0,279460
-0,120441	-0,666973	-0,076082
-0,170083	-0,580503	0,225474
-0,134162	-0,450035	0,542378
-0,117864	-0,347577	0,757609
-0,222612	-0,253159	0,821554
-0,314088	-0,135499	0,955083
-0,301063	-0,055726	1,003495
-0,300225	-0,019678	0,931116
-0,167402	-0,026277	0,830134
0,047084	-0,018153	0,643038
0,124813	-0,032711	0,413869
0,116135	-0,025217	0,190324
0,073755	-0,038362	-0,076635
0,021651	-0,076661	-0,271038
-0,000880	-0,100599	-0,429440
-0,019857	-0,115904	-0,616489
-0,006303	-0,172215	-0,730692
0,044750	-0,187577	-0,899630
0,092306	-0,225708	-0,968702
0,151421	-0,236121	-0,969371
0,146039	-0,240606	-0,971823
0,110117	-0,231755	-0,820549
0,043086	-0,172953	-0,738800
-0,056510	-0,096223	-0,765344
-0,089263	-0,041542	-0,823921
-0,110668	-0,035150	-0,740534
-0,119186	0,006353	-0,582856
-0,074280	0,031901	-0,296779
0,018152	0,047543	0,057548
0,094966	0,084006	0,466461
0,061605	0,094024	0,693029
-0,057979	0,101074	0,850347
-0,135446	0,103845	0,975248
-0,184016	0,033271	0,974607
-0,128048	0,012261	0,951109
-0,051681	-0,050530	0,968700
0,010364	-0,161091	1,002890
0,081069	-0,243790	1,023540
0,053369	-0,286011	0,950985
0,004389	-0,303515	0,827829
-0,064482	-0,264834	0,709188
-0,125328	-0,226234	0,570230
-0,175922	-0,179071	0,384358
-0,220229	-0,092500	0,170536
-0,219274	-0,011756	-0,027341
-0,153398	0,063386	-0,176060
-0,063331	0,126368	-0,269169
0,024982	0,172921	-0,210550
0,122464	0,176642	-0,183760
0,145847	0,115447	-0,149889
0,102322	0,108642	-0,154384
0,080893	0,109900	-0,153194
0,028325	0,096538	-0,145541
-0,011812	0,080099	-0,197830
-0,036269	0,052592	-0,272229
-0,081688	0,047823	-0,350901
-0,099823	0,033462	-0,329561
-0,085608	0,021984	-0,235878
-0,113494	0,036740	-0,181049
-0,119530	0,081113	-0,098868
-0,111909	0,157786	-0,066644
-0,048340	0,205709	-0,080133
-0,022388	0,268961	-0,158919
-0,057180	0,370308	-0,293761
0,004060	0,435114	-0,274279
0,048256	0,465889	-0,421498
0,083612	0,510614	-0,486588
0,078388	0,492768	-0,444825
0,071329	0,483277	-0,367348
0,094404	0,441211	-0,380072
0,159801	0,361588	-0,456328
0,214999	0,302673	-0,542235
0,160500	0,270874	-0,576476
0,083393	0,313428	-0,629736
0,056180	0,375230	-0,683830
-0,007730	0,446717	-0,664863
-0,164204	0,477076	-0,748321
-0,253946	0,505208	-0,829467
-0,282649	0,484611	-0,800524
-0,301766	0,504522	-0,643288
-0,330475	0,499394	-0,428436
-0,245228	0,490494	-0,260388
-0,126272	0,491992	-0,204477
-0,007170	0,540115	-0,202852
0,074708	0,570959	-0,096205
0,082752	0,496025	-0,030027
0,063333	0,442792	0,088026
0,010444	0,381052	0,220775
0,010272	0,400606	0,386349
0,057058	0,437318	0,455600
0,058098	0,401576	0,433437
0,055096	0,434261	0,411875
0,063230	0,410617	0,509542
0,012278	0,359145	0,468925
-0,036149	0,363928	0,311932
-0,046156	0,392656	0,266782
-0,030223	0,366798	0,131064
-0,011727	0,299188	-0,056037
0,048077	0,280525	-0,231573
0,045163	0,333599	-0,372966
0,029429	0,350193	-0,438192
-0,000395	0,381668	-0,489421
0,008302	0,452820	-0,660641
0,024830	0,524109	-0,669296
0,024662	0,547607	-0,688660
0,031216	0,566418	-0,723315
-0,001846	0,606370	-0,729006
0,021509	0,629700	-0,740260
0,113936	0,566968	-0,769381
0,211815	0,473692	-0,628920
0,279584	0,410557	-0,466735
0,212180	0,284391	-0,286242
0,115154	0,237083	-0,111196
0,073923	0,268194	0,070016
0,092659	0,344804	0,265742
0,057843	0,325648	0,352413
-0,038955	0,330428	0,337484
-0,113525	0,407995	0,302544
-0,109008	0,485368	0,259272
-0,079553	0,514711	0,219869
-0,078962	0,535304	0,205583
-0,102440	0,501986	0,108924
-0,133661	0,500234	-0,048860
-0,127046	0,513187	-0,148255
-0,065235	0,510147	-0,294825
-0,025382	0,478027	-0,424520
0,017048	0,444678	-0,578080
0,073014	0,404583	-0,664527
0,091931	0,346652	-0,609197
0,090781	0,240932	-0,563017
0,079327	0,200399	-0,612267
0,133371	0,153618	-0,556842
0,218745	0,137262	-0,368862
0,205648	0,083955	-0,166758
0,108976	0,070997	-0,072114
0,073766	0,186082	0,017003
0,015922	0,245582	0,042338
-0,036103	0,281707	0,088460
-0,079639	0,336450	0,205790
-0,092447	0,402278	0,278596
-0,115132	0,397481	0,288966
-0,138077	0,397477	0,271395
-0,183252	0,409913	0,206581
-0,201179	0,404554	0,170050
-0,179144	0,334178	0,141789
-0,125115	0,270211	0,075126
-0,086688	0,216169	0,027533
0,025461	0,133665	0,029692
0,067293	0,086827	0,055357
0,078737	0,041691	0,050987
0,078309	0,048672	0,045575
0,058814	0,114597	0,041245
0,009698	0,112747	0,115357
0,006806	0,089233	0,150709
0,010230	0,074267	0,260386
0,043621	0,041213	0,327059
0,048300	0,024353	0,365077
0,043438	0,044384	0,313131
0,019418	0,064231	0,151873
0,051936	0,051385	0,082228
0,111458	0,008552	0,020775
0,103534	0,009710	-0,056170
0,072293	0,024052	-0,088027
0,059739	-0,009494	-0,045520
0,080359	0,002940	-0,074721
0,048968	0,026302	-0,071276
-0,015416	0,025827	-0,045522
-0,079374	-0,001372	-0,041215
-0,108506	0,014234	-0,011903
-0,126075	-0,007765	0,045068
-0,073089	0,025392	0,024568
-0,028784	0,034669	-0,054089
-0,007695	0,027735	-0,065305
-0,000419	0,025069	-0,124070
-0,024273	0,032506	-0,213221
-0,030905	0,028874	-0,240486
0,012617	0,010648	-0,127264
0,015843	-0,017336	0,062910
0,009806	-0,026320	0,133653
0,059554	-0,005736	0,255360
0,063927	0,007862	0,399650
0,056891	-0,007114	0,410698
0,045513	-0,008572	0,380280
0,032577	-0,018344	0,377966
0,040417	-0,045315	0,384734
-0,015542	-0,058286	0,450476
-0,042121	-0,043760	0,435076
-0,039446	0,005214	0,423719
0,006749	0,026205	0,287267
0,036051	-0,000105	0,159904
-0,030534	0,034388	-0,018610
-0,102003	0,114669	-0,188228
-0,089269	0,172179	-0,313387
-0,012040	0,201904	-0,344557
0,047839	0,154821	-0,333104
0,094765	0,079802	-0,319157
0,115082	0,042772	-0,344388
0,104517	0,004530	-0,351170
0,097981	0,004576	-0,324039
0,127225	-0,015492	-0,309988
0,172642	-0,052616	-0,195317
0,235794	-0,081350	-0,070060
0,268128	-0,124455	0,061749
0,298779	-0,160856	0,201670
0,329050	-0,161253	0,341377
0,261324	-0,123253	0,417719
0,199477	-0,071783	0,388753
0,085839	-0,053606	0,326334
-0,032843	-0,074489	0,267769
-0,104802	-0,032772	0,343500
-0,141300	-0,016635	0,452925
-0,135074	-0,004690	0,491625
-0,125295	0,005818	0,485243
-0,167265	0,021891	0,580687
-0,186485	0,051033	0,495201
-0,129083	0,058063	0,385626
-0,057295	0,047415	0,272099
-0,011363	0,001543	0,101810
0,000492	-0,021752	-0,068918
0,000393	-0,030817	-0,166219
0,012766	-0,054341	-0,303446
0,012117	-0,072196	-0,411311
0,021193	-0,083611	-0,389376
0,021739	-0,135847	-0,339272
0,081564	-0,187205	-0,269501
0,130363	-0,257979	-0,209864
0,147394	-0,311730	-0,138204
0,071943	-0,303022	-0,006168
-0,000868	-0,316160	0,148288
-0,069640	-0,327623	0,265163
-0,132335	-0,273585	0,373972
-0,138425	-0,217916	0,523274
-0,188315	-0,149431	0,594840
-0,176507	-0,074537	0,650164
-0,148859	-0,041429	0,593874
-0,120052	-0,037928	0,477015
-0,092208	-0,024605	0,392147
-0,083349	0,028204	0,298398
-0,058061	0,053203	0,203281
-0,045485	0,072250	0,069730
-0,037352	0,066430	-0,076382
0,010341	0,072297	-0,118564
0,049459	0,054957	-0,246157
0,047233	0,090889	-0,376979
0,023419	0,094745	-0,430868
0,010117	0,095901	-0,473027
0,020545	0,060449	-0,521110
0,001104	-0,009112	-0,553839
0,000883	-0,019728	-0,520647
0,008372	-0,096227	-0,336061
0,008614	-0,080815	-0,166384
0,033710	-0,023478	-0,071815
0,061441	-0,013033	0,207830
0,029036	-0,033412	0,410466
0,025145	-0,042049	0,507463
0,009581	-0,022153	0,708595
0,010546	0,006228	0,843646
0,003639	0,074892	0,816653
-0,014325	0,084804	0,714615
0,023025	0,051571	0,670337
0,055761	-0,003763	0,584145
0,093449	-0,048018	0,474982
0,148502	-0,060436	0,330193
0,150406	-0,045480	0,169342
0,119372	-0,052668	0,078003
0,090701	-0,076607	0,007825
0,023720	-0,054584	-0,034927
-0,026031	-0,066653	-0,131372
-0,097436	-0,097378	-0,203731
-0,147859	-0,068320	-0,253976
-0,110633	-0,043169	-0,309479
-0,073174	-0,030702	-0,270569
-0,052802	-0,034132	-0,265296
-0,060430	-0,060826	-0,290765
-0,043559	-0,086966	-0,302522
-0,023360	-0,094476	-0,317677
-0,045495	-0,135920	-0,350870
-0,026826	-0,095320	-0,353475
-0,044446	-0,051354	-0,313432
