0,116150	0,770920	9,438431
0,143677	0,779297	9,528214
0,116150	0,843933	9,612015
0,123322	0,882248	9,732925
0,225082	0,928940	9,783203
0,289719	0,994781	9,997482
0,373520	1,102509	10,205780
0,456116	1,170746	10,293167
0,428589	1,236588	10,465546
0,399857	1,297638	10,580475
0,374725	1,377853	10,691803
0,286133	1,417358	10,783981
0,220291	1,467636	10,849823
0,120941	1,547836	10,931213
-0,017929	1,592133	11,025787
-0,171158	1,665146	11,050934
-0,339951	1,736984	11,179016
-0,462051	1,820770	11,365768
-0,623657	1,874649	11,438797
-0,787659	1,947662	11,702148
-0,961243	2,026672	11,940369
-1,131226	2,116455	12,155853
-1,199463	2,270889	12,330627
-1,223404	2,406158	12,455124
-1,237778	2,468399	12,622726
-1,235382	2,521072	12,742432
-1,224609	2,586914	12,840591
-1,193481	2,636002	13,228455
-1,118073	2,652756	13,659409
-0,943283	2,716202	14,068817
-0,815201	2,886200	14,413589
-0,788864	2,981964	14,789474
-0,685913	2,929291	15,167755
-0,594925	2,853867	15,736389
-0,666763	2,837112	16,457031
-0,734985	2,851486	17,186066
-0,900192	2,907745	17,766663
-1,147995	2,912537	18,238327
-1,295242	2,925705	18,650131
-1,132431	2,847885	19,011658
-0,824768	2,598892	19,292969
-1,022293	2,693466	19,802933
-1,302414	2,901764	20,108200
-0,915756	2,802399	19,818497
-0,819992	2,846695	19,872360
-0,685913	2,839508	20,063904
-0,348328	2,807190	20,078262
0,037140	2,782043	20,012421
0,389084	2,778458	19,795746
0,639282	2,773666	19,445007
0,769760	2,797607	19,100235
0,900253	2,761703	18,656113
1,107346	2,747330	18,161713
1,286911	2,717407	17,617035
1,448517	2,710220	17,052002
1,565842	2,785645	16,534851
1,628082	2,814362	15,759125
1,450912	2,886200	14,666168
1,104950	3,104065	13,836578
0,632095	3,494324	13,870102
0,374725	3,640366	14,378876
0,408234	3,622406	14,722443
0,610550	3,580521	14,927139
1,059464	3,180679	14,739197
1,052277	3,195053	14,661392
0,779343	3,424896	14,742783
1,525131	3,099274	13,917984
2,091370	2,932877	13,390060
2,527100	2,825150	12,678986
2,961655	2,591705	11,662643
3,380646	2,298416	10,521805
3,627243	2,094910	9,361816
3,696671	1,957245	8,199432
3,248962	2,273285	7,643982
2,750961	2,472000	6,844315
2,510345	2,436081	5,921356
1,904617	2,586914	5,313232
1,088196	2,979568	5,063034
0,441757	3,288422	4,817627
-0,088562	3,714584	4,629684
-0,417755	4,022247	4,506378
-0,232208	3,772049	4,216675
-0,108902	3,457214	4,153229
-0,178345	3,251312	4,003601
-0,317200	3,057373	3,774948
-0,615280	3,072937	3,548706
-0,922943	3,161530	3,389481
-1,285660	3,356659	3,302094
-1,607681	3,550583	3,130905
-1,885406	3,910919	2,759811
-1,801605	3,925278	2,300125
-1,176727	3,262085	2,014023
-0,688309	2,699448	1,745865
-0,508743	2,536636	1,407089
-0,387833	2,549805	1,178436
-0,320801	2,595306	1,033585
-0,301636	2,641983	0,849243
-0,259750	2,651566	0,559540
-0,179535	2,646774	0,153717
-0,026306	2,525864	-0,265259
0,055099	2,413345	-0,667496
0,114944	2,361862	-1,201401
0,190369	2,323563	-1,634750
0,294510	2,286453	-2,008240
0,246628	2,249344	-2,388916
0,293320	2,193069	-2,773193
0,265778	2,143997	-3,149078
0,143677	2,129623	-3,471100
-0,094543	2,140396	-3,739258
-0,294464	2,171524	-3,972687
-0,490784	2,218216	-4,300690
-0,693100	2,244553	-4,489838
-0,857101	2,234970	-4,619125
-0,987579	2,195465	-4,778336
-1,122849	2,136810	-5,058456
-1,188690	2,121246	-5,215271
-1,229401	2,163147	-5,361328
-1,227005	2,145187	-5,564835
-1,118073	2,088928	-5,712067
-0,980392	2,051819	-5,850937
-0,794846	1,981186	-5,753967
-0,639221	1,859085	-5,574402
-0,515930	1,710648	-5,390060
-0,396210	1,538254	-5,252380
-0,283691	1,417358	-5,058456
-0,288467	1,406570	-4,741226
-0,345932	1,523895	-4,546097
-0,430923	1,630432	-4,350967
-0,523102	1,744156	-4,155838
-0,622467	1,832748	-4,109161
-0,715836	1,885422	-4,080429
-0,853500	1,995544	-3,904449
-0,954056	2,154770	-3,836212
-1,022293	2,360672	-3,750031
-1,096512	2,528259	-3,588409
-1,104904	2,685089	-3,424408
-1,086945	2,874222	-3,258011
-1,182709	3,072937	-3,067673
-1,204254	3,244125	-2,837830
-1,174332	3,456009	-2,640320
-1,179123	3,683456	-2,379349
-1,023499	3,855850	-2,093231
-0,954056	4,097656	-1,914871
-0,841537	4,328705	-1,805939
-0,565002	4,467560	-1,591660
-0,196304	4,534607	-1,337860
-0,016739	4,649521	-1,091263
0,126923	4,906906	-0,912903
0,287338	5,141525	-0,696228
0,378311	5,402496	-0,610031
0,438171	5,652695	-0,687836
0,958908	5,388138	-0,772842
1,297684	5,181030	-0,677063
0,302887	6,490662	-0,544189
0,295715	7,064072	-0,566940
0,828415	6,938385	-0,469971
1,276138	6,714523	-0,456802
1,514359	6,682205	-0,588486
1,596954	6,895279	-0,557358
2,270935	6,411652	-0,709381
3,041855	5,682617	-0,635162
0,749405	7,963104	-0,361038
0,162827	9,063232	-0,370605
0,739838	8,759171	-0,420883
1,246216	8,233643	-1,090073
1,622101	7,899658	-1,586868
1,534714	8,087601	-1,657486
1,381485	8,404831	-1,598831
1,324020	8,678970	-1,749664
1,285721	8,807053	-1,391739
1,321625	8,893250	-1,085281
1,252197	9,206894	-0,924866
1,242615	9,351730	-0,552567
1,307266	9,465454	-0,071335
1,482040	9,569611	0,508057
1,618515	9,860504	0,802551
1,653229	10,243576	1,021622
1,802856	10,570389	1,196396
2,173965	10,773895	1,214355
2,528305	11,064789	1,080276
2,821594	11,325760	0,851624
3,057419	11,522079	0,591858
3,260925	11,726791	0,399124
3,533875	11,896774	0,160904
5,091293	10,813400	-0,228149
6,426071	9,949097	-0,553772
5,468384	11,540039	-0,885361
4,807587	13,169296	-0,837479
4,218613	14,735092	-0,760864
3,896591	15,910645	-0,831497
3,362686	16,959305	-1,214569
4,012711	16,900650	-1,598831
5,893356	15,574265	-1,676651
7,483109	14,592636	-1,437225
8,239670	14,650101	-1,258865
8,395294	15,355194	-0,964371
8,364166	16,170425	-0,754883
8,512619	16,664825	-0,709381
8,880127	16,758194	-0,776428
9,330231	16,783340	-0,764450
9,653442	16,900650	-0,428070
9,769562	17,119720	0,014862
9,752808	17,357941	0,248291
9,836609	17,465683	0,517639
9,934769	17,486038	0,988098
9,970688	17,505188	1,401093
9,970688	17,378296	1,693192
9,868927	17,168808	1,787766
9,615143	16,954529	1,814102
9,251221	16,734253	1,715942
8,726898	16,559479	1,511230
8,282761	16,378723	1,349625
7,961945	16,135712	1,373566
7,589645	15,810089	1,578278
7,244888	15,442581	1,784180
6,910889	15,139725	1,943390
6,451202	14,850021	1,969727
5,937653	14,549545	1,991272
5,450424	14,255066	1,935013
5,015884	13,964172	1,814102
4,596893	13,706787	1,766220
4,268890	13,433853	1,844025
4,042633	13,107040	2,011627
3,860672	12,792206	2,249847
3,689499	12,509689	2,564682
3,493164	12,169708	2,822052
3,231003	11,844101	2,886703
2,995178	11,445465	2,778961
2,815613	11,022888	2,636505
2,654007	10,708054	2,368362
2,522324	10,435120	2,088242
2,243393	10,232803	1,721924
2,003967	10,071198	1,391525
1,853134	9,843750	1,134140
1,740616	9,587570	0,915070
1,599350	9,271530	0,633759
1,501190	8,921982	0,335678
1,496399	8,662201	-0,024643
1,292892	8,491028	0,244705
0,832016	8,625092	-0,124008
0,457321	8,681366	-0,241318
0,247833	8,493408	-0,334702
0,074249	8,145065	-0,408920
-0,089752	7,896057	-0,279633
-0,300446	7,711700	-0,109634
-0,569794	7,564468	0,054367
-0,740982	7,451935	0,011261
-0,815201	7,319061	0,032806
-0,894211	7,150269	0,079498
-0,967224	6,908447	0,092667
-1,049835	6,609177	0,018448
-1,216232	6,417648	-0,084503
-1,454453	6,294342	-0,320328
-1,727386	6,244064	-0,578903
-2,048218	6,177017	-0,826706
-2,357071	6,169846	-1,108017
-2,614441	6,155472	-1,342651
-2,810760	6,149490	-1,543762
-2,987930	6,102798	-1,780792
-3,283615	6,039352	-1,943604
-3,485931	5,862183	-2,065704
-3,633179	5,664673	-2,234497
-3,861816	5,555725	-2,364975
-4,055756	5,515030	-2,603195
-4,144333	5,446793	-2,789948
-4,191025	5,451584	-3,007828
-4,283203	5,438416	-3,327454
-4,438828	5,389328	-3,720093
-4,520218	5,242096	-4,033737
-4,534592	5,044571	-4,322235
-4,582474	4,885345	-4,440750
-4,733307	4,793182	-4,518570
-4,926041	4,770432	-4,657425
-5,143921	4,720154	-4,779526
-5,301926	4,661499	-4,895645
-5,477905	4,552551	-4,987823
-5,702957	4,467560	-5,071625
-5,963928	4,479538	-5,218872
-6,180603	4,635162	-5,336182
-6,355377	4,691422	-5,483429
-6,519379	4,760849	-5,609116
-6,655853	4,827896	-5,730026
-6,763596	4,788391	-5,828186
-6,805496	4,701004	-5,900024
-6,821060	4,639954	-5,898819
-6,922806	4,627975	-5,840164
-7,067657	4,610016	-5,783905
-7,177795	4,529816	-5,788681
-7,273560	4,416092	-5,773132
-7,320251	4,316727	-5,752777
-7,307083	4,267654	-5,771927
-7,302292	4,236526	-5,828186
-7,386078	4,248489	-5,809036
-7,492630	4,292786	-5,849747
-7,511780	4,361023	-5,969452
-7,534531	4,465164	-5,928741
-7,522552	4,606430	-5,817413
-7,484253	4,780014	-5,679749
-7,352570	5,001465	-5,810242
-7,132294	5,257645	-5,835373
-6,971893	5,509048	-5,858124
-6,862946	5,735291	-5,862915
-6,706131	5,951965	-5,785095
-6,540939	6,112381	-5,721649
-6,427200	6,279968	-5,627075
-6,305099	6,408066	-5,520538
-6,203354	6,501434	-5,398438
-6,059692	6,554108	-5,157822
-5,874146	6,605591	-4,844177
-5,658661	6,670227	-4,340195
-5,437210	6,815079	-3,784744
-5,171448	6,963516	-3,278366
-5,032578	7,155060	-2,846207
-4,881744	7,314270	-2,505035
-4,753662	7,521362	-2,230911
-4,668671	7,666214	-2,019012
-4,595642	7,785934	-1,953171
-4,592056	7,914017	-2,027390
-4,599228	8,031342	-2,015427
-4,606415	8,173782	-2,021408
-4,594452	8,359344	-2,020218
-4,627960	8,516159	-2,008240
-4,615997	8,669388	-1,978317
-4,532196	8,797485	-1,790375
-4,401718	8,898041	-1,530594
-4,244888	9,102737	-1,135559
-4,123978	9,318222	-0,672272
-3,970749	9,551651	-0,200623
-3,775635	9,725235	0,189636
-3,545792	9,768326	0,515244
-3,256088	9,768326	0,781006
-3,014267	9,767136	0,956970
-2,905334	9,860504	1,010849
-2,878998	10,069992	0,973740
-2,861038	10,263931	0,816910
-2,732956	10,399200	0,723541
-2,446854	10,443497	0,711563
-2,208618	10,508133	0,711563
-2,017090	10,651794	0,824097
-1,787247	10,840927	0,904297
-1,493958	10,967819	1,079086
-1,225800	11,054016	1,359207
-0,991165	11,111481	1,645309
-0,817596	11,178513	1,786560
-0,690704	11,218018	1,901489
-0,501556	11,183304	1,933807
-0,179535	11,147385	2,012817
0,284943	11,154572	2,174423
0,837997	11,170135	2,409058
1,319229	11,292236	2,678406
1,693924	11,517288	2,804108
1,999191	11,748337	2,664047
2,292480	11,923111	2,327652
2,570206	12,003311	1,894302
2,827576	12,020081	1,300537
3,071793	11,945847	0,734314
3,287262	11,848892	0,335678
3,398590	11,708832	0,034012
3,475204	11,598694	-0,230545
3,600906	11,452652	-0,361038
3,812790	11,257523	-0,323929
4,023483	11,036057	-0,243713
4,186295	10,791855	-0,122803
4,296417	10,563202	-0,041412
4,419724	10,323776	-0,007889
4,562180	10,123871	-0,027039
4,588516	10,000565	-0,095276
4,589706	9,905991	-0,214981
4,576538	9,793472	-0,377792
4,596893	9,651016	-0,501099
4,619644	9,569611	-0,588486
4,628021	9,542068	-0,742905
4,628021	9,413986	-0,900925
4,589706	9,300262	-1,026627
4,481979	9,235611	-1,125977
4,369446	9,202103	-1,173859
4,181503	9,181747	-1,232529
4,061798	9,163788	-1,292374
4,051010	8,996201	-1,315125
4,118057	8,838181	-1,343857
4,168335	8,724457	-1,322311
4,234177	8,650238	-1,167877
4,341919	8,542496	-0,976349
4,553802	8,414413	-0,831497
4,681885	8,328217	-0,714172
4,807587	8,256393	-0,668686
4,926102	8,220474	-0,738113
5,105667	8,145065	-0,803955
5,306778	8,000214	-0,836288
5,389374	7,902054	-0,905716
5,494720	7,848175	-0,988312
5,628799	7,693756	-1,172668
5,788010	7,564468	-1,404907
5,905319	7,471085	-1,620377
6,033417	7,420807	-1,781998
6,218964	7,343002	-1,935226
6,349457	7,232864	-2,002258
6,403320	7,122742	-2,101624
6,394943	7,094009	-2,229706
6,514648	6,977890	-2,333847
6,678650	6,880920	-2,481094
6,787582	6,845001	-2,709747
6,867798	6,846207	-2,971909
6,928848	6,813889	-3,292740
7,007858	6,733673	-3,717697
7,022217	6,715714	-4,219284
6,983917	6,663040	-4,747208
7,023422	6,573273	-5,305054
6,953979	6,531372	-5,803055
6,835480	6,533768	-6,333374
6,809143	6,457153	-6,736786
6,752869	6,339828	-7,195282
6,781601	6,259628	-7,584335
6,763641	6,206955	-7,809387
6,666687	6,145905	-7,981781
6,611618	6,072876	-8,120636
6,560135	6,011826	-8,084732
6,380569	6,032181	-7,935089
6,247696	6,035767	-7,732773
6,175873	6,008240	-7,450256
6,046585	6,001053	-7,153381
5,868210	5,975906	-6,884033
5,764069	5,997467	-6,619476
5,661118	6,046539	-6,322601
5,488739	6,112381	-6,164581
5,197845	6,191391	-6,141830
4,857864	6,232086	-6,224426
4,558594	6,247650	-6,356110
4,346695	6,222519	-6,341751
4,189880	6,222519	-6,160980
3,999542	6,229691	-6,047256
3,799622	6,217728	-5,847351
3,675125	6,144699	-5,609116
3,574570	6,126740	-5,372101
3,529083	6,082458	-5,096756
3,500351	6,028580	-4,717285
3,421341	6,045349	-4,339005
3,320786	6,089630	-3,936768
3,216644	6,084854	-3,575241
3,241776	5,977112	-3,259216
3,305222	5,834656	-3,146683
3,228607	5,871765	-3,023392
2,992783	6,088440	-2,817490
2,806030	6,284760	-2,588837
2,671951	6,398483	-2,356598
2,492386	6,375748	-2,165070
2,287689	6,313492	-2,029785
2,133255	6,290756	-1,951981
1,959686	6,384125	-1,805939
1,816025	6,452362	-1,641937
1,735825	6,508621	-1,408493
1,711884	6,538544	-1,141541
1,765747	6,554108	-0,891342
1,788498	6,649887	-0,681854
1,793289	6,763611	-0,428070
1,801666	6,873734	-0,107254
1,903412	6,935989	0,194427
1,977631	6,949158	0,418274
2,047073	6,974289	0,527222
2,048264	7,153854	0,711563
1,990799	7,356171	1,026413
1,917786	7,490250	1,332870
1,907013	7,568054	1,609390
1,901016	7,545319	1,798538
1,963272	7,510590	1,899094
2,003967	7,481857	2,035568
2,000381	7,451935	2,242661
2,105728	7,352585	2,434204
2,142838	7,309479	2,631714
2,078201	7,320251	2,814880
1,886658	7,332230	2,989655
1,635269	7,334625	2,987259
1,426971	7,235260	2,910645
1,182770	7,217300	3,136902
0,979263	7,213715	3,468491
0,915802	7,055695	3,739044
0,899048	6,980286	3,956909
0,811661	7,005417	4,244217
0,719482	6,974289	4,587784
0,641678	6,856979	4,932541
0,568649	6,758820	5,292877
0,475281	6,740860	5,528702
0,329224	6,722900	5,769318
0,270569	6,730087	6,108093
0,234665	6,728882	6,565399
0,147278	6,704941	6,819183
0,058685	6,622345	7,019089
-0,089752	6,573273	7,064590
-0,223831	6,518204	6,947266
-0,368683	6,400879	6,902969
-0,481201	6,296738	6,876633
-0,574585	6,178223	6,874252
-0,708664	6,088440	6,770096
-0,976807	6,028580	6,597717
-1,204254	5,942398	6,466034
-1,338333	5,837051	6,507935
-1,405365	5,729309	6,718628
-1,417343	5,641922	7,044235
-1,422134	5,641922	7,420120
-1,272491	5,597626	7,734955
-1,007935	5,476715	8,042618
-0,822388	5,398911	8,347870
-0,685913	5,328278	8,556168
-0,658371	5,280396	8,823120
-0,623657	5,200195	9,117615
-0,519516	5,052948	9,410904
-0,477615	4,920074	9,665878
-0,493179	4,820709	9,904114
-0,550644	4,788391	10,060928
-0,640427	4,823105	10,039383
-0,670349	4,784790	9,912491
-0,627258	4,754868	9,737717
-0,598526	4,665085	9,494705
-0,500366	4,619598	9,365417
-0,348328	4,556152	9,340271
-0,250168	4,489105	9,304367
-0,239395	4,414886	9,260071
-0,266922	4,383774	9,276825
-0,246582	4,310745	9,293579
-0,263336	4,240112	9,397736
-0,245377	4,150330	9,580887
-0,280090	4,074921	9,697006
-0,325577	3,964783	9,749680
-0,420151	3,818741	9,837067
-0,477615	3,691849	10,057343
-0,632050	3,641571	10,276413
-0,708664	3,645157	10,576874
-0,575775	3,561356	10,951569
-0,335159	3,416504	11,394501
-0,155594	3,355453	11,769196
-0,092148	3,299194	12,013397
-0,027512	3,283630	12,331833
0,102982	3,201035	12,560471
0,186768	3,045410	12,645462
0,009598	3,025055	12,718491
-0,229813	3,118439	12,695740
-0,466843	3,147156	12,627518
-0,654785	3,105270	12,572449
-0,825974	3,057373	12,477875
-0,993561	3,059769	12,319855
-1,120453	3,023865	12,086426
-1,171936	2,996323	11,911652
-1,011520	2,950836	11,687790
-0,804428	2,912537	11,460342
-0,594925	2,876617	11,303513
-0,446487	2,894577	11,244858
-0,318405	2,859863	11,380127
-0,227417	2,788025	11,583633
-0,183136	2,698242	11,858978
-0,195099	2,643188	12,084030
-0,198685	2,619247	12,182190
-0,282486	2,573746	12,169022
-0,369873	2,518692	12,145081
-0,415359	2,449249	12,006210
-0,429733	2,458832	11,818268
-0,427338	2,452850	11,595612
-0,362701	2,392990	11,408859
-0,349533	2,385803	11,164658
-0,318405	2,358276	10,900101
-0,192703	2,260117	10,688202
0,006012	2,112869	10,611588
0,153259	2,043442	10,593643
0,208328	1,983582	10,652298
0,190369	1,900986	10,658279
0,142487	1,841125	10,681030
0,171219	1,764511	10,531387
0,117340	1,663956	10,321899
-0,028702	1,626846	10,154297
-0,143631	1,574173	9,973541
-0,221436	1,529877	9,901718
-0,203476	1,437698	9,878967
-0,196304	1,400589	9,888550
-0,193909	1,400589	9,781998
-0,186722	1,349121	9,619202
-0,189117	1,268906	9,517441
-0,223831	1,175537	9,544983
-0,233414	1,089340	9,689819
-0,208267	1,013931	9,960373
-0,198685	0,921753	10,307526
-0,203476	0,897812	10,556534
-0,283691	0,852325	10,713348
-0,356705	0,762543	10,877350
-0,348328	0,717041	10,950378
-0,299255	0,694305	11,078461
-0,233414	0,733810	11,156281
-0,174744	0,768524	11,122757
-0,116089	0,731415	11,003052
-0,070602	0,708664	10,805527
-0,070602	0,683533	10,554138
-0,051453	0,696701	10,228516
-0,007156	0,754150	9,926849
0,105377	0,810425	9,750885
0,217896	0,780487	9,707779
0,246628	0,815216	9,598846
0,268173	0,797256	9,473145
0,299301	0,781693	9,445618
0,295715	0,817612	9,453995
0,268173	0,822388	9,482727
0,185577	0,861893	9,488708
0,110153	0,878662	9,527023
0,002426	0,849930	9,612015
-0,043076	0,847534	9,753265
-0,072998	0,870270	9,878967
-0,143631	0,845139	9,975937
-0,150803	0,849930	10,008255
-0,086166	0,918167	10,072891
-0,031097	0,895416	10,107620
-0,005951	0,864288	10,178238
0,039536	0,817612	10,275208
0,077835	0,812820	10,311127
0,177200	0,763733	10,368576
0,304092	0,770920	10,537369
0,393875	0,811615	10,647507
0,345993	0,793655	10,659485
0,286133	0,773315	10,612793
0,239441	0,731415	10,530197
0,155655	0,740997	10,400909
0,056290	0,785278	10,247681
0,050308	0,821198	10,084869
0,057495	0,836761	9,940018
0,165222	0,800842	9,755661
0,250229	0,809219	9,612015
0,284943	0,792465	9,462372
0,270569	0,831970	9,263657
0,334015	0,833160	9,195419
0,426193	0,797256	9,289993
0,425003	0,774506	9,438431
0,408234	0,774506	9,602432
0,347183	0,757751	9,656311
0,354370	0,735001	9,795166
0,423798	0,736206	9,855026
0,433380	0,709869	9,930450
0,372330	0,696701	9,934036
0,330429	0,677536	9,955582
0,272964	0,665573	9,973541
0,184387	0,670364	9,931641
0,193954	0,627258	9,886154
0,170013	0,663177	9,817917
0,123322	0,645218	9,760452
0,149658	0,621277	9,773621
0,172409	0,569809	9,816727
0,168823	0,554245	9,845444
0,167618	0,547058	9,792770
0,107773	0,524307	9,779602
0,134109	0,525513	9,744888
0,159241	0,514740	9,781998
0,154449	0,502762	9,813126
0,120941	0,529099	9,797562
0,073044	0,556641	9,770035
0,116150	0,484818	9,714966
0,131714	0,468048	9,746094
0,168823	0,451294	9,750885
0,179596	0,483612	9,749680
0,202332	0,505157	9,697006
0,221497	0,509949	9,688629
0,227478	0,494385	9,645538
0,193954	0,481216	9,710175
0,174805	0,475235	9,827499
0,146072	0,497986	9,878967
0,161636	0,530304	9,886154
0,192764	0,531494	9,887344
0,220291	0,482422	9,856216
0,221497	0,490799	9,895721
0,237061	0,463257	9,972336
0,234665	0,464462	10,022614
0,269379	0,508759	10,015442
0,262192	0,554245	10,022614
0,219101	0,519531	9,960373
0,134109	0,541077	9,895721
0,089813	0,562622	9,768829
0,077835	0,526703	9,692215
0,028763	0,569809	9,747284
-0,019119	0,585373	9,762848
0,001221	0,569809	9,784393
0,067062	0,603317	9,771225
0,094604	0,597336	9,833481
0,148468	0,599731	9,865799
0,214310	0,581772	9,889740
0,301697	0,612900	9,881363
0,343597	0,578186	9,823898
0,324448	0,550644	9,816727
0,247833	0,555435	9,792770
0,208328	0,629654	9,649124
0,155655	0,655991	9,615601
0,144882	0,644028	9,664688
0,146072	0,615295	9,708984
0,162827	0,617691	9,748489
0,201141	0,630859	9,680252
0,227478	0,624878	9,665878
0,250229	0,646423	9,627579
0,257401	0,648819	9,608429
0,282547	0,642822	9,647934
0,266983	0,648819	9,632370
0,220291	0,620087	9,635956
0,208328	0,621277	9,594055
0,252609	0,598541	9,589264
0,298111	0,594940	9,610825
0,323242	0,615295	9,610825
0,287338	0,602127	9,653915
0,265778	0,604523	9,617996
0,259796	0,593750	9,590469
0,223892	0,590149	9,649124
0,141281	0,596146	9,731720
0,058685	0,599731	9,762848
0,007217	0,609314	9,820312
-0,049057	0,586563	9,838272
-0,061020	0,575790	9,862213
-0,022720	0,574600	9,839462
0,067062	0,565018	9,789185
0,140091	0,561432	9,743698
0,178391	0,576981	9,716156
0,187973	0,592545	9,711380
0,185577	0,585373	9,661102
0,184387	0,569809	9,608429
0,160446	0,587753	9,504272
0,144882	0,614090	9,412094
0,196350	0,604523	9,426468
0,241837	0,614090	9,463577
0,265778	0,585373	9,507874
0,281342	0,569809	9,577301
0,305283	0,549454	9,583282
0,278946	0,549454	9,590469
0,231064	0,553040	9,614410
0,161636	0,557831	9,658707
0,096985	0,551849	9,649124
0,013199	0,570999	9,685043
-0,043076	0,576981	9,701797
-0,128067	0,579376	9,640747
-0,155594	0,581772	9,598846
-0,156799	0,584167	9,574905
-0,057434	0,557831	9,614410
0,031158	0,541077	9,641937
0,112549	0,509949	9,713776
0,100586	0,533890	9,776016
0,105377	0,519531	9,869385
0,141281	0,513535	9,978333
0,161636	0,520721	10,059738
0,130508	0,526703	10,125565
0,083832	0,491989	10,076492
0,046707	0,519531	10,036987
0,006012	0,539871	9,914886
-0,038284	0,568604	9,802353
-0,068207	0,606918	9,644333
-0,052643	0,620087	9,524628
0,013199	0,655991	9,483932
0,057495	0,646423	9,424072
0,114944	0,653595	9,426468
0,165222	0,628464	9,473145
0,155655	0,660782	9,418091
0,179596	0,721832	9,366608
0,195160	0,684723	9,386963
0,208328	0,705078	9,424072
0,246628	0,661987	9,479141
0,246628	0,638046	9,540192
0,217896	0,648819	9,620392
0,219101	0,658386	9,748489
0,184387	0,641632	9,872986
0,172409	0,651215	9,919662
0,107773	0,664383	9,871780
0,117340	0,659592	9,857422
0,185577	0,679932	9,825104
0,187973	0,672760	9,758057
0,148468	0,690704	9,706589
0,120941	0,696701	9,623993
0,118546	0,676346	9,570114
0,100586	0,688324	9,602432
0,116150	0,669159	9,661102
0,107773	0,694305	9,650330
0,177200	0,697891	9,681442
0,192764	0,720642	9,653915
0,235855	0,688324	9,653915
0,300507	0,682327	9,714966
0,290924	0,676346	9,774826
0,275360	0,705078	9,787994
0,262192	0,720642	9,682648
0,244232	0,657196	9,548569
0,199936	0,615295	9,547379
0,138885	0,622482	9,585678
0,074249	0,663177	9,625183
0,014389	0,673950	9,617996
-0,034683	0,694305	9,580887
0,016785	0,682327	9,632370
0,080231	0,654800	9,646729
0,116150	0,640427	9,716156
0,158051	0,605713	9,823898
0,178391	0,658386	9,811935
0,156845	0,659592	9,776016
0,160446	0,624878	9,822708
0,217896	0,588959	9,905304
0,229874	0,594940	9,914886
0,192764	0,623672	9,880173
0,150864	0,633255	9,783203
0,095795	0,651215	9,679047
0,093399	0,638046	9,668274
0,102982	0,599731	9,707779
0,088608	0,639236	9,679047
0,125717	0,671555	9,639542
0,160446	0,652405	9,617996
0,237061	0,655991	9,613205
0,286133	0,647614	9,592865
0,283737	0,650009	9,524628
0,296906	0,652405	9,492310
0,244232	0,663177	9,481537
0,231064	0,644028	9,428864
0,226273	0,644028	9,453995
0,203537	0,676346	9,504272
0,184387	0,696701	9,530609
0,148468	0,684723	9,565323
0,091003	0,697891	9,608429
0,104172	0,690704	9,632370
0,124527	0,684723	9,680252
0,122131	0,682327	9,737717
0,150864	0,653595	9,768829
0,185577	0,665573	9,734116
0,221497	0,683533	9,719757
0,288528	0,699097	9,700607
0,314865	0,720642	9,640747
0,334015	0,682327	9,552155
0,393875	0,647614	9,459976
0,353165	0,666763	9,457596
0,261002	0,652405	9,474350
0,245438	0,667969	9,568924
0,238251	0,691910	9,665878
0,261002	0,664383	9,764053
0,252609	0,657196	9,793976
0,308884	0,678741	9,790390
0,317261	0,675156	9,832275
0,378311	0,654800	9,850235
0,320847	0,628464	9,801163
0,262192	0,646423	9,767639
0,186768	0,642822	9,719757
0,135300	0,640427	9,693420
0,056290	0,684723	9,640747
0,059875	0,663177	9,663483
0,087418	0,639236	9,705383
0,093399	0,636841	9,747284
0,092209	0,622482	9,776016
0,122131	0,611710	9,776016
0,149658	0,608109	9,764053
0,203537	0,604523	9,729324
0,199936	0,621277	9,731720
0,225082	0,597336	9,699402
0,221497	0,644028	9,641937
0,215500	0,617691	9,558151
0,263382	0,620087	9,527023
0,276550	0,654800	9,533005
0,272964	0,632050	9,495895
0,266983	0,617691	9,544983
0,262192	0,618881	9,548569
