6,383684	3,084426	2,944325
5,184523	2,567138	2,436869
4,153368	2,065197	2,011739
3,386854	1,631089	1,716654
2,744921	1,247413	1,154976
2,141347	1,137750	0,623260
1,701591	0,914033	0,835718
1,437884	0,516712	0,547908
0,989419	0,586709	0,096432
0,760883	0,370723	0,579928
0,599136	0,219967	0,032021
0,335656	0,420175	0,133844
0,344172	0,130244	0,295735
0,125948	0,289987	-0,302584
0,050954	0,231989	0,273167
0,022574	0,067794	-0,288083
-0,103571	0,266845	-0,142368
0,035893	-0,083412	0,090097
-0,035446	0,054902	-0,401970
0,046338	-0,057592	0,309527
0,161570	-0,232829	0,015871
0,158944	-0,015792	0,277968
0,370404	-0,294188	0,670568
0,323142	-0,123302	0,198392
0,311187	-0,135995	0,832921
0,392602	-0,309907	0,437455
0,261408	0,002989	0,362415
0,284786	-0,178615	0,663430
0,137802	-0,045211	-0,068768
0,002026	0,123768	0,316568
0,054294	-0,123166	0,052144
-0,082016	0,131301	-0,369137
-0,101050	0,021728	0,129898
-0,138299	-0,032423	-0,463025
-0,241852	0,191457	-0,349351
-0,097705	-0,039327	-0,102308
-0,152871	0,046114	-0,310728
-0,151020	0,100099	-0,194005
-0,042288	-0,153600	-0,104435
-0,220574	0,100265	0,140549
-0,148688	-0,157300	0,248425
-0,259734	0,001540	-0,140285
-0,268115	0,062523	0,153055
-0,150331	-0,026605	0,043916
-0,127931	0,050542	-0,160241
-0,130116	0,125675	-0,241193
-0,115580	0,142679	-0,259031
-0,048409	0,119881	-0,163170
0,026385	0,078668	-0,015619
0,065163	0,018879	0,090935
0,057880	-0,053842	0,285346
0,067373	-0,082344	0,430352
0,122856	-0,085980	0,439094
0,133710	-0,072617	0,442254
0,108884	-0,047559	0,445734
0,049766	-0,025596	0,408309
0,050347	-0,042511	0,272057
0,098689	-0,042626	0,053888
0,148860	-0,005366	-0,193437
0,184213	0,029228	-0,523463
0,178974	0,094244	-0,685006
0,128812	0,134770	-0,726130
0,046555	0,125065	-0,663265
0,005640	0,083767	-0,559347
0,022700	0,053598	-0,521221
0,019125	-0,004997	-0,456234
-0,072811	-0,026984	-0,430112
-0,145395	-0,021587	-0,368028
-0,188142	0,008585	-0,295386
-0,210853	0,029854	-0,189385
-0,158148	0,016217	-0,116071
-0,128435	0,012974	-0,071788
-0,145839	0,011343	-0,010507
-0,145406	-0,009126	0,025115
-0,155583	-0,030286	0,066063
-0,146500	-0,056786	0,166816
-0,090381	-0,086615	0,214861
0,082834	-0,131536	0,218813
0,266426	-0,168437	0,245913
0,365411	-0,190291	0,185243
0,393843	-0,197240	0,156813
0,358177	-0,163542	0,133116
0,248224	-0,105931	0,247264
0,185176	-0,057938	0,318478
0,074398	0,008239	0,363962
-0,056363	0,048730	0,393635
-0,140855	0,051435	0,335977
-0,178761	0,025828	0,193135
-0,263675	0,034066	0,009892
-0,295217	0,039704	-0,179794
-0,377910	0,033679	-0,371765
-0,492904	0,097806	-0,510974
-0,596398	0,151035	-0,627127
-0,687812	0,187869	-0,670256
-0,703472	0,231691	-0,698046
-0,651840	0,280165	-0,670485
-0,516687	0,267223	-0,600560
-0,285982	0,217611	-0,539824
-0,071730	0,206657	-0,553477
0,087233	0,195965	-0,459066
0,189501	0,220932	-0,283940
0,241615	0,308911	0,121444
0,319708	0,335239	0,742639
0,506682	0,354373	1,271186
0,836303	0,206887	1,681585
1,222582	-0,067205	2,218669
1,505739	-0,272111	2,627267
1,569472	-0,391029	2,541389
1,318786	-0,423919	2,223700
0,819433	-0,270178	1,790446
0,174797	-0,064837	1,262850
-0,709626	0,370470	0,600392
-1,537830	0,810658	0,002433
-2,105582	1,095755	-0,134052
-2,502324	1,299907	-0,271963
-2,658830	1,221884	-0,401445
-2,168250	0,839592	-0,310621
-1,144671	0,245514	0,168105
-0,126601	-0,221143	0,608532
0,529823	-0,391428	0,747312
0,955377	-0,452974	0,669676
1,278571	-0,530922	0,597997
1,541924	-0,444855	0,491800
1,746857	-0,303210	0,344600
2,132020	-0,280874	0,223959
2,637439	-0,396122	0,153313
3,161490	-0,465335	0,122650
3,563494	-0,491982	0,208252
3,657155	-0,462543	0,447205
3,349015	-0,393021	0,643152
2,880335	-0,339307	0,858333
2,345442	-0,209202	0,950021
1,841881	-0,185562	0,909418
1,301117	-0,180042	0,733284
0,723902	-0,153616	0,659405
0,153914	-0,164067	0,719064
-0,299208	-0,191593	0,713154
-0,613817	-0,265323	0,694071
-0,697914	-0,378897	0,528438
-0,595685	-0,528166	0,238875
-0,483250	-0,584386	0,003392
-0,335843	-0,528800	-0,193612
-0,224619	-0,363665	-0,278424
-0,146174	-0,239211	-0,405662
0,026712	-0,134875	-0,747820
0,283772	-0,118435	-1,090505
0,571781	-0,156039	-1,467131
0,843374	-0,203359	-1,768418
1,033831	-0,192375	-1,913685
1,100001	-0,232428	-1,988724
1,129952	-0,232866	-1,872534
1,244905	-0,212160	-1,760429
1,312916	-0,220485	-1,550079
1,281131	-0,256832	-1,346375
1,221231	-0,287827	-1,095288
1,139790	-0,333692	-0,873362
0,975039	-0,349302	-0,817440
0,712027	-0,311046	-0,825375
0,461406	-0,287154	-0,825022
0,199617	-0,291967	-0,860176
-0,034716	-0,313066	-0,854779
-0,224098	-0,339515	-0,838011
-0,297076	-0,409515	-0,926109
-0,301822	-0,426257	-1,055964
-0,332437	-0,439638	-1,143562
-0,248713	-0,491542	-1,143732
-0,139595	-0,492831	-1,108442
-0,036016	-0,445974	-1,076378
0,097603	-0,390300	-1,066046
0,182465	-0,353426	-1,030962
0,238867	-0,327748	-1,000978
0,229399	-0,302421	-0,960719
0,182568	-0,309930	-1,048214
0,198727	-0,329353	-1,158444
0,200155	-0,328594	-1,172873
0,263554	-0,307895	-1,174847
0,329593	-0,261636	-1,286557
0,414041	-0,231330	-1,408494
0,416462	-0,209014	-1,541468
0,450003	-0,204553	-1,684236
0,261370	-0,134919	-1,763991
-0,026501	-0,105054	-1,748290
-0,300839	-0,120445	-1,691686
-0,517442	-0,093475	-1,554460
-0,682105	-0,038391	-1,325929
-0,817669	0,018127	-1,208228
-0,810239	0,015466	-0,971368
-0,853135	0,025776	-0,721552
-0,922876	0,098197	-0,638533
-0,872383	0,054607	-0,611376
-0,751533	-0,013773	-0,686391
-0,619427	-0,037837	-0,712870
-0,474472	-0,063790	-0,738851
-0,266564	-0,097956	-0,691630
0,078838	-0,159761	-0,608858
0,353244	-0,198683	-0,567531
0,532546	-0,253758	-0,463595
0,583104	-0,251847	-0,390029
0,521073	-0,202430	-0,176037
0,452284	-0,103533	0,032511
0,366625	-0,081862	0,220417
0,260731	-0,087523	0,318070
0,155910	-0,139928	0,330115
0,034714	-0,171318	0,359856
-0,141747	-0,194513	0,328107
-0,348982	-0,184345	0,172471
-0,594261	-0,180985	-0,007592
-0,842206	-0,200342	-0,146857
-1,016611	-0,239753	-0,289861
-1,119747	-0,249261	-0,379374
-1,194590	-0,158235	-0,429915
-1,221907	-0,115101	-0,515356
-1,241844	-0,101651	-0,572221
-1,209918	-0,133042	-0,641651
-1,121157	-0,171546	-0,613883
-1,121986	-0,210979	-0,518877
-1,134137	-0,201352	-0,392116
-1,122788	-0,163950	-0,345297
-1,031348	-0,180965	-0,302092
-0,880620	-0,196481	-0,279979
-0,795475	-0,210810	-0,359970
-0,769498	-0,228988	-0,500586
-0,724778	-0,195641	-0,558489
-0,726344	-0,130658	-0,604811
-0,792720	-0,085374	-0,720397
-0,749105	-0,082655	-0,737206
-0,636626	-0,087193	-0,721919
-0,544738	-0,064017	-0,611055
-0,459728	-0,074199	-0,509914
-0,430038	-0,071799	-0,342807
-0,466614	0,015339	-0,192849
-0,489172	0,011319	-0,083405
-0,499554	0,004258	-0,031287
-0,562448	0,061829	-0,009710
-0,644367	0,151929	0,063093
-0,775027	0,254661	0,112730
-0,862319	0,279388	0,164879
-0,855529	0,272351	0,258319
-0,805089	0,234165	0,220058
-0,784855	0,183499	0,153061
-0,708329	0,194687	0,087024
-0,599219	0,217041	-0,007005
-0,420953	0,222473	-0,035291
-0,280268	0,271826	-0,061741
-0,186861	0,295037	-0,033121
-0,116933	0,344245	-0,013082
-0,015970	0,365423	0,064230
0,050432	0,345011	0,147148
0,133241	0,296114	0,188592
0,150648	0,231154	0,223652
0,102317	0,214611	0,260331
0,005243	0,262667	0,283924
-0,041778	0,285793	0,283633
-0,064062	0,264059	0,328420
-0,085734	0,215080	0,416923
-0,117428	0,165362	0,489642
-0,098727	0,095901	0,518130
-0,094302	0,087255	0,456643
-0,117580	0,076506	0,395001
-0,153439	0,025768	0,317918
-0,196494	-0,036844	0,224647
-0,258709	-0,057246	0,173968
-0,327634	-0,044845	0,162160
-0,409592	-0,016723	0,246562
-0,523999	0,042175	0,381124
-0,657664	0,037561	0,431315
-0,777999	0,041548	0,461885
-0,854162	0,082078	0,492091
-0,928495	0,143239	0,497103
-1,006151	0,194071	0,493459
-0,991676	0,274019	0,488615
-1,012653	0,298695	0,592967
-0,957595	0,334720	0,689852
-0,783325	0,320450	0,730007
-0,580688	0,226672	0,748727
-0,390808	0,156447	0,709113
-0,259021	0,134728	0,655401
-0,177517	0,116401	0,554008
-0,178415	0,114190	0,428839
-0,205940	0,101887	0,371807
-0,184857	0,070975	0,446835
-0,197690	0,117119	0,589231
-0,213694	0,199994	0,702183
-0,237996	0,279710	0,822232
-0,258390	0,307081	0,924021
-0,291942	0,277269	0,973848
-0,249838	0,208412	1,009889
-0,221892	0,139910	1,046376
-0,218700	0,136831	1,054483
