-0,274161	-2,920262	-1,895745
-0,219329	-2,336210	-1,516596
-0,359294	-2,190673	-1,190298
-0,586162	-2,817229	-1,051814
-0,491909	-2,644425	-0,726556
-0,523741	-2,115541	-0,619543
-1,031765	-1,677114	-0,618189
-1,759889	-2,168933	-0,295400
-2,158557	-3,067925	-0,129085
-2,071529	-3,725842	-0,172204
-1,672543	-3,378975	-0,229680
-1,146543	-2,879353	-0,566726
-0,672125	-2,050714	-0,399763
-0,530041	-1,387803	-0,120659
-0,454671	-0,757899	0,110283
0,003926	0,083050	0,448230
0,386124	0,924321	0,603693
0,699541	1,505422	0,521253
0,789423	2,353285	0,654451
0,800050	2,640933	0,822287
1,091959	2,985948	0,834002
1,394423	3,307916	0,728478
5,167259	8,931261	2,956026
4,899772	7,619907	2,732484
-0,131902	-0,189003	-0,187256
0,637464	0,561145	0,386370
5,050338	6,540234	2,266130
4,461551	6,250920	1,828223
-0,971126	-1,090581	-0,494455
4,580078	5,737407	1,185639
-1,332913	-1,253981	-0,609713
-0,668028	-0,804034	-0,135426
4,462552	5,200680	1,449883
-1,082249	-1,285062	0,329349
4,546956	4,533894	1,410622
-1,821148	-1,314397	0,586467
3,955837	4,510426	1,616316
3,014026	3,939497	1,648086
-3,210894	-2,243625	0,406086
-2,913400	-1,702984	0,945301
3,291395	4,032835	1,668623
-3,341342	-1,962144	0,537411
3,113124	3,686144	1,096958
-3,640383	-1,946940	0,210537
2,873891	3,698307	0,835459
1,985520	3,236793	0,716968
-4,236532	-2,638186	0,034116
-3,779868	-2,225444	0,463893
2,801054	3,447265	0,910573
1,673319	2,396347	1,160121
-4,447285	-3,362698	0,485492
1,483818	2,379338	1,156292
-4,482683	-3,503051	0,509478
-4,045725	-3,507128	0,254390
2,433157	2,600819	0,619066
-4,175131	-3,938638	0,049060
2,164411	2,422847	0,466568
1,455782	1,777425	0,266019
-4,339890	-4,151817	-0,214505
1,885079	2,254547	-0,095262
-3,795311	-3,956195	-0,573832
-2,837098	-3,601556	-0,773111
3,033696	2,878588	-0,120867
2,529226	2,278189	0,109950
-2,999280	-4,173028	-0,524390
-2,644533	-3,614170	-0,074827
2,907034	3,104244	0,552487
2,007259	2,567120	0,363411
-3,129123	-4,155823	-0,465172
-1,729674	-3,776577	-1,168741
2,983916	3,423208	0,035296
3,176076	2,646651	-0,316447
-1,826794	-4,327149	-1,223447
-0,841003	-3,630232	-0,802585
3,258531	3,774108	0,580253
3,020446	2,475451	0,839525
-1,514977	-4,697933	-0,550701
-0,920915	-4,049413	-0,241410
2,654535	3,664952	1,348455
2,338099	2,962600	0,803017
-1,520789	-4,534402	-0,899170
1,691092	3,305725	0,365633
-1,363358	-4,464839	-1,612045
-1,335795	-3,924215	-2,622415
1,647596	3,970047	-0,193381
-1,604966	-4,592111	-2,702666
0,579352	3,623345	0,035672
0,394545	2,791441	0,288966
-1,547689	-5,063881	-1,966632
-0,220875	3,135293	1,317956
-1,063762	-4,900293	-1,369659
-0,605901	-4,655561	-1,111046
0,402341	3,684079	1,535187
-0,350755	2,220121	0,918078
-0,035459	-5,617635	-1,877367
0,201422	-6,094975	-2,589564
-1,313550	2,350456	0,602853
-1,234672	0,539926	-0,191766
0,486950	-6,794495	-2,827918
0,335943	-6,063686	-1,864032
-2,252414	2,110838	1,102279
-1,901507	0,754193	1,877577
0,999963	-6,358432	-1,091443
0,217837	-6,105478	-0,298681
-3,213983	1,742096	2,242701
-3,153320	0,229410	1,855438
0,865597	-6,442950	-0,997295
0,248218	-5,859048	-1,356991
-3,773617	1,647289	1,290234
0,386483	-5,575850	-1,849176
-3,663005	1,873848	0,896485
-3,607178	1,021114	0,836744
1,433858	-5,307761	-1,649815
-3,563156	1,878443	1,129573
1,469076	-4,621898	-1,415552
-3,488549	2,534949	1,146204
1,566585	-4,058976	-1,430620
1,061777	-2,335682	-1,374285
-3,508002	4,218390	1,248155
-2,807959	4,337021	0,913122
1,974741	-2,683449	-1,692536
1,572133	-0,997813	-1,583819
-2,963401	5,354815	1,155979
1,926983	-0,888779	-2,049745
-2,148717	5,675139	1,033709
-1,680676	5,237140	0,076322
2,345763	-2,196451	-2,612448
-1,291917	5,533889	0,246494
2,104355	-2,174569	-2,652454
1,645186	-0,935392	-2,589201
-1,821740	5,853367	0,778288
-0,544950	5,355820	0,450950
2,003957	-2,538232	-2,646574
-0,392492	5,213583	0,683264
2,125924	-2,652021	-2,460722
0,478387	5,264291	0,745315
2,034002	-2,791492	-2,531262
2,002524	-2,294472	-2,446290
-0,049273	5,167347	1,170482
1,071574	4,117195	1,104649
1,665647	-3,845679	-2,266525
1,830395	-2,961648	-1,123852
1,497718	4,862744	2,141514
1,688392	4,464669	2,165130
1,317312	-3,660328	-1,308491
1,712579	-2,583578	-0,525937
2,411096	5,241008	2,236379
1,784023	-2,931233	-0,477383
2,468251	4,962884	2,275222
1,653575	-2,732451	-0,323754
2,363893	5,121910	2,398125
3,010644	4,016133	1,869547
0,539020	-4,067187	-0,752534
2,622416	4,110601	1,983169
0,228438	-3,991613	-0,661637
0,718925	-2,787330	0,029845
2,887597	5,013670	1,955929
2,953488	4,593070	2,353687
0,050334	-3,569078	-0,049103
0,959425	-3,031435	1,186261
3,339320	4,801782	2,594144
0,750746	-3,638273	1,448913
3,172377	4,316311	2,804266
3,328586	3,041119	3,080295
-0,040866	-4,788065	1,016271
3,153599	3,375188	2,919711
-0,180855	-4,520810	0,887805
3,092372	3,570803	2,518160
-0,257622	-4,361447	0,604913
0,376036	-3,435540	0,889892
3,032349	4,469657	2,121528
2,692340	3,147297	2,464630
-0,522404	-4,708423	0,499370
-0,463881	-4,034826	1,104184
2,305171	3,998399	2,355681
1,553536	2,929470	2,419401
-1,326677	-4,850884	0,150460
-1,582198	-4,416883	-0,331551
1,303749	3,660954	1,519820
0,297816	2,196034	0,977281
-2,206503	-5,371293	-1,400412
-2,354995	-4,166821	-1,503312
0,337679	3,740353	1,361415
-0,181776	3,405904	0,484020
-2,367096	-4,349086	-2,176849
-2,445171	-3,395012	-2,476805
-0,188212	4,245139	1,175436
-2,324456	-3,886743	-2,974837
-0,091640	3,851755	0,777011
-2,247198	-4,500176	-3,523366
-0,029834	3,361008	0,338187
-2,197753	-4,670645	-4,127193
-0,483689	3,091094	0,346312
-1,929552	-5,113039	-4,856989
-0,269129	2,737178	-0,237525
-1,002478	1,927181	-1,083222
-1,557408	-5,176496	-4,846986
-1,506355	-3,919067	-5,026536
-0,449658	3,582987	-0,040820
-1,319627	3,094014	-0,857899
-1,310806	-4,133630	-4,906176
-1,385669	-2,586896	-4,499414
-1,295382	4,424190	0,798869
-1,564821	4,060208	0,286751
-1,065011	-3,245541	-4,169000
-1,746217	4,009675	0,217893
-0,878088	-3,168578	-4,366873
-1,719233	4,492526	0,189808
-0,856501	-2,782297	-4,389341
-2,159885	4,445206	0,741247
-1,011529	-2,754876	-4,012066
-1,483272	-2,249859	-3,179014
-1,902997	4,511154	2,061852
-2,165732	3,746918	1,451823
-0,939686	-3,336606	-3,399138
-1,965929	3,879326	1,534900
-0,779844	-3,230680	-3,332677
-1,722294	4,604403	1,654677
-0,647079	-2,793076	-3,043035
-0,892986	-1,200408	-2,304214
-1,445145	5,516272	2,523406
-1,372740	5,674531	2,161794
-0,472517	-2,103158	-2,397429
-0,974463	6,078280	2,428324
-0,405252	-1,963705	-1,905731
-0,905331	6,090267	2,752746
-0,349945	-1,954116	-1,646194
-0,425489	-0,942861	-0,895675
-0,466276	6,146459	3,013463
-0,610469	5,085679	3,008223
-0,362491	-2,832204	-1,323424
-0,305312	-2,288742	-0,369371
-0,151972	5,077148	3,421773
-0,259812	-3,106851	-0,673466
-0,115572	4,422660	3,178498
0,099867	3,064943	2,724315
-0,204708	-4,427261	-1,581461
0,258709	2,701655	2,779151
-0,077635	-4,717891	-1,537592
0,423869	2,539131	3,013947
-0,100924	-4,818314	-1,388603
-0,134356	-4,038483	-0,559388
0,332533	3,618832	3,352250
-0,051437	-3,801360	-0,926469
0,509473	3,770545	3,112075
-0,012831	-3,963709	-1,394229
0,540359	3,640665	2,737867
0,702649	2,479673	2,016181
-0,044395	-4,778017	-2,318961
0,209593	-4,197737	-1,993042
0,774189	3,403566	2,337472
0,831968	2,568356	1,873834
0,060913	-4,659809	-2,513292
0,217243	-3,605293	-1,964676
0,768070	3,756424	2,563180
0,675734	3,173652	2,142460
-0,053689	-4,101737	-2,420953
0,064283	-3,495860	-2,036338
0,608916	3,732727	2,684283
0,770540	2,220217	2,178065
0,058942	-4,753242	-2,570901
0,976013	1,219782	2,404125
0,242593	-5,471244	-2,514567
0,331948	-4,821255	-1,927397
0,803776	2,590065	2,895949
0,645728	2,469378	2,332518
-0,032002	-4,416973	-2,648888
0,392769	3,678479	2,219620
-0,234369	-3,449692	-2,739206
0,350183	4,323755	2,120890
-0,295830	-2,850880	-2,929589
-0,144748	-2,296023	-2,450906
0,460178	4,473066	2,665576
0,531580	3,199330	2,022942
-0,168617	-3,647045	-3,143537
0,163833	-3,024871	-2,476531
0,761551	3,631520	2,971745
0,762434	2,499255	2,484631
-0,020537	-4,052013	-2,965265
0,136763	-3,739487	-2,119443
0,788991	2,927783	3,408191
0,815024	2,051160	2,902725
-0,027561	-4,278445	-2,781566
0,863730	2,335622	3,221254
-0,087560	-3,897540	-2,685672
0,578282	2,533110	3,022221
-0,315918	-3,739549	-2,844898
-0,229756	-2,830787	-2,038469
0,594739	3,501408	3,631900
0,555195	2,922819	3,271459
-0,398472	-3,335005	-2,735699
-0,134946	-2,729281	-2,104304
0,734671	3,489835	3,669424
1,066101	2,374845	3,799875
-0,046830	-3,647427	-2,434316
1,094035	1,627020	3,757648
-0,095419	-4,116545	-2,584088
0,878992	1,841518	3,538255
-0,267453	-3,944947	-2,759603
-0,282899	-3,010424	-2,245980
0,798722	2,960280	3,831382
0,638978	2,881421	3,256597
-0,513859	-3,063483	-3,022889
-0,457045	-2,190359	-2,632781
0,714484	3,514099	3,607584
0,686482	2,734682	2,380531
-0,530934	-3,078640	-3,809385
-0,424747	-2,692701	-3,514746
0,766553	3,078537	2,927883
0,620902	2,393892	2,227412
-0,609630	-3,317584	-3,957751
0,595666	2,800371	2,757241
-0,660454	-2,969033	-3,549136
-0,566662	-2,344588	-2,732074
0,683658	3,333659	3,569270
-0,628359	-2,350910	-2,960790
0,656549	3,316687	3,392628
-0,756552	-2,421511	-3,024179
0,553996	3,260205	3,341917
0,355838	2,630324	2,625844
-0,886783	-3,092336	-3,658853
-0,701767	-2,412592	-3,133893
0,610040	3,266522	3,252413
0,461131	2,915732	2,374106
-0,806287	-2,852479	-3,869868
-0,752264	-2,167088	-3,065256
0,580937	3,441936	3,323885
0,395813	2,868444	2,896558
-0,866098	-2,880852	-3,458844
-0,723517	-2,473194	-2,774735
0,610380	3,198343	3,553828
0,511283	2,413141	2,789445
-0,780167	-3,246386	-3,542060
-0,624134	-2,627747	-2,780030
0,697833	3,104785	3,520820
-0,753768	-2,447407	-2,874571
0,594126	3,249057	3,445188
0,419633	3,009673	2,858572
-0,874703	-2,826689	-3,430194
-0,929552	-2,200074	-2,866710
0,466768	3,474368	3,423684
-0,959550	-2,661744	-3,085340
0,453505	3,109801	3,242130
-0,927278	-2,942846	-3,154996
0,479323	2,884919	3,186405
0,356089	2,063831	2,562819
-0,939543	-3,589136	-3,658523
-0,736315	-2,871308	-2,635752
0,648071	2,958200	3,583589
0,464839	2,749542	3,058362
-0,865252	-3,055613	-3,245501
-0,784117	-2,459810	-2,726614
0,625428	3,299043	3,496703
-0,798337	-2,773190	-3,072124
0,614052	3,048339	3,220295
-0,753820	-2,966094	-3,186014
0,649665	2,894016	3,129183
0,582507	2,369663	2,517427
-0,795873	-3,394972	-3,639835
-0,606060	-2,685339	-2,873569
0,777031	3,142432	3,354921
0,601695	2,695033	2,717869
-0,783572	-3,154912	-3,459796
-0,642177	-2,401375	-2,767837
0,766486	3,402988	3,403934
0,628508	2,584517	2,554635
-0,777421	-3,256475	-3,574496
-0,583639	-2,689436	-3,058748
0,833651	3,185065	3,154618
0,697559	2,494435	2,600291
-0,742514	-3,341066	-3,521384
0,762156	2,748848	2,878106
-0,715804	-3,153685	-3,277833
-0,564984	-2,438692	-2,645246
0,873542	3,401810	3,464121
-0,588397	-2,577698	-2,900937
0,881819	3,309307	3,235064
0,690136	2,616807	2,641669
-0,800428	-3,278019	-3,442478
0,741374	2,737275	2,883559
-0,788617	-3,200509	-3,223459
-0,615575	-2,637004	-2,609406
0,889256	3,280726	3,442781
-0,670311	-2,742769	-2,883317
0,875227	3,214474	3,198153
-0,749592	-2,768174	-2,846708
0,811802	3,194151	3,227440
0,686028	2,797536	2,671441
-0,883920	-3,183086	-3,349908
-0,661178	-2,768599	-2,679926
0,933207	3,217983	3,323709
0,731246	2,536088	2,620670
-0,877152	-3,403992	-3,371115
0,785107	2,666406	2,841453
-0,874063	-3,325411	-3,157948
0,726302	2,775228	2,927731
-0,921107	-3,238354	-3,088925
-0,713907	-2,506426	-2,486459
0,931023	3,453395	3,441943
0,826673	2,734039	2,653679
-0,861387	-3,296245	-3,277229
-0,673791	-2,614017	-2,614123
0,983693	3,392262	3,308873
-0,705132	-2,754347	-2,676477
0,978001	3,296806	3,236346
-0,805664	-2,862839	-2,765472
0,897576	3,210013	3,165150
0,627453	2,622873	2,512751
-1,049113	-3,410890	-3,355617
-0,923546	-2,644455	-2,730452
0,828517	3,408452	3,161452
0,570898	2,925913	2,475544
-1,110636	-3,183286	-3,365378
-0,980425	-2,538970	-2,791878
0,800437	3,493935	3,106027
0,640350	2,779829	2,454183
-1,072497	-3,301248	-3,376183
-0,827359	-2,763553	-2,700946
0,941593	3,308198	3,179474
0,776254	2,592941	2,528260
-0,982478	-3,444687	-3,317623
0,876789	2,779272	2,709745
-0,923042	-3,296285	-3,165409
-0,669497	-2,537453	-2,432752
1,088875	3,489740	3,387003
-0,715075	-2,720251	-2,562325
1,072258	3,345883	3,274788
-0,717574	-2,967932	-2,865670
1,070258	3,147739	3,032112
0,931641	2,510401	2,329515
-0,913162	-3,513633	-3,456778
-0,722870	-2,764948	-2,857337
1,080178	3,309995	3,034520
0,898093	2,687157	2,410650
-0,943311	-3,365431	-3,397883
-0,754649	-2,585110	-2,672348
1,068772	3,436740	3,195848
0,862677	2,718754	2,633275
-0,982349	-3,329825	-3,227107
-0,778220	-2,732797	-2,612325
1,060740	3,301788	3,257765
0,825613	2,541855	2,575573
-1,022825	-3,454542	-3,287166
0,850698	2,772343	2,665277
-1,019038	-3,249165	-3,231725
-0,830550	-2,469118	-2,585380
1,035157	3,491745	3,295643
-0,840833	-2,673644	-2,689134
1,055070	3,295507	3,236740
-0,876021	-2,951209	-2,813974
1,026920	3,073455	3,136867
-0,898541	-3,013957	-2,863234
1,008904	3,023257	3,097460
-0,905294	-3,015817	-2,948377
1,013927	3,012689	3,035139
-0,965319	-2,976892	-2,988708
0,981727	3,048024	2,993521
-1,006899	-2,968140	-2,974351
0,948463	3,055026	3,005006
0,762310	2,544476	2,399378
-1,155333	-3,402497	-3,452698
-0,931926	-2,699019	-2,777478
1,019640	3,278862	3,150218
0,807735	2,589530	2,492594
-1,118676	-3,363532	-3,381183
-0,925579	-2,744443	-2,712606
1,029775	3,249724	3,193154
0,808501	2,668716	2,554523
-1,123438	-3,310306	-3,319620
0,907109	2,836284	2,727616
-1,049534	-3,192523	-3,162921
0,943254	2,961149	2,845316
-1,020618	-3,092631	-3,068761
0,939046	3,062780	2,879797
-1,034942	-3,017724	-3,030969
-0,896890	-2,475456	-2,470733
1,068666	3,487583	3,358220
-0,969544	-2,685541	-2,724827
1,024839	3,322398	3,147180
0,865829	2,642599	2,510084
-1,107811	-3,356752	-3,318974
