-0,077458	-0,025349	0,456885
0,417831	-1,974905	2,212872
0,340979	-1,626848	2,089206
0,326408	-1,384792	1,827469
0,267828	-1,166256	1,557739
0,141484	-0,916721	1,275879
0,014542	-0,711355	1,072424
-0,027636	-0,533648	0,885710
-0,001992	-0,414467	0,660680
-0,039899	-0,335406	0,462467
-0,056822	-0,242470	0,289530
-0,060777	-0,189191	0,171285
-0,013185	-0,130283	0,131278
0,060314	-0,075491	0,110772
0,051132	-0,023040	0,092450
0,122302	0,016993	0,124717
0,200320	0,044246	0,132329
0,225368	0,055502	0,184403
0,329696	0,052068	0,183911
0,405493	0,070390	0,129892
0,353130	0,068763	0,037826
0,330380	0,084698	-0,117212
0,344748	0,050522	-0,248921
0,329436	-0,010352	-0,363858
0,307604	-0,057122	-0,506565
0,276723	-0,038032	-0,769168
0,100712	0,009797	-1,010854
-0,097556	0,107435	-1,116105
-0,210210	0,234385	-1,034619
-0,258183	0,351277	-0,809495
-0,304239	0,439042	-0,405298
-0,273079	0,472852	-0,016829
-0,161957	0,427122	0,308314
0,043775	0,331163	0,626852
0,246665	0,265895	0,881682
0,372589	0,265389	0,908373
0,413952	0,336811	0,886635
0,494931	0,488748	0,869245
0,537681	0,792268	0,920444
0,333416	1,207471	0,951834
0,013901	1,724461	0,941508
-0,177539	2,162943	0,954317
-0,349844	2,474483	1,006716
-0,523137	2,582920	1,149171
-0,694315	2,621793	1,328272
-0,779549	2,503489	1,583590
-0,710785	2,222102	1,887453
-0,574378	1,813119	2,188953
-0,339788	1,321211	2,337271
0,018343	0,894152	2,305559
0,355605	0,587953	2,093447
0,622545	0,368849	1,709230
0,823647	0,223252	1,447828
0,984528	0,068470	1,191783
1,216663	-0,098447	0,923738
1,309487	-0,223373	0,619276
1,249653	-0,331922	0,188963
1,204666	-0,417808	-0,260633
1,205066	-0,527703	-0,630834
1,251357	-0,760224	-1,007450
1,169641	-0,973061	-1,586477
0,881123	-1,042768	-2,076506
0,523904	-1,018089	-2,317210
0,264936	-0,961957	-2,422628
0,108519	-1,007066	-2,323100
-0,029066	-1,161915	-2,333480
-0,204259	-1,325052	-2,391601
-0,353031	-1,577180	-2,411266
-0,538125	-1,650562	-2,317832
-0,825056	-1,547427	-2,227764
-1,043126	-1,370095	-2,137509
-1,098820	-1,245478	-1,994444
-1,105069	-1,212825	-1,921165
-1,059312	-1,305440	-1,841474
-0,998755	-1,448491	-1,816026
-0,937872	-1,543790	-1,823451
-0,961943	-1,583628	-1,872481
-1,356615	-1,503438	-2,502587
-1,631166	-1,235319	-2,733735
-1,493592	-1,104136	-2,482911
-1,300221	-1,104525	-2,612659
-1,324612	-1,046425	-3,049722
-1,345078	-0,899396	-3,066096
-1,159376	-0,845933	-2,660689
-0,957188	-0,843384	-2,171655
-0,781082	-0,760889	-1,889594
-0,542505	-0,682454	-1,539446
-0,393782	-0,615873	-1,195168
-0,371520	-0,600926	-0,957087
-0,428429	-0,591825	-0,706294
-0,518952	-0,542417	-0,462570
-0,540613	-0,469371	-0,284814
-0,503365	-0,426254	-0,282441
-0,436212	-0,388879	-0,317896
-0,383442	-0,416450	-0,466915
-0,320157	-0,431805	-0,587094
-0,205369	-0,417270	-0,620993
-0,155677	-0,429580	-0,629912
-0,128375	-0,401123	-0,485729
-0,115151	-0,420496	-0,374228
-0,145746	-0,426423	-0,301287
-0,175972	-0,385194	-0,396181
-0,249957	-0,338795	-0,586049
-0,331167	-0,233695	-0,809781
-0,407634	-0,188872	-0,996421
-0,445809	-0,165453	-1,180206
-0,473493	-0,122792	-1,372241
-0,467857	-0,070463	-1,340090
-0,475799	-0,034337	-1,203273
-0,496521	0,009872	-0,882174
-0,586829	0,001196	-0,626247
-0,643767	0,049797	-0,391830
-0,657702	0,074323	-0,188965
-0,628639	0,072861	-0,130103
-0,621662	0,017103	-0,148137
-0,580655	-0,018874	-0,246842
-0,527719	-0,021801	-0,301856
-0,375252	-0,030844	-0,269256
-0,243695	-0,033306	-0,181884
-0,137497	-0,024728	-0,124438
-0,071692	-0,048506	-0,042092
-0,001812	-0,082860	0,063055
0,135501	-0,154398	0,201750
0,216616	-0,194380	0,305052
0,269057	-0,157421	0,465270
0,326342	-0,116366	0,596313
0,465065	-0,138100	0,702111
0,666059	-0,176557	0,782905
0,869944	-0,195835	0,725921
1,007210	-0,194022	0,734924
1,129462	-0,141802	0,694250
1,171721	-0,098122	0,560185
1,237121	-0,084247	0,515189
1,309570	-0,048245	0,551006
1,405822	-0,019443	0,736728
1,433996	0,025632	0,930325
1,462273	0,122019	1,169467
1,617047	0,180928	1,432608
1,829942	0,118888	1,676640
1,981104	0,049139	1,759818
2,036910	0,067082	1,803375
1,892895	0,172428	1,787475
1,582309	0,219339	1,682800
1,169119	0,250166	1,430517
0,682463	0,298778	1,007463
0,260582	0,378842	0,447804
-0,054889	0,426621	-0,069845
-0,247903	0,380554	-0,292424
-0,298884	0,350415	-0,327787
-0,223775	0,342588	-0,245945
-0,179020	0,371751	-0,102909
-0,178653	0,368263	-0,094778
0,011265	0,229498	0,314912
0,541482	-0,064449	1,203871
1,243379	-0,236386	2,002172
1,827894	-0,282004	2,420561
2,214085	-0,212200	2,403795
2,607328	-0,011740	2,053285
2,987998	0,237691	1,468324
3,247528	0,503312	0,890223
3,516431	0,792420	0,466060
3,752635	1,143421	0,193759
3,706954	1,592776	-0,189756
3,441540	1,910122	-0,513804
3,042440	2,065366	-0,789327
2,419597	2,154111	-1,084453
1,889706	2,144664	-1,133798
1,649668	2,065291	-0,902241
1,604171	1,952941	-0,677737
1,700878	1,806567	-0,580508
1,808895	1,661684	-0,317873
1,977671	1,494069	0,204430
2,354988	1,447123	0,925860
2,767939	1,595357	1,589187
2,933565	1,868132	1,838293
2,791212	2,026977	1,618120
2,527941	2,157885	1,058912
2,242617	2,166847	0,601964
1,998085	2,135699	0,378141
1,627192	2,013101	0,473936
1,248129	1,810638	0,514183
0,849102	1,464795	0,523395
0,610323	1,054038	0,801785
0,398243	0,741716	1,266794
0,268789	0,579958	1,679023
0,239933	0,486952	1,867071
0,170877	0,423082	1,816399
0,197042	0,399757	1,521112
0,269682	0,415583	1,033967
0,368015	0,514423	0,411549
0,464870	0,606899	-0,208982
0,474375	0,603317	-0,717856
0,302889	0,533411	-1,074187
0,141750	0,380757	-1,304675
-0,024502	0,197342	-1,562807
-0,107712	0,002734	-1,567238
-0,189600	-0,169236	-1,312201
-0,392061	-0,301075	-1,064128
-0,687136	-0,397916	-0,911642
-0,956728	-0,516575	-0,826994
-1,224110	-0,654593	-0,731505
-1,493557	-0,764055	-0,435802
-1,755098	-0,818105	-0,114011
-2,019861	-0,852714	0,133840
-2,237423	-0,855511	0,363737
-2,323374	-0,886484	0,517003
-2,278156	-0,887313	0,575443
-2,068656	-0,831481	0,482388
-1,841668	-0,806921	0,297801
-1,699347	-0,764287	0,202803
-1,606561	-0,717728	0,047326
-1,509346	-0,692945	-0,090472
-1,421991	-0,681724	-0,214114
-1,371272	-0,723503	-0,229714
-1,332602	-0,770343	-0,076508
-1,310295	-0,814516	0,296008
-1,341290	-0,887196	0,806631
-1,406297	-0,899381	1,346330
-1,541639	-0,869859	1,697633
-1,732262	-0,847205	1,759376
-1,827301	-0,767778	1,577971
-1,871729	-0,735853	1,128295
-1,822029	-0,724669	0,730260
-1,679804	-0,708067	0,503764
-1,541133	-0,748411	0,367574
-1,364108	-0,740465	0,277775
-1,178432	-0,773378	0,159012
-1,006906	-0,836097	0,016126
-0,868733	-0,853704	-0,194924
-0,834805	-0,801714	-0,427912
-0,800010	-0,785024	-0,677523
-0,820050	-0,713261	-0,791969
-0,831296	-0,676908	-0,794464
-0,714841	-0,703379	-0,725598
-0,628367	-0,786799	-0,568027
-0,613791	-0,768294	-0,179568
-0,600212	-0,761169	0,148435
-0,653510	-0,856970	0,304539
-0,650176	-0,972881	0,407401
-0,638891	-1,087631	0,434136
-0,742875	-1,122937	0,419135
-0,909376	-1,114780	0,313274
-1,065562	-1,070914	0,078244
-1,126351	-1,018584	-0,205557
-1,108893	-0,951818	-0,538897
-1,012566	-0,829448	-0,972206
-0,883796	-0,674093	-1,250861
-0,750140	-0,525858	-1,433562
-0,534023	-0,454207	-1,576854
-0,318051	-0,371032	-1,648386
-0,106955	-0,277673	-1,625166
0,044685	-0,265229	-1,629576
0,158331	-0,293592	-1,623522
0,289470	-0,385228	-1,487477
0,346493	-0,424063	-1,232121
0,435214	-0,388091	-0,949307
0,525344	-0,446459	-0,735508
0,689379	-0,486452	-0,567337
0,829238	-0,471523	-0,496960
1,018688	-0,497885	-0,473228
1,205686	-0,540056	-0,477215
1,309312	-0,598671	-0,509152
1,440101	-0,646539	-0,499253
1,510247	-0,665669	-0,482728
1,557758	-0,624466	-0,582508
1,631192	-0,583850	-0,793533
1,775169	-0,528372	-1,061951
1,895147	-0,394926	-1,404053
1,828325	-0,255614	-1,882690
1,728895	-0,166173	-2,247388
1,604332	-0,117619	-2,374436
1,443402	-0,074942	-2,321888
1,214097	0,020491	-2,073941
0,986609	0,070982	-1,925388
0,915691	0,041454	-1,900406
0,833115	0,057113	-1,834436
0,762256	0,151037	-1,606416
1,257204	0,275017	-1,007411
1,365846	-0,001215	-0,460201
0,789087	-0,184846	-0,612375
0,272139	-0,211085	-0,841364
0,146849	-0,259847	-0,955611
0,196007	-0,246183	-1,137976
0,294708	-0,198863	-1,263774
0,435925	-0,127486	-1,134554
0,578587	-0,056017	-0,819533
0,724319	0,041368	-0,473668
0,749914	0,120252	-0,214213
0,792424	0,194835	-0,079439
0,869535	0,038082	0,038927
0,857469	-0,132339	0,086683
0,753981	-0,226550	0,019542
0,610838	-0,277956	-0,079179
0,488670	-0,241518	-0,126539
0,419672	-0,167360	-0,133800
0,341475	-0,068763	-0,093637
0,173584	0,163336	-0,113215
0,017248	0,398821	-0,050350
0,005180	0,521132	0,000907
0,066387	0,528954	-0,017475
0,072263	0,479657	-0,090591
0,042491	0,423948	-0,081091
0,043575	0,338206	0,044306
0,101889	0,220760	0,302632
0,215593	0,109579	0,628056
0,229933	0,097234	0,909451
0,175327	0,121842	1,155650
0,188138	0,112794	1,375582
0,119870	0,027027	1,420338
0,006833	-0,032968	1,337381
-0,029018	-0,072334	1,326558
-0,024167	-0,116290	1,287260
-0,141917	-0,119851	1,149522
-0,123116	-0,130353	1,228944
-0,040071	-0,095665	1,577882
-0,064613	-0,004706	1,909693
-0,222162	0,164790	2,119600
-0,431515	0,237179	2,341163
-0,652634	0,216550	3,022137
-0,686816	0,339878	3,423276
-0,534133	0,380118	2,674461
-0,690673	0,417107	1,787140
-1,136718	0,479254	1,331079
-1,408324	0,498321	1,160627
-1,398644	0,487719	1,058739
-1,413886	0,690896	0,816351
-1,443304	0,903229	0,474956
-1,364385	0,983069	0,353146
-1,138432	1,022039	0,509482
-0,681863	0,933513	0,890264
-0,136555	0,882809	1,466862
0,118686	1,063461	1,968363
0,169643	1,287464	2,369563
0,212326	1,350796	2,762350
0,228284	1,372727	3,038274
0,013121	1,295472	2,995658
-0,437697	1,165662	2,715435
-0,967871	1,026377	2,311203
-1,495427	0,968587	1,842260
-1,936625	1,020036	1,315788
-2,187117	1,023841	0,856318
-2,210338	0,960809	0,613228
-2,153255	0,926667	0,584430
-2,107590	0,929041	0,716543
-2,185987	0,879219	0,880644
-2,365537	0,856610	0,936278
-2,601109	0,734128	0,797863
-2,772330	0,576768	0,625839
-2,804925	0,346498	0,518871
-2,798444	0,111512	0,509909
-2,763560	-0,094665	0,536247
-2,738534	-0,321850	0,677044
-2,904291	-0,245994	0,676669
-3,044576	0,031135	0,413003
-3,055277	0,178143	0,043097
-2,885714	0,273715	-0,361042
-2,784535	0,343472	-0,902713
-2,751481	0,367673	-1,579287
-2,677149	0,319993	-2,124392
-2,589913	0,341224	-2,585365
-2,565143	0,393645	-2,870831
-2,478274	0,471020	-2,980442
-2,361868	0,468759	-3,102615
-2,155729	0,468855	-3,226209
-1,862486	0,439244	-3,277207
-1,597252	0,474942	-3,195411
-1,247150	0,482420	-3,105083
-1,081045	0,486498	-3,176474
-0,997953	0,510817	-3,248906
-0,909447	0,425901	-3,254179
-0,833868	0,372325	-3,181773
-0,862455	0,370639	-3,064486
-0,838402	0,388454	-3,003212
-0,788519	0,422812	-2,911103
-0,640398	0,466570	-2,760792
-0,368666	0,528407	-2,525625
-0,070824	0,601803	-2,301104
0,153070	0,691183	-2,151174
0,345589	0,694682	-2,057084
0,571442	0,654379	-1,912855
0,722425	0,600126	-1,662449
0,732126	0,552879	-1,384549
0,622103	0,452839	-1,107639
0,421059	0,351736	-0,878446
0,306208	0,187541	-0,672104
0,291890	0,090658	-0,397864
0,305338	-0,010798	-0,158367
0,362068	-0,143673	0,219034
0,449591	-0,184849	0,517122
0,599089	-0,195755	0,793898
0,760826	-0,185339	1,026805
0,986945	-0,106133	1,177707
1,138152	-0,090656	1,264894
1,297423	-0,080179	1,267616
1,407604	-0,057442	1,274591
1,535971	-0,050751	1,249519
1,686553	-0,054005	1,247650
1,800304	-0,009684	1,347668
1,893222	-0,015412	1,466001
1,936916	-0,036268	1,603758
1,944101	-0,048167	1,678526
1,965168	-0,059603	1,701952
1,962870	-0,056300	1,642165
1,923677	-0,016305	1,485155
1,710365	0,097088	1,244630
1,575152	0,201205	0,954518
1,521572	0,208852	0,726261
1,490195	0,241776	0,526431
1,419121	0,191504	0,379958
1,362274	0,153203	0,366223
1,260291	0,091923	0,410764
1,169121	0,065872	0,547922
1,056916	0,007690	0,677754
0,982483	-0,048438	0,797904
0,888465	-0,073223	0,975433
0,737578	-0,076779	1,128942
0,603478	-0,127501	1,204826
0,501935	-0,239903	1,377570
0,458043	-0,342289	1,555047
0,573294	-0,387796	1,712336
0,697100	-0,334175	1,624617
0,756874	-0,320966	1,369603
0,749152	-0,400425	1,046842
0,745855	-0,508047	0,740745
0,724052	-0,601811	0,501617
0,689373	-0,709367	0,345752
0,592685	-0,758081	0,294790
0,444461	-0,785542	0,326811
0,287563	-0,817106	0,416600
0,178342	-0,845214	0,633036
0,111069	-0,830358	0,784151
0,045764	-0,825174	1,012306
-0,048630	-0,797091	1,235065
-0,032202	-0,718117	1,387404
0,058515	-0,589813	1,334972
0,062144	-0,511121	1,051694
-0,051811	-0,481688	0,719737
-0,148699	-0,504100	0,400533
-0,219521	-0,513412	0,124101
-0,199555	-0,527563	-0,142053
-0,157727	-0,532182	-0,331038
-0,243027	-0,527259	-0,464024
-0,297852	-0,551092	-0,452628
-0,280408	-0,545268	-0,315178
-0,275084	-0,501339	-0,155414
-0,304344	-0,474814	0,011655
-0,254010	-0,438262	0,157773
-0,182139	-0,394665	0,246885
-0,072933	-0,363620	0,365098
0,074771	-0,363674	0,456800
0,198684	-0,371384	0,498558
0,268115	-0,311475	0,478339
0,278664	-0,214707	0,478435
0,261237	-0,157398	0,387533
0,230059	-0,124002	0,208513
0,172548	-0,123139	-0,005565
0,159108	-0,155018	-0,191207
0,273819	-0,124979	-0,276501
0,398145	-0,082734	-0,323679
0,428648	0,008508	-0,250325
0,419529	0,110237	-0,254838
0,439054	0,107342	-0,232606
0,499681	0,076291	-0,286646
0,476356	0,118504	-0,392122
0,409820	0,142679	-0,485121
0,336474	0,187886	-0,646667
0,294082	0,192447	-0,852526
0,318578	0,162576	-1,085207
0,286467	0,115693	-1,192811
0,173631	0,149061	-1,236769
-0,002831	0,212144	-1,179991
-0,131550	0,251124	-1,010069
-0,289114	0,257393	-0,840624
-0,419963	0,212628	-0,635146
-0,526547	0,167222	-0,428637
-0,579257	0,185498	-0,305556
-0,636746	0,177122	-0,198473
-0,619529	0,170433	-0,153993
-0,565533	0,145916	-0,163417
-0,560642	0,205808	-0,242782
-0,506936	0,245090	-0,331176
-0,465876	0,274600	-0,380822
-0,392818	0,294374	-0,423408
-0,284567	0,293922	-0,444073
-0,195085	0,263861	-0,460593
-0,158949	0,258025	-0,483403
-0,201854	0,295483	-0,526542
-0,195956	0,344602	-0,527533
-0,216140	0,323569	-0,545573
-0,200695	0,306731	-0,521688
-0,115536	0,274120	-0,453740
-0,055088	0,215464	-0,433866
-0,037356	0,171419	-0,412217
-0,072024	0,102650	-0,375733
-0,107424	0,024662	-0,322620
-0,187453	-0,027194	-0,270547
-0,427684	0,017502	-0,206855
-1,452108	0,733228	-0,037152
-4,148686	3,192430	0,341848
-6,084733	5,958497	1,347038
-3,569166	5,647865	1,971149
0,696694	2,336700	1,250356
3,065521	-1,409741	0,244670
2,851770	-3,342905	-0,149979
1,739375	-3,329378	-0,279920
1,263168	-2,697023	-0,156895
1,171423	-2,130812	0,236483
0,774333	-1,610789	0,766665
0,124349	-1,110507	1,141017
-0,449275	-0,558962	1,145529
-0,733871	-0,106239	0,873332
-0,765222	0,123785	0,482223
-0,706990	0,147868	0,197118
-0,692008	0,150863	0,099272
-0,777703	0,238476	0,059312
-0,745697	0,393820	0,057020
-0,498877	0,382085	-0,037697
-0,135747	0,139994	-0,158490
0,138485	-0,213615	-0,377707
0,189316	-0,435211	-0,671831
0,060473	-0,403723	-0,849660
-0,119212	-0,151543	-0,950761
-0,206453	0,104767	-1,033545
-0,137392	0,229383	-1,103606
-0,020851	0,239060	-1,090698
0,018756	0,215186	-1,085168
-0,022348	0,183636	-0,941877
-0,067683	0,202463	-0,695079
-0,105856	0,191658	-0,341537
-0,119157	0,098737	0,085901
-0,134596	0,010997	0,592561
-0,188121	-0,041007	1,009401
-0,274996	-0,056744	1,342860
-0,306191	-0,120090	1,529183
-0,275592	-0,164077	1,596845
-0,273147	-0,135082	1,569566
-0,320031	-0,121481	1,433790
-0,344136	-0,067497	1,271532
-0,264774	-0,070270	1,083302
-0,162014	-0,094534	0,857059
-0,065451	-0,103398	0,614785
0,022334	-0,103788	0,355830
0,088741	-0,084948	0,100789
0,212729	-0,052626	-0,167403
0,349272	-0,022947	-0,390575
0,434557	0,017067	-0,578696
0,468312	0,094110	-0,649712
0,501066	0,160518	-0,617450
0,477464	0,185872	-0,521731
0,479652	0,154448	-0,393447
0,425860	0,081420	-0,223779
0,341652	0,039282	-0,151252
0,232135	0,015141	-0,032891
0,121548	0,001578	0,018694
0,023496	-0,010237	0,101150
-0,030044	-0,058946	0,143176
-0,125549	-0,049061	0,187319
-0,217272	-0,016275	0,200612
-0,210219	-0,050362	0,239982
-0,162426	-0,045087	0,215923
-0,109824	-0,037973	0,182321
-0,039983	-0,039009	0,069233
-0,008036	-0,047480	-0,069113
0,050065	-0,058101	-0,138603
0,083155	-0,057967	-0,153021
0,109615	-0,025304	-0,135820
0,048434	0,045834	-0,167079
-0,006272	0,037631	-0,180587
-0,018421	0,010940	-0,147350
-0,049210	-0,021888	-0,140854
-0,018298	-0,032830	-0,101196
-0,056777	-0,002326	-0,042652
-0,102880	-0,011431	-0,070510
-0,116789	0,006175	-0,071728
-0,103966	0,015474	-0,066965
-0,093707	-0,010607	-0,095711
-0,103689	-0,008486	-0,082318
-0,092534	-0,015407	0,062478
-0,119034	-0,000838	0,172565
-0,119178	-0,002587	0,286490
-0,090545	-0,018342	0,376678
-0,078185	-0,031922	0,396154
-0,088403	0,004162	0,361931
-0,048701	0,009067	0,295294
-0,054280	0,003421	0,184526
-0,042472	0,035305	0,053761
0,025409	0,023458	-0,089144
0,071084	0,020671	-0,194863
0,109529	0,039523	-0,287091
0,139344	0,041202	-0,393430
0,180433	0,043496	-0,469895
0,185521	0,037665	-0,521485
0,192472	0,023431	-0,515821
0,142478	0,070466	-0,514170
0,069940	0,084144	-0,482210
0,034882	0,060601	-0,507387
-0,039135	0,035078	-0,479652
-0,055246	-0,003542	-0,325311
-0,104536	-0,010488	-0,188423
-0,157372	-0,034257	-0,039642
-0,189105	-0,030274	0,135877
-0,201077	-0,047205	0,288743
-0,180979	-0,066500	0,394764
-0,201289	-0,066603	0,481485
-0,234762	-0,069567	0,500117
-0,216545	-0,052773	0,452767
-0,191437	-0,065204	0,388068
-0,136865	-0,077065	0,340142
-0,052986	-0,051118	0,213691
0,050507	0,012743	0,083807
0,105530	0,079140	-0,125447
0,172522	0,102582	-0,293815
0,252947	0,112705	-0,522357
0,260768	0,117935	-0,713808
0,285226	0,121167	-0,832484
0,337360	0,115134	-0,864230
0,351297	0,112212	-0,807265
0,332747	0,085937	-0,634326
0,279613	0,056298	-0,394448
0,188253	0,077607	-0,160419
0,097929	0,040052	0,092893
0,002684	0,009068	0,300327
-0,063929	-0,024349	0,405936
-0,116268	-0,057797	0,462664
-0,168674	-0,081663	0,528139
-0,201980	-0,092150	0,553712
-0,218078	-0,085207	0,571302
-0,222351	-0,113185	0,551854
-0,232470	-0,073312	0,487455
-0,187893	-0,047151	0,390916
-0,114877	-0,043470	0,291663
-0,039228	-0,039561	0,187371
-0,022765	-0,017282	0,069453
0,007643	0,015862	-0,006694
0,079857	0,032795	-0,061862
0,145294	-0,000571	-0,149086
0,169861	0,029230	-0,190131
0,188562	0,035835	-0,179888
0,170967	0,026752	-0,190835
