1,420985	-0,701913	1,134315
0,853316	-0,388190	1,476312
0,301488	-0,214788	1,452070
-0,180184	-0,101921	1,026634
-0,525300	0,128204	0,454511
-0,674036	0,176294	0,568552
-0,609138	-0,058159	0,250851
-0,638617	0,144049	-0,366263
-0,536748	0,127691	0,145613
-0,314481	-0,051070	-0,128676
-0,282237	0,149720	-0,150829
-0,034249	-0,132092	0,288272
0,070281	-0,092270	-0,422531
0,123266	-0,023059	-0,112012
0,274821	-0,154433	-0,498533
0,086740	0,191529	-0,922679
0,180488	0,024890	-0,560970
0,173126	0,085037	-1,267600
0,121252	0,193481	-0,855095
0,255986	-0,098999	-0,915839
0,135831	0,162134	-1,146391
0,193894	0,001387	-0,407628
0,181934	0,005895	-0,727372
0,130228	0,129215	-0,104016
0,299543	-0,199253	0,215590
0,262620	-0,044485	-0,162721
0,319276	-0,098796	0,506689
0,349268	-0,247591	0,136234
0,245894	0,006870	0,176981
0,326000	-0,147727	0,579256
0,291452	-0,031987	0,042982
0,216877	0,122848	0,627184
0,262565	-0,170826	0,677968
0,117157	0,029013	0,258890
0,093725	-0,072554	0,791304
0,038591	-0,226598	0,394579
-0,142467	-0,146805	0,438246
-0,188668	-0,180652	0,182042
-0,296504	-0,116751	0,855277
-0,305196	-0,129790	0,075140
-0,407926	0,072389	0,256437
-0,321544	-0,106811	0,189818
-0,394186	-0,096948	-0,416041
-0,572013	0,017254	-0,607687
-0,613714	0,020505	-0,760051
-0,596306	0,007786	-1,053365
-0,523981	-0,028244	-1,356010
-0,467061	-0,053247	-1,528204
-0,523050	-0,055049	-1,594145
-0,678926	-0,051693	-1,596141
-0,845766	-0,000180	-1,557516
-0,982118	0,074563	-1,416484
-1,068214	0,192768	-1,227987
-1,041314	0,285416	-1,042729
-0,909663	0,414124	-0,803531
-0,743062	0,389709	-0,535574
-0,493888	0,261011	-0,312578
-0,203570	0,048884	-0,052785
0,005687	-0,141899	0,289132
0,171187	-0,335700	0,636408
0,262414	-0,466802	1,000411
0,347834	-0,516141	1,298327
0,441072	-0,541234	1,338418
0,452455	-0,494278	1,460505
0,384950	-0,263269	1,591707
0,359669	-0,023860	1,720594
0,525247	0,109232	1,586216
0,898079	0,036629	1,158841
1,213580	-0,110517	0,604331
1,443960	-0,267503	0,042925
1,545902	-0,427565	-0,293186
1,546048	-0,515391	-0,420340
1,458067	-0,422848	-0,522062
1,250731	-0,267405	-0,703038
0,812877	-0,046333	-0,654362
0,521969	-0,109845	-0,407608
0,470249	-0,882749	0,224573
-0,618833	0,378847	0,310859
-0,809177	1,067311	-0,894782
-0,014322	0,549308	-1,277984
0,498992	0,073614	-0,149939
0,597436	-0,271517	0,869331
0,166694	-0,708498	0,582465
-0,088825	-0,606068	0,125994
-0,480948	-0,243521	0,124733
-0,828154	0,139412	0,343036
-0,614647	0,342340	0,381691
-0,275275	0,372505	0,462409
-0,101470	0,237677	0,595941
-0,105126	0,058940	0,853132
-0,166450	-0,127152	1,127818
-0,233721	-0,321033	1,515169
-0,046193	-0,448355	1,852833
0,334615	-0,586614	2,051126
0,754203	-0,702971	2,120699
1,094647	-0,804662	2,009719
1,138120	-0,908048	1,942004
1,032126	-0,996507	2,115762
1,227923	-1,008851	2,613898
1,406594	-0,808997	3,392608
1,768830	-0,677850	3,091417
2,163013	-0,605488	2,501857
2,530081	-0,599307	2,486080
2,758598	-0,570425	2,315427
2,803522	-0,430485	1,593773
2,710164	-0,267777	1,217560
2,626860	-0,175904	1,189514
2,568834	-0,120618	1,289673
2,371107	-0,057225	1,141882
1,986900	-0,088882	0,839764
1,507159	-0,180274	0,462070
0,912685	-0,245733	0,175247
0,304941	-0,210001	-0,080066
-0,237761	-0,074141	-0,459573
-0,648950	-0,006640	-1,008345
-0,741341	-0,014894	-1,446410
-0,629461	-0,077992	-1,559350
-0,460478	-0,136137	-1,513716
-0,263988	-0,208506	-1,557652
-0,043600	-0,236715	-1,582267
0,115474	-0,202787	-1,530132
0,260933	-0,233092	-1,405111
0,438593	-0,363646	-1,283062
0,599874	-0,401049	-1,308017
0,658024	-0,296901	-1,553982
0,703592	-0,223153	-1,763205
0,862630	-0,170857	-1,701701
1,110527	-0,198941	-1,542355
1,318415	-0,336326	-1,496286
1,319051	-0,439520	-1,356013
1,173990	-0,379399	-1,282088
0,972713	-0,226896	-1,238280
0,832760	-0,127891	-1,140978
0,686325	-0,083160	-1,202955
0,467651	-0,050244	-1,276488
0,128955	-0,045945	-1,296044
0,053371	-0,202430	-1,387348
-0,225454	-0,142791	-1,414420
-0,503105	-0,003149	-1,402556
-0,634247	0,028133	-1,367211
-0,694141	-0,054105	-1,407892
-0,645340	-0,095005	-1,440425
-0,491369	-0,083670	-1,448263
-0,328936	-0,100444	-1,621172
-0,153969	-0,188583	-1,886879
0,059748	-0,238012	-2,020905
0,381062	-0,152104	-1,948071
0,755923	-0,062308	-1,721262
1,091237	-0,002911	-1,394258
1,135392	0,017776	-1,040700
0,993555	0,050610	-0,949394
0,775679	0,007932	-1,037249
0,437633	-0,030043	-1,228188
0,071420	0,008521	-1,453730
-0,288591	-0,005634	-1,566170
-0,649380	0,028061	-1,597699
-0,850852	0,010950	-1,664109
-0,729534	-0,057317	-1,691370
-0,565427	-0,057352	-1,669136
-0,482029	-0,002779	-1,639850
-0,407644	-0,002223	-1,432547
-0,367302	0,002055	-1,268620
-0,369501	-0,001237	-1,050333
-0,439253	0,039232	-0,943697
-0,457702	0,071608	-0,789430
-0,489697	0,040050	-0,656446
-0,628304	0,040658	-0,389171
-0,717171	0,019123	-0,119796
-0,747076	-0,042160	0,114856
-0,824626	-0,208984	0,088052
-0,947006	-0,293603	-0,122051
-1,065979	-0,335444	-0,284396
-1,174573	-0,359334	-0,393191
-1,281541	-0,386100	-0,451503
-1,397779	-0,387408	-0,469418
-1,527147	-0,393252	-0,483749
-1,643105	-0,381642	-0,491394
-1,724360	-0,360856	-0,432373
-1,806623	-0,363380	-0,297058
-1,829320	-0,413287	-0,024085
-1,872392	-0,468544	0,191426
-2,013148	-0,428461	0,376273
-2,159261	-0,356172	0,267498
-2,231156	-0,336659	0,115366
-2,275257	-0,349771	0,040571
-2,242545	-0,365047	0,013304
-2,228814	-0,346627	-0,014259
-2,235077	-0,279218	-0,054498
-2,208484	-0,223375	-0,095307
-2,095279	-0,191151	-0,070508
-1,947243	-0,121317	-0,107164
-1,771357	-0,042463	-0,057960
-1,537752	0,012953	-0,089459
-1,294374	0,086974	-0,062949
-1,051771	0,184508	-0,035039
-0,808861	0,249120	-0,028031
-0,483319	0,238554	-0,091371
-0,168308	0,213829	-0,144922
-0,095376	0,239069	-0,281624
-0,141426	0,310005	-0,366071
-0,158160	0,324615	-0,313926
-0,149502	0,302783	-0,259759
-0,128220	0,283413	-0,135981
-0,110242	0,288974	0,022417
-0,058506	0,263748	0,196058
-0,034354	0,224401	0,349339
-0,075371	0,280083	0,427909
-0,062213	0,357184	0,468743
0,020139	0,360442	0,473639
0,032395	0,361132	0,368377
0,000062	0,331044	0,275549
0,021119	0,270585	0,241508
0,049451	0,220301	0,171173
0,062547	0,205928	0,019153
0,155384	0,112069	-0,019163
0,145377	0,020698	-0,020115
0,048308	-0,024616	-0,026627
-0,092555	0,031064	0,094580
-0,206209	0,136900	0,138872
-0,316286	0,312547	0,134083
-0,315272	0,409974	0,102469
-0,330746	0,442896	0,050372
-0,288535	0,496053	0,016359
-0,289250	0,514640	0,003517
-0,237150	0,528546	0,076544
-0,193553	0,496579	0,218303
-0,233370	0,464304	0,354684
-0,247988	0,476790	0,492524
-0,297987	0,424523	0,596082
-0,307347	0,329084	0,632969
-0,285136	0,234544	0,669181
-0,302803	0,159852	0,568865
-0,371540	0,168104	0,336342
-0,341287	0,194822	0,100519
-0,257697	0,177879	0,013374
-0,170733	0,158588	0,013580
-0,027407	0,178591	0,158350
0,175365	0,088283	0,421638
0,398861	0,051474	0,729010
0,576706	0,064165	1,160686
0,626086	0,097291	1,455270
0,611953	0,071131	1,626777
0,514465	0,062655	1,755364
0,455627	0,105666	1,715534
0,482300	0,112303	1,519913
0,517993	0,084105	1,259985
0,497720	0,051952	1,020440
0,514045	0,034860	0,793366
0,470623	0,002034	0,618408
0,453110	-0,043380	0,605823
0,390259	-0,063440	0,570840
0,254749	-0,013398	0,552449
0,098452	0,012267	0,682340
0,046206	-0,014136	0,891587
0,197853	-0,090789	0,994825
0,445587	-0,250768	1,119566
0,704102	-0,379692	1,236583
0,957849	-0,382293	1,233468
1,345674	-0,445654	1,242475
1,811085	-0,635210	1,422069
2,137442	-0,734181	1,636605
2,190703	-0,711844	1,770893
2,113610	-0,524456	1,698270
2,033735	-0,243356	1,703379
1,973668	0,063897	1,871236
1,910294	0,293402	2,135758
1,775318	0,424346	2,329188
1,559121	0,471630	2,509787
1,381367	0,405087	2,736613
1,219059	0,349924	2,826156
0,908206	0,335482	2,961950
0,479483	0,366066	3,106010
0,148954	0,446088	3,327570
0,000414	0,503391	3,437777
-0,000621	0,567435	3,214699
0,075150	0,653142	2,692425
0,187501	0,731290	1,925058
0,434424	0,778489	1,161763
0,722955	0,760695	0,672745
0,994000	0,744542	0,312183
1,224241	0,706730	0,038101
1,453441	0,656363	-0,074865
1,665536	0,603618	0,009065
1,944391	0,555685	0,142286
2,183748	0,534563	0,294823
2,351295	0,487989	0,532745
2,426910	0,472753	0,701050
2,423243	0,395438	0,673840
2,312092	0,350823	0,533335
2,100590	0,396540	0,338558
1,748465	0,458968	0,106125
1,212980	0,501256	-0,007044
0,612206	0,542741	-0,061176
0,064556	0,513673	-0,109268
-0,408999	0,428175	-0,106567
-0,714101	0,269762	-0,110157
-0,891142	0,068324	-0,230825
-0,880516	-0,147404	-0,380985
-0,814545	-0,407145	-0,533670
-0,787621	-0,618770	-0,658699
-0,960493	-0,594613	-0,718487
-1,240538	-0,451753	-0,462742
-1,488512	-0,345118	0,034897
-1,647621	-0,261727	0,514429
-1,801727	-0,184479	0,916243
-1,977674	-0,137061	1,386131
-2,105040	-0,011004	1,744806
-2,231823	0,059190	2,123678
-2,320798	0,099073	2,369316
-2,219602	0,086912	2,369514
-1,953818	0,044640	2,147480
-1,442376	-0,085919	1,531229
-0,891499	-0,197068	0,709761
-0,664359	-0,246717	-0,027870
-0,695256	-0,304637	-0,599787
-0,942142	-0,327023	-0,869600
-1,283316	-0,328659	-0,939894
-1,687456	-0,257178	-0,800755
-1,983950	-0,244048	-0,459599
-2,158888	-0,256530	0,071896
-2,326622	-0,281836	0,635960
-2,542206	-0,290593	1,198294
-2,676368	-0,331120	1,683599
-2,727202	-0,373111	2,003849
-2,647192	-0,451724	2,139383
-2,452934	-0,528969	2,046688
-2,066742	-0,617584	1,609581
-1,466638	-0,778491	0,948652
-0,908992	-0,899563	0,062681
-0,497359	-0,908322	-0,869228
-0,301159	-0,799436	-1,695200
-0,479392	-0,672117	-2,265963
-0,838408	-0,514708	-2,533901
-1,194579	-0,384948	-2,507870
-1,502502	-0,234215	-2,287863
-1,733508	-0,140448	-2,076408
-1,893422	-0,083623	-1,857452
-1,926542	-0,096586	-1,543421
-1,904197	-0,164427	-1,178230
-1,921747	-0,238793	-0,878424
-1,923347	-0,192951	-0,646233
-1,879608	-0,112222	-0,557207
-1,789074	0,006939	-0,574099
-1,611301	0,114731	-0,641237
-1,229666	0,214367	-0,772524
-0,647588	0,200229	-1,025038
-0,096695	0,135281	-1,203099
0,154406	0,079489	-1,274687
0,251857	0,084661	-1,199791
0,225424	0,082097	-1,067097
0,133415	0,099198	-0,974344
0,007135	0,050623	-0,941317
-0,106340	-0,058135	-0,849782
-0,354188	0,010951	-0,746867
-0,530433	-0,004643	-0,832126
-0,588104	-0,079373	-1,023867
-0,524121	-0,170762	-1,142787
-0,669248	-0,082020	-1,463949
-0,857176	-0,023477	-1,807048
-0,818859	-0,078157	-1,932150
-0,806405	-0,055824	-1,955608
-0,845271	-0,044659	-1,905417
-0,812215	0,002578	-1,891130
-0,633488	0,004931	-1,930446
-0,326749	-0,057346	-1,936056
-0,000913	-0,132059	-1,922331
0,223366	-0,149702	-1,886460
0,390350	-0,124559	-1,958326
0,617773	-0,114003	-2,031138
0,921343	-0,057694	-2,111410
1,141224	0,000781	-2,103800
1,207938	0,089687	-1,988545
1,199065	0,180917	-1,771830
1,151745	0,234761	-1,537179
1,155075	0,251017	-1,289118
1,081116	0,209432	-1,060030
0,965454	0,174247	-0,803968
0,784814	0,115460	-0,440147
0,584749	0,053098	-0,233368
0,394056	-0,013064	-0,194348
0,172557	-0,072695	-0,193784
-0,061149	-0,129030	-0,150242
-0,205987	-0,124293	-0,158499
-0,331415	-0,115719	-0,228313
-0,417415	-0,116513	-0,392380
-0,382772	-0,125767	-0,489160
-0,315788	-0,145633	-0,583821
-0,259332	-0,193118	-0,774478
-0,117451	-0,186098	-0,853262
0,030539	-0,237941	-1,096318
0,231291	-0,214291	-1,236185
0,513512	-0,317002	-1,394051
0,736432	-0,396302	-1,560565
0,845799	-0,339063	-1,733987
0,872965	-0,254014	-1,661091
0,911934	-0,143836	-1,638199
1,140387	-0,160076	-1,591162
1,487883	-0,285129	-1,195366
1,401000	-0,039431	-1,452362
1,193578	0,122642	-1,405139
0,946244	0,267620	-1,388443
0,715809	0,377854	-1,366455
0,702896	0,250574	-0,914074
0,661914	0,142036	-0,574192
0,517080	0,141400	-0,200784
0,396428	0,129404	0,194671
0,303739	0,087239	0,485180
0,196067	0,051603	0,684067
0,123333	0,001060	0,839343
0,050779	-0,041291	0,890786
0,032005	-0,098157	0,807441
0,024652	-0,151304	0,588494
0,052277	-0,190001	0,329060
0,172071	-0,156786	0,054471
0,276512	-0,058400	-0,108694
0,375396	-0,012235	-0,218156
0,579968	0,042885	-0,296156
0,791501	0,086017	-0,279063
1,031590	0,085098	-0,234737
1,246646	0,130322	-0,183957
1,423489	0,133945	-0,143345
1,560178	0,149295	-0,133829
1,619712	0,202761	-0,085029
1,562005	0,321181	0,031574
1,471797	0,384313	0,128689
1,390999	0,408012	0,181479
1,266986	0,431756	0,310857
1,101687	0,484260	0,477580
0,939773	0,440081	0,642550
0,759484	0,299392	0,821449
0,573102	0,129382	0,953082
0,414427	0,062331	1,001895
0,217577	0,105407	0,980605
0,054359	0,147533	0,886950
-0,042707	0,232944	0,663588
0,026174	0,270632	0,402550
0,172246	0,240456	0,095063
0,341788	0,231623	-0,124109
0,508062	0,220735	-0,127058
0,679387	0,272352	-0,039390
0,895938	0,301207	0,241425
1,146743	0,200743	0,494812
1,437414	0,080150	0,630481
1,729326	-0,064212	0,750503
1,852736	-0,074356	0,803430
1,879625	-0,049914	0,827583
1,837928	-0,030349	0,866046
1,724127	0,014991	0,993557
1,523906	0,114459	1,130026
1,329257	0,179677	1,221013
1,102675	0,178214	1,324455
0,848619	0,217266	1,566168
0,563014	0,324179	1,960661
0,349862	0,468108	2,434276
0,358418	0,552624	2,862961
0,491677	0,551266	3,110144
0,634675	0,551145	3,257134
0,779725	0,504124	3,301948
0,868946	0,425333	3,213286
0,970011	0,306746	2,993920
1,152376	0,156334	2,677656
1,257093	0,107831	2,302062
1,269994	0,161911	1,785143
1,153898	0,256909	1,359157
1,054319	0,333848	1,017415
1,048399	0,328370	0,782328
1,085802	0,264613	0,633528
0,951955	0,264363	0,577696
0,777848	0,293851	0,599094
0,539917	0,369163	0,521414
0,287330	0,410248	0,332853
0,037371	0,335865	0,213622
-0,175048	0,258157	0,017662
-0,278906	0,253449	-0,165912
-0,333257	0,229578	-0,340542
-0,327897	0,198018	-0,373960
-0,194324	0,164164	-0,331723
0,035117	0,103560	-0,295066
0,387225	0,042626	-0,240837
0,766591	-0,010906	-0,193634
1,007841	0,012344	-0,062012
1,163487	0,094152	0,250146
1,156803	0,127983	0,571698
1,098783	0,201996	0,768601
1,025547	0,215222	0,824610
0,867374	0,126206	0,685555
0,685269	-0,017786	0,551312
0,339451	-0,154048	0,427647
-0,007126	-0,191232	0,354568
-0,346643	-0,218110	0,355480
-0,644099	-0,197474	0,415586
-0,792049	-0,144576	0,481857
-0,816563	-0,107995	0,530103
-0,728897	-0,080647	0,486325
-0,632922	-0,072184	0,300962
-0,490053	-0,126705	-0,110707
-0,413112	-0,189462	-0,636356
-0,305599	-0,260749	-1,215848
-0,216697	-0,372356	-1,733079
-0,120685	-0,434836	-2,206239
-0,079311	-0,404375	-2,556044
-0,073031	-0,344569	-2,818639
-0,083327	-0,322579	-2,899430
-0,046545	-0,327021	-2,850099
0,041292	-0,292256	-2,736891
-0,005272	-0,284562	-2,698997
-0,290570	-0,242017	-2,660065
-0,594456	-0,197447	-2,443128
-0,905557	-0,253722	-2,196799
-1,136250	-0,344713	-1,992071
-1,360074	-0,376332	-1,666435
-1,540086	-0,355656	-1,335064
-1,598854	-0,364969	-0,946433
-1,560638	-0,374336	-0,514849
-1,395044	-0,347345	0,007578
-1,089216	-0,297993	0,361373
-0,758373	-0,228812	0,508398
-0,475497	-0,233807	0,659550
-0,260683	-0,236850	0,627237
-0,215248	-0,285244	0,433797
-0,285212	-0,334506	0,294364
-0,452266	-0,324099	0,078435
-0,742965	-0,281313	-0,304049
-1,002343	-0,294960	-0,726869
-1,178242	-0,334613	-1,101515
-1,357266	-0,304080	-1,388780
-1,559873	-0,254751	-1,570717
-1,586912	-0,264140	-1,646344
-1,480223	-0,304208	-1,569907
-1,355601	-0,276887	-1,422552
-1,286556	-0,124781	-1,259672
-1,231308	0,022758	-0,936876
-1,183289	0,156109	-0,591481
-0,993555	0,274289	-0,352518
-0,760371	0,302757	-0,321272
-0,582443	0,311151	-0,483995
-0,460205	0,342780	-0,664919
-0,353796	0,417876	-0,713893
-0,221745	0,569885	-0,730086
-0,073966	0,699157	-0,749755
-0,032366	0,861950	-0,839221
0,035398	0,986448	-0,839931
0,176768	1,022825	-0,652792
0,250582	1,083543	-0,309624
0,255055	1,128285	0,023321
0,213627	1,132462	0,299260
0,196756	1,039087	0,462540
0,107600	0,940450	0,575941
-0,056608	0,868241	0,711668
-0,245445	0,834413	0,907396
-0,412786	0,814051	1,102284
-0,384819	0,761385	1,260111
-0,331793	0,699122	1,216866
-0,417706	0,698165	1,070209
-0,437594	0,703136	1,038125
-0,393178	0,668820	1,041193
-0,334648	0,614536	1,004378
-0,236114	0,572073	0,913635
-0,151550	0,484478	0,732824
-0,162414	0,490061	0,657134
-0,210376	0,520369	0,731603
-0,257363	0,483336	0,804594
-0,271979	0,422106	0,795946
-0,283660	0,387477	0,700917
-0,295886	0,311898	0,582767
-0,286501	0,254304	0,461428
-0,299111	0,263783	0,341359
-0,283344	0,285721	0,340128
-0,209439	0,304235	0,216561
-0,126364	0,320964	0,183784
-0,154729	0,308480	0,317498
-0,293290	0,266901	0,442658
-0,327528	0,206820	0,445106
-0,375023	0,201845	0,414508
-0,413031	0,151894	0,368948
-0,443425	0,177069	0,231950
-0,456254	0,136857	0,130970
-0,466517	0,085547	0,070303
-0,404818	0,035882	0,056243
-0,287465	0,018171	-0,029701
-0,220402	-0,011330	-0,207635
-0,206961	-0,087591	-0,415107
-0,248894	-0,161052	-0,528411
-0,321698	-0,197786	-0,395910
-0,415367	-0,233889	-0,087846
-0,466375	-0,273305	0,223730
-0,351067	-0,301005	0,504594
-0,093158	-0,339449	0,716834
0,116062	-0,384560	0,938348
0,209683	-0,297113	1,112678
0,101670	-0,119893	1,250237
0,027698	0,045821	1,128522
0,033658	0,091247	0,724681
0,135141	0,057665	0,139217
0,149287	0,014528	-0,494840
0,089743	0,001088	-1,075828
0,050725	-0,019235	-1,385467
0,010892	-0,027839	-1,476123
-0,026711	-0,051006	-1,474905
-0,034784	-0,126035	-1,269951
-0,107307	-0,166904	-0,946051
-0,130866	-0,159378	-0,634258
-0,118096	-0,148572	-0,362790
-0,169171	-0,122690	-0,116892
-0,253135	-0,095284	0,049174
-0,370098	-0,058026	0,097763
-0,487619	-0,011949	0,074377
-0,538533	-0,002857	0,115044
-0,554374	-0,015689	0,137054
-0,551714	-0,038405	0,194873
-0,470107	-0,122667	0,342641
-0,237218	-0,178578	0,572917
0,012301	-0,232890	0,764791
0,226271	-0,284945	0,835929
0,329454	-0,242323	0,751104
0,341139	-0,209178	0,598967
0,338988	-0,200863	0,452355
0,342064	-0,212412	0,296760
0,288019	-0,163216	0,177081
0,177742	-0,147821	0,192421
0,094306	-0,118257	0,250665
0,098430	-0,069704	0,367158
0,063424	0,001696	0,440259
0,043073	0,047328	0,364658
-0,096742	0,037862	0,308963
-0,326393	0,036039	0,163845
-0,506280	0,037449	0,017111
-0,558247	0,052945	-0,110799
-0,513638	0,041391	-0,171964
-0,381223	0,028328	-0,209397
-0,269542	0,060968	-0,214442
-0,251070	0,063142	-0,126546
-0,265981	0,062000	-0,056230
-0,280778	0,064932	-0,047853
-0,333802	0,074931	-0,081373
-0,337903	0,012056	-0,232701
-0,203282	-0,052610	-0,322147
0,019333	-0,128270	-0,226114
0,240515	-0,118900	-0,121516
0,407891	-0,046280	-0,032089
0,531256	0,042468	0,015503
0,661553	0,057913	-0,022070
0,707367	-0,029329	-0,049260
0,740198	-0,114442	-0,191679
0,706123	-0,117408	-0,291245
0,538080	-0,038385	-0,271302
0,278193	0,041119	-0,208424
0,097103	0,053012	-0,099698
0,002975	0,055813	-0,018467
-0,096253	0,055185	-0,053092
-0,222571	0,079585	0,011164
-0,297771	0,101974	0,035738
-0,291842	0,116052	0,034340
-0,283279	0,130195	0,076312
-0,108825	0,113726	0,228652
0,196412	0,071828	0,316039
0,481788	0,044059	0,393602
0,680389	0,047698	0,437465
0,891955	0,044860	0,372005
0,999904	0,015783	0,002634
0,946457	-0,019941	-0,126226
0,860596	-0,022655	-0,195793
0,679846	0,013480	-0,251434
0,545794	0,052923	-0,338098
0,365773	0,027019	-0,299214
0,231327	0,029269	-0,358121
0,062479	0,022463	-0,196470
-0,001738	0,013185	-0,261570
-0,100024	0,026820	-0,331840
-0,147060	-0,034086	-0,471368
-0,159786	-0,080894	-0,470954
-0,299253	-0,002472	-0,318340
-0,519041	0,100500	-0,120603
-0,708287	0,204887	-0,013157
-0,958329	0,320014	0,161850
-0,915101	0,215789	0,010730
-0,695691	-0,048584	-0,194444
-0,699241	-0,115491	-0,251319
-0,726983	-0,054087	-0,220208
-0,534663	0,020903	-0,001874
-0,110738	0,025340	0,369131
0,270540	-0,000797	0,592180
0,486501	-0,060977	0,645167
0,546256	-0,139760	0,699056
0,636199	-0,213322	0,798662
0,648779	-0,212796	0,770130
0,591814	-0,115647	0,655374
0,444715	-0,059949	0,386396
0,199669	0,030568	0,055321
-0,049994	0,087663	-0,148236
-0,171196	0,092152	-0,313951
-0,185797	0,055521	-0,419715
-0,191741	0,103804	-0,460272
-0,226171	0,170189	-0,487920
-0,215410	0,159137	-0,487064
-0,170411	0,102407	-0,518936
-0,169849	0,067558	-0,583704
-0,180899	0,030108	-0,685310
-0,149505	0,033657	-0,661261
-0,042028	-0,014249	-0,546245
0,048738	-0,023850	-0,388156
0,103151	-0,030567	-0,167825
0,158180	-0,080008	-0,030842
0,144745	-0,084111	-0,002640
0,056421	-0,095060	0,029492
0,027888	-0,099033	0,155747
0,085518	-0,095511	0,305604
0,231220	-0,044805	0,271302
0,307559	-0,043509	0,138514
0,240310	-0,075982	-0,019438
0,153942	-0,099091	-0,097911
0,024509	-0,106091	-0,077377
-0,157566	-0,024534	0,021424
-0,265872	0,000478	0,208667
-0,246218	0,017619	0,328787
-0,210378	-0,010808	0,393279
-0,195121	0,021054	0,390282
-0,244207	0,039817	0,370636
-0,290178	0,058672	0,315662
-0,309706	0,075673	0,269766
-0,341624	0,076811	0,162188
-0,261801	0,050914	0,084743
-0,119426	0,013925	0,179842
0,028959	-0,017595	0,260707
0,109361	-0,013112	0,120456
0,109510	0,019198	-0,060691
0,073253	0,006741	-0,157732
0,037533	0,004428	-0,190346
-0,004459	-0,036680	-0,167596
-0,009304	-0,066698	-0,162812
0,081619	-0,085914	-0,187708
0,249170	-0,062982	-0,178902
0,371711	-0,013996	-0,154609
0,349090	0,024240	-0,149542
0,225635	0,027046	-0,107183
0,077077	0,025470	-0,029252
-0,082943	0,035696	-0,036805
-0,201388	0,035271	-0,021778
-0,282729	0,034918	0,005551
-0,284606	0,051872	0,003489
-0,162561	0,037665	-0,010612
-0,099409	0,040667	0,032685
-0,039305	0,039235	0,139160
0,086354	0,036185	0,303821
0,216568	0,002130	0,323501
0,288172	0,017988	0,279870
0,283211	0,010558	0,226765
0,223700	-0,028907	0,128738
0,117668	-0,020245	0,013928
0,029010	-0,033444	-0,076968
0,002139	-0,043991	-0,072109
-0,004991	0,007910	-0,006931
-0,005909	0,027398	-0,027566
0,024008	0,068842	-0,000031
0,076665	0,079011	-0,061316
0,118790	0,032569	-0,125665
0,103650	-0,010345	-0,134052
0,085789	-0,019763	-0,143631
0,027457	-0,030178	-0,120655
-0,027839	-0,018393	-0,081192
-0,065362	0,001570	-0,036230
-0,148054	0,021361	-0,026103
-0,148131	0,034325	0,004972
-0,123302	0,013093	0,025999
-0,127365	-0,027832	0,019847
-0,129663	-0,054821	0,078121
-0,052021	-0,078330	0,112302
0,075216	-0,068414	0,129099
0,222978	-0,085382	0,092744
0,245423	-0,055855	0,050257
0,164735	-0,104059	-0,000017
0,015907	-0,135921	-0,016297
-0,049518	-0,103939	-0,005372
-0,100906	-0,039108	-0,054102
-0,117114	0,007984	-0,139998
-0,054433	0,020755	-0,199156
-0,044499	-0,026499	-0,245507
-0,045182	-0,039388	-0,269196
-0,056250	-0,027677	-0,195240
-0,091936	-0,027891	-0,075747
-0,043862	-0,022313	0,048570
0,035785	-0,019767	0,046522
0,005642	-0,020598	-0,107387
-0,033792	-0,001159	-0,240097
-0,082576	0,030677	-0,138452
-0,085214	0,022625	0,005120
-0,018378	0,027670	0,235847
0,091608	-0,012337	0,330425
0,153731	-0,034772	0,339035
0,203429	-0,046970	0,357422
0,269042	-0,032779	0,274438
0,253539	-0,036757	0,193696
0,173144	-0,018871	0,092713
0,092543	0,017459	-0,012023
-0,038014	0,012051	-0,118798
-0,158731	0,044113	-0,232942
-0,178706	0,021887	-0,296485
-0,193722	0,040496	-0,341583
-0,124326	0,066869	-0,339343
-0,062119	0,088933	-0,283926
-0,067883	0,080729	-0,207988
-0,068675	0,073201	-0,187459
-0,084627	0,032694	-0,136552
-0,053334	0,005086	-0,058485
0,015743	-0,009335	-0,054454
0,085385	0,004031	-0,065585
0,120982	0,035781	-0,035231
0,111141	0,064062	-0,009996
0,085092	0,070402	0,037974
0,030720	0,018969	0,075387
0,015958	0,002724	0,106281
0,052988	-0,022723	0,142483
0,081648	-0,018179	0,149424
0,110338	-0,016448	0,228719
0,117958	-0,002635	0,210746
0,048395	0,031412	0,166680
0,031050	0,017476	0,140046
0,003770	-0,005172	0,093848
0,029835	-0,013720	-0,003462
-0,009652	0,035948	-0,003722
-0,055598	0,059410	-0,002025
-0,076082	0,033161	0,098942
-0,082900	0,030362	0,179715
-0,075890	-0,001565	0,251987
-0,081781	-0,019453	0,259048
-0,077876	-0,059617	0,233093
-0,071884	-0,039075	0,149133
-0,080493	0,008009	0,054182
-0,099819	0,038963	0,016527
-0,085605	0,045538	-0,027001
-0,113491	0,006742	-0,035004
-0,124313	-0,011842	-0,051953
-0,111902	-0,004688	-0,076035
-0,051216	-0,010452	-0,150856
0,031806	-0,025598	-0,149407
0,129839	-0,020478	-0,122407
0,144093	-0,051820	-0,111329
0,165067	-0,068274	-0,084278
0,133970	-0,068987	-0,126798
0,064085	-0,054225	-0,088023
-0,023427	-0,027096	-0,062764
-0,095365	-0,012106	-0,074149
-0,066710	-0,011601	-0,017181
-0,027513	-0,040885	0,104053
0,043114	-0,045160	0,198159
0,121637	-0,038997	0,246637
0,140413	-0,003427	0,258601
0,063478	0,016412	0,150374
0,003858	0,007392	0,000585
0,003087	-0,033357	-0,088594
0,047489	-0,044886	-0,172390
0,035110	-0,005257	-0,259531
-0,009253	0,033148	-0,310102
-0,040923	0,024601	-0,261485
-0,103612	0,011063	-0,220687
-0,157585	-0,049573	-0,233044
-0,119366	-0,074131	-0,236239
-0,065805	-0,054520	-0,263686
-0,021040	-0,057983	-0,262670
-0,015880	-0,018616	-0,202470
-0,040475	-0,022547	-0,117920
-0,044831	-0,018038	-0,036878
0,029259	-0,053700	0,012637
0,181427	-0,060197	0,115456
0,265808	-0,042408	0,207282
0,286389	-0,023392	0,328631
0,236778	-0,023511	0,342397
0,117596	-0,021677	0,264335
-0,066824	0,005644	0,184649
-0,233501	0,025584	0,100795
-0,374508	0,092294	-0,029495
-0,364719	0,097773	-0,096375
-0,164407	0,059066	0,026330
0,085869	0,040551	0,095759
0,233417	0,064045	0,088094
0,238443	0,085709	0,013017
0,177351	0,094421	0,052552
0,089207	0,063086	0,012354
-0,021530	0,078252	-0,004485
-0,120654	0,089408	-0,035192
-0,185586	0,086859	-0,062626
-0,264350	0,082891	-0,072123
-0,271820	0,084513	-0,073030
