1,948423	-1,306927	-10,010203
1,919699	-1,192033	-9,971905
1,938848	-1,201607	-9,924032
1,919699	-1,182458	-9,885734
1,957998	-1,249480	-10,086800
1,919699	-1,354800	-10,010203
1,890976	-1,373949	-9,914457
1,929274	-1,393099	-9,885734
1,900550	-1,469695	-9,924032
1,833528	-1,479270	-9,971905
1,823954	-1,546291	-9,991054
1,833528	-1,603739	-9,857010
1,833528	-1,594164	-9,857010
1,814379	-1,450546	-9,866585
1,766506	-1,517568	-10,096374
1,795230	-1,833528	-9,991054
1,795230	-1,776081	-9,770839
1,766506	-1,546291	-9,981480
1,689910	-1,756932	-10,153821
1,670761	-2,120765	-10,125097
1,689910	-1,977147	-10,077225
1,689910	-1,804805	-10,192120
1,527142	-1,785655	-10,297440
1,450546	-2,053743	-10,086800
1,507993	-2,245234	-10,048501
1,440971	-2,408002	-10,067650
1,316502	-2,618642	-10,335738
1,268629	-2,666515	-10,086800
1,249480	-2,475024	-9,904882
1,115436	-2,388853	-10,172971
1,067564	-2,695239	-9,933606
0,990967	-3,116519	-9,933606
0,943094	-3,269712	-9,962330
0,876072	-3,202690	-10,211268
0,847349	-3,509076	-9,770839
0,742028	-3,442055	-9,780414
0,665432	-3,260138	-9,617646
0,569686	-3,288862	-9,569773
0,454792	-3,518651	-9,761265
0,406919	-3,738866	-9,588923
0,301599	-3,671844	-9,493176
0,196278	-3,681418	-9,445304
0,062235	-3,834611	-9,588923
-0,004787	-4,064401	-9,502751
-0,090958	-4,198445	-9,397431
-0,177129	-4,227169	-9,282537
-0,349471	-4,342063	-9,464453
-0,435643	-4,619725	-9,627220
-0,579261	-4,591002	-9,426155
-0,761178	-4,409085	-9,330409
-0,962243	-4,485682	-8,957002
-1,125011	-4,686748	-8,947427
-1,230331	-4,868664	-8,937852
-1,364375	-4,897388	-8,612317
-1,584590	-5,031432	-8,554870
-1,680335	-5,462287	-8,593168
-1,804805	-5,519734	-8,775084
-2,053743	-5,309094	-8,535721
-2,273958	-5,309094	-8,353804
-2,417577	-5,577181	-8,210186
-2,609068	-5,806971	-8,181462
-2,838857	-5,864419	-7,855927
-2,915454	-6,103782	-7,674010
-3,020774	-5,979313	-7,683585
-3,317585	-5,902717	-7,310177
-3,509076	-5,950589	-6,994216
-3,633546	-6,113357	-6,697405
-3,796313	-6,237826	-6,467616
-3,939932	-6,410168	-6,142080
-4,131423	-6,352721	-6,027186
-4,351638	-6,256975	-5,845269
-4,591002	-6,276124	-5,558033
-4,638875	-6,448466	-5,155901
-4,763344	-6,295273	-4,973984
-4,993133	-6,218677	-4,839940
-5,117602	-6,304848	-4,495256
-5,261221	-6,237826	-4,236743
-5,414414	-6,122931	-4,083550
-5,634629	-6,161230	-3,872910
-5,739949	-6,247401	-3,652695
-5,893142	-6,266550	-3,451629
-6,103782	-6,017611	-3,298436
-6,247401	-5,960164	-2,925028
-6,410168	-6,055910	-2,781410
-6,582510	-6,142080	-2,723963
-6,649532	-6,094208	-2,446300
-6,716554	-5,921865	-2,235660
-6,898471	-5,797396	-1,986721
-6,917620	-5,692076	-1,661186
-7,118686	-5,510159	-1,737783
-7,319751	-5,682502	-1,555866
-7,329326	-5,366541	-1,125011
-7,367624	-5,347392	-0,933520
-7,472944	-5,433563	-0,847349
-7,568690	-5,060155	-0,502664
-7,731458	-4,658024	-0,473941
-7,750607	-4,753769	-0,320748
-7,750607	-4,523980	-0,110107
-7,865501	-4,418660	-0,100533
-7,913374	-4,169721	0,234577
-7,989971	-3,681418	0,473941
-8,037844	-3,700568	0,540963
-8,133589	-3,518651	0,598410
-8,191036	-3,183541	0,703730
-8,191036	-2,934603	1,096287
-8,325080	-2,589919	1,163309
-8,344230	-2,666515	1,239906
-8,411251	-2,360129	1,383524
-8,420826	-2,063318	1,584590
-8,392102	-1,929274	1,718634
-8,420826	-1,833528	1,756932
-8,564445	-1,575015	1,680335
-8,621892	-1,268629	1,689910
-8,583593	-1,230331	1,938848
-8,612317	-1,019691	2,063318
-8,612317	-0,847349	1,977147
-8,602742	-0,694156	2,197362
-8,564445	-0,646283	2,360129
-8,593168	-0,483515	2,293107
-8,660190	-0,435643	2,417577
-8,650616	-0,186704	2,551620
-8,660190	-0,110107	2,408002
-8,708063	0,033511	2,331405
-8,574018	0,110107	2,475024
-8,631466	0,186704	2,628217
-8,660190	0,234577	2,570770
-8,650616	0,234577	2,685664
-8,564445	0,397344	2,589919
-8,650616	0,282450	2,580344
-8,669765	0,368621	2,762261
-8,612317	0,464366	2,905879
-8,621892	0,464366	2,656940
-8,650616	0,368621	2,503747
-8,736787	0,416493	2,637791
-8,708063	0,579261	2,628217
-8,688913	0,512239	2,819708
-8,746361	0,627134	2,800559
-8,851681	0,694156	2,618642
-8,784659	0,751603	2,637791
-8,775084	0,818625	2,704813
-8,717637	0,713305	2,819708
-8,736787	0,799476	2,771835
-8,708063	0,876072	2,723963
-8,698488	0,876072	2,819708
-8,736787	0,923945	2,685664
-8,736787	0,742028	2,762261
-8,717637	1,067564	2,896305
-8,602742	0,981392	2,838857
-8,746361	0,904796	2,790984
-8,708063	0,943094	2,867581
-8,717637	0,914371	2,877155
-8,755936	0,885647	2,867581
-8,755936	0,904796	2,896305
-8,688913	0,981392	2,867581
-8,746361	0,952669	2,858006
-8,794233	0,914371	2,886730
-8,727212	0,914371	2,944177
-8,660190	0,876072	2,934603
-8,717637	0,923945	2,953752
-8,717637	0,923945	2,867581
-8,708063	0,952669	2,963326
-8,717637	0,962243	2,982476
-8,717637	0,933520	2,963326
-8,755936	0,943094	2,810133
-8,736787	0,837774	2,925028
-8,717637	1,000542	2,982476
-8,688913	0,895221	2,848432
-8,794233	0,923945	2,752686
-8,736787	0,923945	2,810133
-8,727212	0,923945	2,982476
-8,708063	0,866498	2,982476
-8,717637	0,828200	2,934603
-8,688913	0,914371	3,011199
-8,641041	1,038840	2,800559
-8,688913	0,885647	2,810133
-8,641041	1,048414	2,905879
-8,612317	0,962243	2,982476
-8,650616	0,876072	2,915454
-8,679339	0,962243	2,925028
-8,746361	1,038840	3,020774
-8,755936	0,971818	2,819708
-8,803808	0,780327	2,800559
-8,813383	0,914371	2,934603
-8,803808	1,029265	2,915454
-8,861256	0,943094	2,886730
-8,851681	0,933520	2,867581
-8,851681	0,895221	2,972901
-8,803808	1,029265	2,963326
-8,794233	0,962243	2,858006
-8,822957	0,933520	2,915454
-8,755936	1,067564	2,877155
-8,755936	1,019691	2,810133
-8,794233	1,019691	2,972901
-8,746361	1,038840	2,944177
-8,775084	0,952669	2,819708
-8,746361	1,000542	2,867581
-8,679339	1,029265	2,838857
-8,727212	0,847349	2,953752
-8,736787	1,000542	2,982476
-8,736787	0,962243	2,800559
-8,765511	0,943094	2,867581
-8,660190	0,981392	2,858006
-8,708063	0,904796	2,972901
-8,650616	1,010116	2,838857
-8,717637	0,952669	2,743112
-8,794233	0,962243	2,905879
-8,708063	1,038840	2,829283
-8,746361	0,990967	2,723963
-8,736787	1,029265	2,762261
-8,736787	1,077138	2,896305
-8,688913	1,038840	2,934603
-8,784659	0,952669	2,858006
-8,775084	1,000542	2,886730
-8,755936	0,943094	2,934603
-8,832532	0,895221	2,867581
-8,813383	0,847349	2,896305
-8,832532	0,856923	2,838857
-8,842107	0,684581	2,858006
-8,775084	0,703730	2,934603
-8,746361	0,722879	2,905879
-8,794233	0,636708	2,896305
-8,822957	0,761178	2,886730
-8,765511	0,799476	2,848432
-8,813383	0,799476	2,819708
-8,813383	0,876072	2,838857
-8,775084	0,856923	2,915454
-8,765511	0,885647	2,905879
-8,755936	0,914371	2,877155
-8,755936	0,923945	2,886730
-8,736787	0,943094	2,905879
-8,717637	0,933520	2,896305
-8,727212	0,933520	2,848432
-8,765511	1,019691	2,781410
-8,736787	0,933520	2,743112
-8,746361	0,914371	2,848432
-8,669765	0,914371	2,896305
-8,650616	0,751603	2,896305
-8,669765	0,818625	2,848432
-8,621892	0,904796	2,743112
-8,602742	0,866498	2,762261
-8,554870	0,866498	2,733537
-8,506997	0,828200	2,800559
-8,506997	1,029265	2,695239
-8,459125	0,904796	2,561195
-8,478273	0,675007	2,704813
-8,526146	0,694156	2,790984
-8,506997	0,579261	2,733537
-8,583593	0,502664	2,704813
-8,688913	0,416493	2,676090
-8,708063	0,301599	2,599493
-8,698488	0,138831	2,599493
-8,755936	0,090958	2,589919
-8,851681	0,043086	2,522897
-8,851681	0,033511	2,551620
-8,842107	-0,196278	2,388853
-8,889979	-0,330322	2,379278
-8,870831	-0,416493	2,465449
-8,851681	-0,493090	2,408002
-8,861256	-0,627134	2,436726
-8,870831	-0,646283	2,293107
-8,899554	-0,732454	2,245234
-8,822957	-0,789901	2,235660
-8,794233	-0,943094	2,197362
-8,765511	-1,096287	2,025020
-8,775084	-1,172884	1,957998
-8,583593	-1,306927	2,034594
-8,497422	-1,393099	2,034594
-8,487848	-1,536717	1,890976
-8,468699	-1,565441	1,689910
-8,420826	-1,642037	1,622888
-8,305931	-1,852677	1,670761
-8,277207	-2,092041	1,642037
-8,277207	-2,226085	1,460120
-8,315506	-2,475024	1,536717
-8,248484	-2,628217	1,584590
-8,210186	-2,905879	1,632463
-8,229335	-3,116519	1,498419
-8,152739	-3,269712	1,326077
-8,229335	-3,394182	1,239906
-8,133589	-3,537800	1,211182
-8,037844	-3,853760	1,077138
-8,018694	-4,140997	0,933520
-7,970821	-4,275041	0,809050
-7,942098	-4,179296	0,598410
-7,750607	-4,571853	0,531388
-7,587839	-4,744195	0,569686
-7,549541	-4,916537	0,435643
-7,482519	-4,983559	0,157980
-7,329326	-5,031432	0,062235
-7,070813	-4,964410	-0,033511
-6,879322	-5,213348	-0,043086
-6,706980	-5,337818	-0,292024
-6,525063	-5,749524	-0,464366
-6,505914	-5,644203	-0,952669
-6,630383	-5,644203	-1,287778
-6,381444	-6,228251	-1,029265
-6,075058	-6,170804	-0,914371
-6,055910	-6,381444	-1,536717
-6,055910	-6,975067	-2,484598
-5,806971	-7,425072	-2,139914
-5,347392	-7,338901	-1,977147
-5,318668	-7,683585	-2,312256
-5,452712	-7,712308	-2,848432
-5,462287	-7,492094	-3,365458
-5,136752	-7,903800	-3,135669
-4,753769	-7,894225	-3,240989
-4,571853	-7,989971	-3,480353
-4,523980	-7,846352	-3,968655
-4,562278	-7,913374	-4,217594
-4,380362	-7,846352	-4,313340
-4,102699	-8,066567	-4,265467
-3,786739	-8,056993	-4,466532
-3,643120	-7,693159	-4,734620
-3,623971	-7,472944	-5,002708
-3,451629	-7,587839	-5,155901
-3,145243	-7,674010	-5,347392
-2,972901	-7,635712	-5,433563
-2,829283	-7,530392	-5,423988
-2,551620	-7,348475	-5,289945
-2,254809	-7,137835	-5,127177
-2,111191	-6,256975	-5,902717
-2,216511	-4,897388	-8,191036
-2,092041	-6,343146	-7,415497
-1,412248	-6,946343	-6,668681
-1,096287	-6,400594	-7,032515
-1,364375	-6,467616	-7,635712
-1,555866	-6,094208	-8,851681
-1,479270	-5,902717	-8,593168
-1,201607	-5,921865	-7,855927
-0,876072	-5,739949	-7,903800
-0,675007	-5,596331	-8,286782
-0,732454	-5,404840	-9,301685
-0,665432	-5,548458	-9,196365
-0,426068	-5,739949	-8,870831
-0,282450	-5,414414	-8,995299
-0,205853	-4,926111	-9,349558
-0,186704	-4,389936	-9,933606
-0,071809	-4,887813	-10,048501
0,129257	-4,973984	-9,713391
0,378195	-4,456958	-9,512326
0,540963	-3,997379	-9,924032
0,531388	-4,169721	-10,345312
0,655857	-4,112274	-10,364462
0,837774	-3,710142	-9,751690
0,876072	-3,231414	-9,454879
0,952669	-3,173967	-9,694242
0,981392	-3,145243	-9,703817
1,115436	-3,193116	-9,512326
1,201607	-2,858006	-9,732541
1,278204	-2,819708	-9,857010
1,278204	-2,704813	-9,933606
1,306927	-2,877155	-9,617646
1,364375	-2,762261	-9,531475
1,412248	-2,475024	-9,694242
1,469695	-2,350555	-9,904882
1,536717	-2,436726	-9,933606
1,642037	-2,408002	-9,847435
1,756932	-2,427151	-9,665519
1,814379	-2,465449	-9,713391
1,833528	-2,312256	-9,943181
1,910125	-2,455875	-10,077225
1,890976	-2,197362	-10,259142
1,938848	-1,900550	-10,058076
2,005870	-1,843103	-10,010203
2,063318	-1,910125	-10,067650
2,092041	-1,833528	-10,163396
2,092041	-1,843103	-10,163396
2,120765	-1,699484	-10,077225
2,139914	-1,306927	-10,058076
2,149489	-1,144160	-9,943181
2,149489	-1,172884	-9,713391
2,139914	-1,268629	-9,761265
2,120765	-1,431397	-9,962330
2,101616	-1,393099	-10,163396
2,139914	-1,316502	-10,144247
2,101616	-1,306927	-9,722966
2,053743	-1,211182	-9,474028
2,063318	-1,153735	-10,010203
2,187787	-1,287778	-10,335738
2,216511	-1,297353	-10,249567
2,206936	-1,239906	-9,818711
2,149489	-1,134585	-9,713391
2,206936	-1,393099	-9,933606
2,245234	-1,747357	-10,144247
2,235660	-1,670761	-10,230418
2,235660	-1,642037	-10,249567
2,226085	-1,680335	-10,201694
2,235660	-1,756932	-9,962330
2,178212	-1,651612	-9,732541
2,149489	-1,632463	-9,684668
