0,074249	0,648819	9,482727
0,047913	0,693100	9,627579
0,114944	0,664383	9,640747
0,192764	0,646423	9,804749
0,215500	0,714661	9,878967
0,208328	0,739792	9,877777
0,235855	0,712265	9,768829
0,259796	0,714661	9,604828
0,219101	0,752960	9,474350
0,211914	0,699097	9,431259
0,314865	0,657196	9,420471
0,387894	0,696701	9,444427
0,371124	0,746979	9,408508
0,339996	0,691910	9,342667
0,344788	0,632050	9,286407
0,280151	0,684723	9,245697
0,177200	0,743378	9,214584
0,155655	0,714661	9,244507
0,215500	0,659592	9,374985
0,193954	0,652405	9,547379
0,211914	0,646423	9,651520
0,287338	0,634445	9,718552
0,306488	0,645218	9,718552
0,277756	0,646423	9,662292
0,198746	0,605713	9,615601
0,178391	0,586563	9,562927
0,215500	0,576981	9,564133
0,245438	0,533890	9,541382
0,261002	0,553040	9,591660
0,252609	0,609314	9,621597
0,284943	0,588959	9,542587
0,311279	0,533890	9,511459
0,301697	0,535095	9,511459
0,305283	0,519531	9,572510
0,328033	0,524307	9,565323
0,313675	0,547058	9,432449
0,249023	0,565018	8,578918
0,123322	0,367493	9,317535
0,231064	0,474030	10,385345
0,427399	0,750565	9,801163
0,401062	0,679932	9,802353
0,457321	0,433334	9,913681
0,465698	0,403412	9,893341
0,434570	0,495590	9,813126
0,462112	0,474030	9,995087
0,515976	0,532700	9,990295
0,539917	0,587753	9,825104
0,580627	0,573395	9,676651
0,617737	0,530304	9,530609
0,583008	0,514740	9,416885
0,512390	0,527908	9,330704
0,505203	0,507553	9,287598
0,495621	0,494385	9,297180
0,471680	0,463257	9,392944
0,450134	0,500366	9,572510
0,416626	0,447693	9,749680
0,336411	0,432144	9,867004
0,240646	0,424957	10,005859
0,215500	0,371078	10,015442
0,208328	0,350739	10,058533
0,227478	0,264542	10,058533
0,210724	0,241806	10,029800
0,209518	0,240601	10,009445
0,235855	0,219055	10,042969
0,284943	0,198700	10,068115
0,329224	0,233414	10,190216
0,347183	0,210678	10,271622
0,373520	0,191513	10,330276
0,403458	0,198700	10,239288
0,438171	0,199905	10,056137
0,423798	0,238205	9,913681
0,402252	0,250183	9,882553
0,453735	0,210678	9,951996
0,456116	0,227432	10,002274
0,357956	0,205887	10,004669
0,220291	0,270523	9,995087
0,239441	0,287292	9,953186
0,319656	0,258560	9,923264
0,411835	0,245392	9,967560
0,439362	0,246582	9,953186
0,408234	0,258560	9,780807
0,387894	0,264542	9,585678
0,343597	0,289688	9,546173
0,362747	0,274124	9,574905
0,345993	0,231018	9,553360
0,295715	0,244186	9,565323
0,304092	0,223846	9,606033
0,304092	0,186737	9,673065
0,255005	0,163986	9,706589
0,201141	0,154404	9,844254
0,165222	0,137650	10,019028
0,149658	0,144836	10,149506
0,080231	0,108917	10,272812
0,028763	0,041885	10,368576
-0,055038	0,096954	10,416473
-0,177139	0,119690	10,434418
-0,174744	0,087372	10,332672
0,202332	-0,039520	10,191406
0,545898	-0,056274	10,172256
0,650055	0,001175	10,149506
0,644073	0,027512	10,019028
0,462112	0,044281	9,661102
0,395065	0,020340	9,311539
0,318451	0,047867	9,215775
0,342392	0,045471	9,299576
0,465698	0,046677	9,456390
0,487244	0,058640	9,594055
0,439362	0,080185	9,737717
0,453735	0,059845	9,882553
0,465698	0,028717	10,020233
0,456116	0,038284	10,065720
0,435776	0,074203	9,979523
0,404648	0,086182	9,971146
0,342392	0,135254	9,973541
0,274170	0,150818	9,867004
0,217896	0,144836	9,743698
0,239441	0,131668	9,731720
0,331619	0,162796	9,793976
0,341202	0,149628	9,867004
0,324448	0,162796	9,928055
0,350784	0,161591	9,995087
0,383102	0,203491	10,110016
0,408234	0,208282	10,142334
0,465698	0,198700	10,142334
0,458511	0,222641	10,161484
0,407043	0,219055	10,124374
0,389084	0,205887	10,025009
0,377121	0,276520	9,902908
0,398666	0,338760	9,853836
0,460907	0,338760	9,868195
0,598572	0,305252	9,793976
0,671600	0,316025	9,717361
0,754196	0,277710	9,752075
0,764969	0,339966	9,965164
0,700333	0,363907	10,107620
0,615341	0,347137	10,162674
0,561462	0,298065	10,260849
0,517181	0,320801	10,392517
0,499222	0,319611	10,502655
0,532730	0,314819	10,581665
0,525558	0,295670	10,664261
0,505203	0,311234	10,687012
0,551895	0,377075	10,716934
0,714691	0,319611	10,827072
0,816452	0,320801	11,020996
0,751801	0,371078	11,190994
0,611740	0,456085	11,104797
0,554291	0,454880	10,901291
0,566254	0,435730	10,740875
0,677582	0,494385	10,683426
0,820038	0,560226	10,660675
0,998413	0,634445	10,478714
1,115723	0,707474	10,032196
1,199524	0,769714	9,541382
1,254593	0,839157	9,164307
1,364716	0,938507	8,997910
1,462891	1,048645	8,935654
1,540695	1,157578	8,961990
1,625687	1,223419	8,833893
1,714279	1,246170	8,763275
1,854340	1,289261	8,876999
1,865112	1,404190	9,000290
1,805252	1,466431	8,995514
1,756180	1,436508	8,946426
1,677170	1,478409	8,939240
1,602951	1,543045	9,060150
1,660400	1,577759	9,286407
1,843567	1,590927	9,385757
1,917786	1,626846	9,357025
1,880676	1,669937	9,319916
1,842361	1,629242	9,327103
1,857925	1,598114	9,453995
1,969254	1,596924	9,723343
2,108124	1,581360	9,932831
2,145233	1,623260	10,014236
2,033905	1,705856	9,947205
1,904617	1,780075	9,925659
1,898636	1,727402	9,857422
2,012360	1,717819	9,704193
2,111710	1,814789	9,646729
2,124878	1,885422	9,564133
2,184738	1,927322	9,379776
2,163193	1,960831	9,219360
2,103333	2,049423	8,936844
2,027924	2,072159	8,616028
2,078201	2,048218	8,414917
2,183533	2,063782	8,542999
2,268539	2,110474	8,860229
2,372681	2,106888	9,197815
2,393036	2,063782	9,446808
2,390640	2,032669	9,628769
2,422958	2,033859	9,825104
2,452881	2,029068	10,060928
2,506760	2,087723	10,236908
2,529495	2,110474	10,143524
2,504364	2,090118	9,911285
2,501968	2,063782	9,613205
2,466049	2,097305	9,513855
2,427750	2,099701	9,553360
2,509155	2,151169	9,549759
2,486404	2,228989	9,506668
2,462463	2,195465	9,480331
2,452881	2,166733	9,540192
2,410995	2,207443	9,625183
2,318817	2,227783	9,762848
2,255371	2,211029	9,851440
2,281708	2,172729	9,924454
2,341553	2,179901	9,998672
2,346344	2,274475	9,895721
2,328384	2,268494	9,799957
2,327194	2,296021	9,785599
2,327194	2,352295	9,825104
2,291275	2,432495	9,808334
2,281708	2,432495	9,797562
2,306839	2,467209	9,835876
2,388245	2,458832	9,796371
2,443314	2,464813	9,750885
2,504364	2,458832	9,665878
2,480423	2,498337	9,606033
2,464859	2,539032	9,576096
2,518723	2,566574	9,627579
2,503159	2,594101	9,621597
2,448105	2,628815	9,597656
2,389435	2,694656	9,589264
2,330780	2,677902	9,546173
2,330780	2,685089	9,425262
2,399017	2,713806	9,312744
2,316422	2,748535	9,297180
2,264938	2,753311	9,263657
2,209869	2,713806	9,208588
2,171570	2,764084	9,160706
2,176361	2,832321	9,208588
2,298462	2,794022	9,426468
2,463654	2,697052	9,600037
2,503159	2,765289	9,559341
2,451691	2,841904	9,498291
2,375076	2,851486	9,549759
2,238602	2,859863	9,475540
2,164383	2,874222	9,352249
2,148819	2,862259	9,444427
2,104538	2,874222	9,458786
2,037491	2,906540	9,312744
1,978836	2,855072	9,212189
1,916580	2,862259	9,281616
1,849548	2,916122	9,372589
1,808853	2,929291	9,416885
1,814835	2,876617	9,365417
1,845963	2,857468	9,386963
1,838776	2,907745	9,470764
1,857925	2,912537	9,518646
1,905807	2,893372	9,451599
1,879471	2,942459	9,263657
1,787292	3,004715	8,924881
1,799271	2,947250	8,626801
1,816025	2,949646	8,505890
1,845963	3,038223	8,544205
1,944122	3,081329	8,533432
2,018341	3,050201	8,578918
2,114105	3,063370	8,655533
2,161987	3,080124	8,784821
2,196701	3,100479	8,902130
2,171570	3,139984	8,872208
2,080582	3,163925	8,805176
2,051865	3,201035	8,865021
2,120087	3,287216	9,137970
2,170364	3,344681	9,371399
2,209869	3,361450	9,506668
2,196701	3,409332	9,595261
2,202698	3,462006	9,670670
2,170364	3,556564	9,731720
2,208679	3,636780	9,629974
2,185928	3,732544	9,480331
2,303253	3,748108	9,354645
2,442108	3,787613	9,249298
2,598938	3,882187	9,272034
2,625275	3,956406	9,287598
2,610901	4,062943	9,173874
2,566605	4,127594	9,039795
2,467255	4,214981	8,966782
2,419373	4,278427	8,888962
2,329590	4,323914	8,811157
2,323593	4,377777	8,836288
2,421768	4,380173	8,953613
2,464859	4,402924	9,026627
2,446899	4,461578	9,160706
2,375076	4,552551	9,187042
2,284088	4,595657	9,149933
2,116501	4,687836	8,976349
2,035095	4,736908	8,752502
2,127274	4,753677	8,655533
2,276917	4,794373	8,673492
2,325989	4,849442	8,698624
2,329590	4,887741	8,680664
2,360718	4,951187	8,599274
2,347549	5,019424	8,492722
2,250580	5,084076	8,402939
2,128479	5,130753	8,387375
2,041077	5,202591	8,456818
1,977631	5,224136	8,607651
1,982422	5,283981	8,783615
2,012360	5,325882	8,793198
2,066223	5,347427	8,699829
2,144028	5,449188	8,487930
2,184738	5,540161	8,122818
2,268539	5,606003	7,944458
2,402603	5,651505	7,980362
2,486404	5,682617	7,864243
2,451691	5,710159	7,629623
2,379868	5,756836	7,408157
2,304443	5,783173	7,338715
2,181152	5,783173	7,435684
2,020737	5,650299	7,390198
1,808853	5,385742	7,143600
1,063049	5,045761	6,687500
-0,298050	5,276810	6,777283
-0,766113	6,432007	8,965576
0,703918	6,955139	11,566879
2,065033	6,169846	11,821869
2,211075	5,475525	10,139938
1,794479	5,750854	8,745316
2,075806	6,227310	8,362244
2,950882	5,910065	8,381393
3,148407	5,801132	7,778061
2,876663	6,030975	6,688690
2,695892	6,191391	5,760941
2,615692	6,227310	5,501175
2,505554	6,330261	5,770523
2,336761	6,491867	6,055435
2,152420	6,579254	6,088943
1,965668	6,630722	5,966843
1,854340	6,651077	5,960861
1,832794	6,657059	6,177536
1,806458	6,652267	6,364273
1,754974	6,628326	6,563004
1,595764	6,609177	6,688690
1,339584	6,612762	6,845520
1,016373	6,686996	6,965225
0,836807	6,702545	7,293228
0,945740	6,659454	7,840302
1,065445	6,760010	7,897766
1,215088	6,799515	7,573349
1,492813	6,719315	7,241760
2,021927	6,730087	6,950867
2,716248	6,823456	6,710236
3,215439	6,983871	6,026703
3,497955	6,880920	5,076202
3,547043	6,652267	4,354355
3,223816	6,774384	4,070633
2,766525	7,200546	4,318436
2,440918	7,315460	4,802063
2,121292	7,298706	5,207886
1,825607	7,388489	5,496384
1,734619	7,487854	5,704681
1,756180	7,420807	5,897415
1,839966	7,347794	6,041061
1,907013	7,422012	6,114090
1,926163	7,457916	6,067398
1,856735	7,459122	6,006348
1,764557	7,473480	5,951279
1,701111	7,523758	5,965652
1,723846	7,609955	6,117676
1,794479	7,694946	6,226608
1,850739	7,736847	6,041061
1,893845	7,778748	5,804031
1,917786	7,788330	5,660385
1,861526	7,851776	5,443710
1,784912	7,961899	5,260559
1,739410	8,060059	5,085770
1,677170	8,088791	4,741013
1,557449	8,154633	4,354355
1,516754	8,182175	4,172394
1,486832	8,312653	4,252594
1,462891	8,410812	4,162811
1,359940	8,445526	3,857544
1,297684	8,471863	3,676788
1,330002	8,457504	3,796494
1,413803	8,488632	4,204712
1,430557	8,540100	4,659607
1,341980	8,556854	4,958878
1,206711	8,565247	5,138443
1,157623	8,567642	5,217453
1,104950	8,582001	5,249786
1,195938	8,566437	5,392227
1,318039	8,620300	5,569412
1,371902	8,676575	5,565811
1,459290	8,757980	5,165985
1,490417	8,738815	4,760162
1,517944	8,736420	4,690735
1,513168	8,798676	4,829590
1,400635	8,866913	4,955292
1,270157	8,827408	4,912201
1,167206	8,763962	4,762558
1,075027	8,802261	4,896637
1,027145	8,875290	5,192322
0,860748	8,901627	5,189926
0,587799	8,884872	5,077393
0,405838	8,915985	5,045074
0,401062	8,956696	5,030716
0,414230	8,910004	4,782913
0,339996	8,880081	4,341187
0,367538	8,865707	4,089783
0,444153	8,875290	4,065842
0,560272	8,852539	3,934158
0,586609	8,858536	3,694748
0,486053	8,839371	3,451736
0,439362	8,789093	3,463699
0,336411	8,816635	3,825226
0,174805	8,889648	4,192734
-0,029907	8,895645	4,160416
-0,104126	8,862122	3,841995
-0,148407	8,841766	3,479263
-0,235794	8,881271	3,292526
-0,298050	8,834595	3,259003
-0,258545	8,787903	3,402649
-0,178345	8,698120	3,583420
-0,235794	8,728043	3,487640
-0,357910	8,761566	3,233856
-0,420151	8,682556	3,260193
-0,501556	8,675369	3,566650
-0,567398	8,719666	3,813263
-0,720627	8,695724	3,798889
-0,775696	8,629883	3,604965
-0,784073	8,647842	3,452927
-0,758942	8,670593	3,139297
-0,793655	8,674179	2,889099
-0,869064	8,632278	2,647278
-0,910965	8,595169	2,383926
-0,987579	8,602356	2,186401
-1,133621	8,611923	1,969727
-1,347916	8,538910	1,796143
-1,614868	8,497009	1,729111
-1,813583	8,494614	1,835648
-1,922516	8,470673	2,142105
-2,061386	8,428772	2,515594
-2,090118	8,410812	2,676010
-2,231369	8,417999	2,517990
-2,329529	8,329407	2,273788
-2,378616	8,197723	2,185196
-2,371429	8,165405	2,265411
-2,298401	8,176178	2,286957
-2,255310	8,185760	2,257034
-2,324738	8,206116	2,021194
-2,420517	8,183365	1,645309
-2,492340	8,086395	1,347229
-2,600082	8,136673	1,088654
-2,732956	8,182175	0,840851
-2,856262	8,180969	0,628967
-2,743729	8,118729	0,541580
-2,646759	8,109146	0,457779
-2,582123	8,098373	0,283005
-2,649155	8,086395	0,128586
-2,784424	8,078018	0,128586
-2,863434	8,026550	0,263855
-2,906540	7,958313	0,378769
-3,063354	7,946335	0,323715
-3,257278	7,927185	0,085480
-3,454803	7,861343	-0,050980
-3,592468	7,820648	0,014862
-3,797180	7,823044	0,103439
-3,991104	7,850571	0,114212
-4,079697	7,771561	0,071121
-4,204193	7,690155	-0,011475
-4,250885	7,692551	-0,043808
-4,180252	7,679382	-0,060562
-4,188629	7,696152	-0,064148
-4,293976	7,685379	-0,127594
-4,425659	7,702133	-0,090485
-4,534592	7,711700	-0,035416
-4,568115	7,702133	-0,007889
-4,559723	7,629105	-0,036621
-4,517838	7,594391	-0,009079
-4,424454	7,625519	-0,114426
-4,265244	7,576431	-0,268860
-4,147934	7,575241	-0,485535
-4,128769	7,584808	-0,748886
-4,122787	7,562073	-1,015854
-3,986313	7,445953	-1,191818
-3,925262	7,366943	-1,157104
-3,932449	7,405243	-1,114014
-4,056946	7,388489	-1,161896
-4,283203	7,291519	-1,202591
-4,653107	7,271179	-1,163086
-4,957169	7,277161	-1,100845
-5,121170	7,241241	-0,829102
-5,194199	7,210129	-0,523834
-5,355804	7,271179	-0,307159
-5,426437	7,230469	-0,376602
-5,361786	7,122742	-0,522644
-5,288757	7,082031	-0,505875
-5,312714	7,122742	-0,435257
-5,385727	7,126328	-0,466370
-5,436005	7,053299	-0,534607
-5,520996	6,989853	-0,654327
-5,668243	7,047318	-0,718964
-5,744858	7,139496	-0,675873
-5,831055	7,141891	-0,621994
-5,894501	7,115555	-0,667496
-5,784363	7,098785	-0,759674
-5,686203	7,079636	-0,961975
-5,688599	7,009003	-1,200195
-5,595215	6,920425	-1,363007
-5,477905	6,901276	-1,482712
-5,418045	6,854584	-1,616791
-5,461151	6,815079	-1,604813
-5,526993	6,731277	-1,479126
-5,627548	6,677414	-1,301956
-5,851395	6,714523	-1,199005
-6,045334	6,698959	-1,153519
-6,175812	6,648682	-1,169083
-6,303909	6,600800	-1,193024
-6,313477	6,534958	-1,244492
-6,295532	6,460739	-1,273224
-6,327850	6,464325	-1,384552
-6,440369	6,455948	-1,525818
-6,433197	6,392502	-1,552155
-6,484665	6,339828	-1,517426
-6,563675	6,313492	-1,485107
-6,611557	6,278778	-1,437225
-6,623535	6,250046	-1,426453
-6,623535	6,211746	-1,418076
-6,643875	6,120758	-1,422867
-6,689377	6,046539	-1,436035
-6,770782	5,999847	-1,455185
-6,833023	5,919647	-1,425262
-6,835419	5,852615	-1,365402
-6,861755	5,790359	-1,410889
-6,973083	5,711349	-1,436035
-7,019775	5,656281	-1,367798
-6,957520	5,558121	-1,311523
-6,862946	5,479111	-1,293579
-6,825836	5,444397	-1,307938
-6,828232	5,404892	-1,334274
-6,803101	5,437210	-1,433640
-6,709717	5,416870	-1,576096
-6,718109	5,394119	-1,738892
-6,789932	5,430038	-1,876556
-6,860565	5,480316	-1,937607
-6,868942	5,501862	-1,876556
-6,891678	5,471939	-1,864594
-7,018570	5,530594	-1,997467
-7,073639	5,531784	-2,015427
-7,078430	5,556931	-1,908890
-7,105957	5,585663	-1,950775
-7,255600	5,542557	-2,068100
-7,369324	5,495880	-2,204575
-7,503403	5,510239	-2,221329
-7,603958	5,609604	-2,098022
-7,645859	5,595230	-2,041763
-7,741623	5,543762	-2,080063
-7,945129	5,528198	-2,155487
-8,072021	5,559326	-2,165070
-8,123505	5,579666	-2,039368
-8,123505	5,530594	-1,821503
-8,141449	5,498276	-1,755661
-8,192932	5,475525	-1,728119
-8,145050	5,464752	-1,652710
-8,014557	5,366592	-1,564117
-7,817047	5,336655	-1,505463
-7,606354	5,346237	-1,566513
-7,435165	5,289978	-1,635941
-7,304688	5,240891	-1,700592
-7,181381	5,282791	-1,679047
-7,102371	5,339050	-1,687424
-7,129898	5,347427	-1,732910
-7,230469	5,333069	-1,766434
-7,308273	5,304337	-1,822693
-7,231659	5,278000	-1,815506
-7,198135	5,287582	-1,781998
-7,250809	5,341446	-1,702988
-7,299896	5,313919	-1,571304
-7,240036	5,262436	-1,455185
-7,217300	5,268433	-1,458771
-7,310669	5,305542	-1,515045
-7,413620	5,306732	-1,609604
-7,526138	5,351028	-1,613205
-7,630295	5,313919	-1,577286
-7,730850	5,295959	-1,562927
-7,769150	5,289978	-1,442017
-7,836197	5,251663	-1,406097
-7,888870	5,188217	-1,360611
-7,867325	5,166672	-1,379761
-7,857742	5,160690	-1,328293
-7,867325	5,111603	-1,242096
-7,772751	5,014633	-1,163086
-7,694931	4,993088	-1,195404
-7,649445	4,979919	-1,266037
-7,682968	4,917679	-1,397720
-7,607544	4,853027	-1,550949
-7,569244	4,841064	-1,668274
-7,585999	4,886551	-1,664673
-7,578812	4,876968	-1,676651
-7,569244	4,894928	-1,632355
-7,642258	4,948807	-1,661087
-7,758377	4,972748	-1,758057
-7,855347	4,977524	-1,866989
-7,978653	5,009857	-1,929230
-8,019348	4,978729	-1,860992
-8,104340	4,975128	-1,708969
-8,210892	5,002670	-1,621582
-8,283905	4,976334	-1,677841
-8,371292	4,921265	-1,719742
-8,407211	4,897324	-1,773605
-8,353348	4,971542	-1,851425
-8,306656	4,960770	-1,863388
-8,275528	4,933243	-1,849030
-8,268341	4,912888	-1,882553
-8,194122	4,905701	-1,956772
-8,151031	4,841064	-2,027390
-8,044495	4,809937	-2,092041
-7,988220	4,790787	-2,083664
-8,019348	4,826691	-2,096832
-8,016953	4,790787	-2,233292
-7,981049	4,772827	-2,226120
-7,991821	4,812332	-2,167450
-8,031326	4,861404	-2,092041
-8,084000	4,859024	-2,025009
-8,109131	4,836273	-2,008240
-8,163010	4,833878	-2,038177
-8,224060	4,865005	-2,072891
-8,218063	4,862610	-2,066895
-8,173782	4,838669	-1,974731
-8,179764	4,830292	-1,892120
-8,178558	4,849442	-1,877762
-8,171387	4,841064	-1,797546
-8,130676	4,833878	-1,731720
-8,021744	4,830292	-1,651505
-7,906830	4,827896	-1,639542
-7,843384	4,776413	-1,655106
-7,861328	4,739304	-1,631149
-7,803879	4,768036	-1,637146
-7,830215	4,793182	-1,694595
-7,839783	4,807541	-1,779602
-7,836197	4,808731	-1,801147
-7,813446	4,856628	-1,809525
-7,782318	4,896133	-1,826279
-7,837387	4,875778	-1,944794
-7,846970	4,894928	-2,087250
-7,899643	4,912888	-2,082458
-7,965485	4,940414	-2,036972
-7,999008	4,973938	-2,027390
-8,050476	4,945206	-2,021408
-7,990616	4,904510	-1,959167
-7,914001	4,899719	-1,795166
-7,811050	4,879364	-1,701782
-7,845764	4,873383	-1,712555
-7,882889	4,884155	-1,707764
-7,885269	4,900909	-1,694595
-7,896057	4,932037	-1,582077
-7,880493	4,923660	-1,511444
-7,823029	4,920074	-1,561722
-7,797882	4,921265	-1,688614
-7,767960	4,928452	-1,834671
-7,803879	4,926056	-1,936417
-7,805069	4,941620	-1,951981
-7,803879	4,954788	-1,868179
-7,842178	4,967957	-1,890930
-7,958298	5,005066	-2,071686
-8,050476	4,957184	-2,173447
-8,042099	4,981125	-2,125565
-8,027725	4,994293	-2,063309
-7,959503	5,032593	-2,017822
-7,860138	5,057739	-2,028595
-7,829010	5,042175	-2,004654
-7,826614	5,013443	-1,908890
-7,852951	4,995483	-1,851425
-7,869720	5,009857	-1,793961
-7,869720	5,001465	-1,713760
-7,840988	4,999084	-1,707764
-7,843384	4,984711	-1,772415
-7,824219	4,971542	-1,747269
-7,809860	5,030197	-1,704178
-7,758377	5,040970	-1,714951
-7,759583	4,985916	-1,786774
-7,850555	4,989502	-1,920853
-7,915207	5,029007	-2,015427
-7,945129	5,005066	-1,974731
-7,946335	4,996689	-1,913666
-7,958298	5,030197	-1,894516
-8,038498	5,026611	-1,865784
-8,012161	5,002670	-1,870575
-7,954712	4,975128	-1,832275
-7,948715	5,025421	-1,807129
-7,936752	4,977524	-1,864594
-7,912811	4,932037	-1,950775
-7,899643	4,945206	-1,983109
-7,776337	4,952393	-1,901703
-7,778732	4,971542	-1,932831
-7,645859	4,824295	-1,995071
-7,635086	4,897324	-2,027390
-7,676987	4,912888	-1,938812
-7,734436	4,873383	-1,895721
-7,825424	4,856628	-1,838257
-7,880493	4,869797	-1,837051
-7,931961	4,900909	-1,881348
-7,969070	4,863800	-1,882553
-7,946335	4,795563	-1,913666
-7,885269	4,794373	-1,938812
-7,878098	4,829086	-1,931625
-7,903229	4,859024	-1,967545
-7,933167	4,854233	-1,966339
-7,923584	4,845856	-1,954376
-7,943939	4,870987	-1,890930
-7,945129	4,918869	-1,816711
-7,961884	4,914078	-1,789169
-8,010971	4,933243	-1,784378
-7,982239	4,910492	-1,783188
-7,954712	4,921265	-1,731720
-7,923584	4,971542	-1,645523
-7,874496	4,975128	-1,596436
-7,793106	4,926056	-1,578491
-7,766769	4,930847	-1,662277
-7,744019	4,945206	-1,712555
-7,791901	4,970352	-1,742493
-7,834991	5,007462	-1,827484
-7,850555	4,988297	-1,841843
-7,908020	4,997879	-1,796356
-7,917603	4,953583	-1,669464
-7,892456	4,927246	-1,693405
-7,911606	4,963165	-1,748474
-8,007385	4,940414	-1,743683
-7,940338	4,917679	-1,801147
-7,886475	4,903305	-1,809525
-7,902039	4,866196	-1,760437
-7,867325	4,849442	-1,801147
-7,838593	4,870987	-1,820297
-7,849365	4,891342	-1,930435
-7,868515	4,897324	-1,986694
-7,928375	4,879364	-2,001068
-7,918793	4,878174	-1,981903
-7,899643	4,892532	-2,041763
-7,930771	4,893738	-2,034576
-7,939148	4,894928	-1,985504
-7,915207	4,900909	-1,968735
-7,874496	4,893738	-1,899307
-7,881683	4,920074	-1,767624
-7,897247	4,941620	-1,746078
-7,934357	4,930847	-1,801147
-7,906830	4,905701	-1,756851
-7,916397	4,923660	-1,717346
-7,957108	4,995483	-1,756851
-7,885269	4,948807	-1,870575
-7,875702	4,929642	-1,942398
-7,896057	4,960770	-1,969940
-7,823029	4,976334	-1,989090
-7,746414	4,981125	-1,949585
-7,670990	5,002670	-1,894516
-7,679367	4,970352	-1,928040
-7,752396	4,959579	-1,989090
-7,872101	4,965561	-1,963943
-7,927170	4,983521	-1,904099
-7,966675	5,011047	-1,770020
-8,012161	5,024216	-1,698196
-8,024139	5,025421	-1,760437
-7,955902	5,029007	-1,845444
-7,869720	5,008652	-1,787979
-7,843384	4,961960	-1,758057
-7,851761	4,938019	-1,839447
-7,857742	4,935638	-1,881348
-7,884079	4,949997	-1,917267
-7,897247	4,951187	-1,916061
-7,903229	4,939224	-1,857407
-7,855347	4,908096	-1,753265
-7,815842	4,887741	-1,717346
-7,845764	4,899719	-1,816711
-7,912811	4,894928	-1,892120
-7,937943	4,830292	-1,838257
-7,960693	4,833878	-1,705383
-7,990616	4,826691	-1,675446
-8,042099	4,831482	-1,734100
-8,062454	4,780014	-1,730515
-8,012161	4,765640	-1,656296
-7,927170	4,788391	-1,641937
-7,870911	4,791977	-1,702988
-7,829010	4,784790	-1,760437
-7,837387	4,777618	-1,813110
-7,888870	4,801559	-1,840652
-7,988220	4,770432	-1,826279
-8,021744	4,838669	-1,858612
-8,063644	4,860214	-1,702988
-7,966675	4,795563	-1,540176
-7,929565	4,797958	-1,627563
-7,987030	4,857819	-1,804733
-8,019348	4,836273	-1,895721
-7,982239	4,794373	-1,941208
-7,887665	4,830292	-1,910080
-7,825424	4,885345	-1,904099
-7,759583	4,876968	-1,969940
-7,763168	4,843460	-2,033386
-7,795486	4,849442	-2,068100
-7,745209	4,878174	-2,059723
-7,718872	4,847046	-2,047745
-7,764374	4,893738	-1,983109
-7,824219	4,905701	-1,987900
-7,821823	4,870987	-1,949585
-7,845764	4,855423	-1,930435
-7,878098	4,870987	-1,916061
-7,939148	4,909302	-1,924438
-7,987030	4,947601	-1,900497
-8,008575	4,887741	-1,864594
-8,036118	4,906906	-1,791565
-8,031326	4,947601	-1,764038
-8,021744	4,940414	-1,821503
-8,027725	4,915283	-1,874161
-7,975052	4,928452	-1,945999
-7,885269	4,945206	-1,953171
-7,872101	4,927246	-1,932831
-7,848160	4,947601	-1,969940
-7,824219	4,942810	-1,992676
-7,849365	4,946411	-2,059723
-7,868515	4,940414	-2,010635
-7,921188	4,976334	-1,922058
-7,942734	4,955978	-1,856216
-7,885269	4,912888	-1,728119
-7,826614	4,899719	-1,685028
-7,779938	4,929642	-1,723328
-7,785919	4,915283	-1,748474
-7,842178	4,882965	-1,717346
-7,935547	4,917679	-1,670654
-7,983444	4,912888	-1,606018
-8,078003	4,954788	-1,586868
-8,136673	5,019424	-1,717346
-8,117508	4,983521	-1,732910
-8,087585	5,003860	-1,693405
-7,989426	4,973938	-1,705383
-7,916397	4,979919	-1,720932
-7,887665	5,037384	-1,764038
-7,851761	5,051743	-1,835861
-7,839783	5,018234	-1,732910
-7,829010	5,060135	-1,687424
-7,808655	5,067307	-1,653900
-7,818237	5,082870	-1,685028
-7,872101	5,081680	-1,674255
-7,879288	5,098434	-1,683823
-7,836197	5,098434	-1,704178
-7,777542	5,124771	-1,643127
-7,732040	5,159485	-1,694595
-7,684158	5,181030	-1,725723
-7,630295	5,142731	-1,707764
-7,584808	5,169067	-1,732910
-7,611145	5,222931	-1,779602
-7,617126	5,231308	-1,813110
-7,654236	5,227722	-1,851425
-7,728455	5,274414	-1,905289
-7,710495	5,248077	-1,937607
-7,684158	5,236099	-1,918457
-7,641068	5,222931	-1,881348
-7,670990	5,213364	-1,877762
-7,691345	5,181030	-1,874161
-7,682968	5,215759	-1,827484
-7,700928	5,204971	-1,613205
-7,597977	5,151108	-1,517426
-7,585999	5,202591	-1,560532
-7,661423	5,207367	-1,609604
-7,714096	5,171463	-1,617981
-7,702118	5,145126	-1,653900
-7,642258	5,127167	-1,552155
-7,655426	5,171463	-1,567703
-7,715286	5,182236	-1,628769
-7,784714	5,196594	-1,627563
-7,846970	5,184631	-1,676651
-7,818237	5,160690	-1,658691
-7,793106	5,130753	-1,662277
-7,781128	5,135544	-1,705383
-7,751205	5,113998	-1,770020
-7,720078	5,109207	-1,881348
-7,680573	5,141525	-1,888535
-7,643463	5,105621	-1,865784
-7,637482	5,087662	-1,826279
-7,685364	5,075699	-1,790375
-7,721268	5,070908	-1,809525
-7,714096	5,072098	-1,829880
-7,726059	5,043365	-1,835861
-7,775146	5,009857	-1,881348
-7,820633	5,040970	-1,883743
-7,832611	5,042175	-1,822693
-7,863724	5,048157	-1,801147
-7,916397	5,058929	-1,789169
-7,861328	5,067307	-1,802338
-7,831406	5,075699	-1,761642
-7,844574	5,091248	-1,702988
-7,833801	5,116394	-1,650314
-7,855347	5,108017	-1,623978
-7,846970	5,140335	-1,650314
-7,770355	5,158295	-1,574890
-7,696136	5,172653	-1,529404
-7,635086	5,204971	-1,519821
-7,589600	5,222931	-1,606018
-7,557266	5,234909	-1,741287
-7,587204	5,262436	-1,774811
-7,627899	5,311523	-1,725723
-7,614731	5,313919	-1,657486
-7,678177	5,359406	-1,661087
-7,704514	5,430038	-1,652710
-7,642258	5,467148	-1,665878
-7,548889	5,521011	-1,802338
-7,445938	5,532990	-1,802338
-7,401642	5,602417	-1,787979
-7,342987	5,651505	-1,817902
-7,337006	5,707764	-1,826279
-7,327423	5,766418	-1,858612
-7,266373	5,791565	-1,814316
-7,201736	5,852615	-1,765228
-7,132294	5,910065	-1,729324
-7,099976	5,907684	-1,774811
-7,056885	5,895706	-1,798752
-7,031738	5,926834	-1,758057
-6,956329	5,972321	-1,720932
-6,959915	6,005844	-1,671860
-6,995834	6,059708	-1,637146
-6,976669	6,081253	-1,607208
-6,918015	6,098022	-1,559326
-6,919220	6,151886	-1,579681
-6,945557	6,163864	-1,505463
-6,828232	6,165054	-1,485107
-6,884506	6,174637	-1,345047
-6,870132	6,180618	-1,238510
-6,852173	6,210541	-1,267242
-6,896469	6,222519	-1,349838
-6,824646	6,200974	-1,349838
-6,770782	6,191391	-1,324692
-6,752823	6,204559	-1,240906
-6,739655	6,238083	-1,261246
-6,678604	6,251251	-1,246887
-6,623535	6,268005	-1,250473
-6,612762	6,320679	-1,215759
-6,564880	6,277588	-1,176254
-6,605576	6,218918	-1,070908
-6,603180	6,330261	-1,200195
-6,612762	6,385315	-1,175064
-6,604385	6,313492	-1,176254
-6,677399	6,281174	-1,248077
-6,653458	6,361374	-1,268433
-6,622330	6,332642	-1,251678
-6,624725	6,307510	-1,331879
-6,558884	6,388916	-1,368988
-6,475098	6,398483	-1,383362
-6,465515	6,375748	-1,325897
-6,495438	6,402084	-1,282806
-6,447556	6,460739	-1,242096
-6,369751	6,459534	-1,147522
-6,279968	6,465530	-1,140350
-6,235672	6,520599	-1,226532
-6,205750	6,552917	-1,225342
-6,121948	6,593613	-1,118790
-6,102798	6,676208	-1,046967
-6,112366	6,712128	-0,945221
-6,065689	6,724106	-0,932053
-6,014206	6,792328	-0,995499
-5,975906	6,847397	-1,000290
-5,878937	6,870148	-0,988312
-5,822678	6,927612	-0,854233
-5,734085	6,941971	-0,730942
-5,699371	6,967117	-0,680664
-5,647888	7,037735	-0,735718
-5,631134	7,082031	-0,686646
-5,530579	7,113159	-0,667496
-5,407272	7,147873	-0,674667
-5,335449	7,186188	-0,727341
-5,366577	7,225677	-0,805161
-5,394104	7,262802	-0,900925
-5,410873	7,275970	-0,857834
-5,406082	7,359756	-0,754883
-5,322281	7,437576	-0,636368
-5,258835	7,444748	-0,669891
-5,203766	7,441162	-0,776428
-5,128357	7,469894	-0,738113
-5,011032	7,473480	-0,659103
-4,916473	7,502213	-0,678268
-4,844635	7,484253	-0,697418
-4,836258	7,480667	-0,704605
-4,886536	7,508194	-0,692627
-4,909286	7,542923	-0,614822
-4,894913	7,580032	-0,495102
-4,861404	7,590805	-0,374207
-4,861404	7,599182	-0,255692
-4,879349	7,660233	-0,192245
-4,819504	7,685379	-0,171890
-4,751266	7,699738	-0,276031
-4,689011	7,750015	-0,311951
-4,613602	7,791916	-0,340683
-4,541779	7,788330	-0,307159
-4,428055	7,838608	-0,334702
-4,265244	7,868530	-0,314346
-4,108429	7,903244	-0,304764
-4,041382	7,911621	-0,384979
-4,041382	7,976273	-0,581299
-4,080887	8,001404	-0,699814
-4,110825	8,021759	-0,558548
-4,088074	8,095978	-0,389755
-4,126373	8,176178	-0,355042
-4,108429	8,224060	-0,435257
-4,121597	8,253998	-0,485535
-4,098846	8,311462	-0,508270
-3,976746	8,370117	-0,430466
-3,752884	8,372513	-0,262863
-3,581696	8,423981	-0,241318
-3,458405	8,456299	-0,446030
-3,409317	8,530518	-0,580109
-3,359039	8,530518	-0,546585
-3,302780	8,553268	-0,401733
-3,309952	8,598755	-0,341873
-3,342285	8,647842	-0,346664
-3,341080	8,649033	-0,250900
-3,286011	8,645447	-0,084503
-3,259674	8,678970	-0,009079
-3,259674	8,696915	0,047180
-3,211792	8,750793	0,057953
-3,122009	8,761566	0,087875
-3,027435	8,761566	0,091476
-2,904144	8,761566	0,068726
-2,852661	8,811844	0,171677
-2,741333	8,823822	0,275818
-2,722183	8,856140	0,237518
-2,683868	8,896835	0,163300
-2,643173	8,868103	0,202805
-2,659927	8,920776	0,287796
-2,619232	8,924377	0,358429
-2,531845	8,874100	0,438629
-2,495926	8,870499	0,487717
-2,476776	8,886063	0,445816
-2,404953	8,915985	0,418274
-2,361847	8,921982	0,427856
-2,303192	8,935150	0,409897
-2,239746	8,904022	0,362015
-2,221786	8,949509	0,242310
-2,185883	8,997391	0,083099
-2,164337	9,011765	-0,036621
-2,145172	8,950714	-0,071335
-2,139191	8,882477	0,059143
-2,110458	8,892044	0,326111
-2,047012	8,898041	0,468552
-2,008713	8,847763	0,515244
-1,922516	8,779526	0,594254
-1,845901	8,753189	0,679245
-1,786041	8,681366	0,773819
-1,649582	8,611923	0,970139
-1,608871	8,604752	1,063522
-1,598099	8,595169	1,116196
-1,535858	8,592773	1,241882
-1,423325	8,603546	1,225128
-1,353897	8,623901	0,982117
-1,268906	8,608337	0,700790
-1,164749	8,623901	0,378769
-1,137222	8,668198	0,085480
-1,181519	8,690933	-0,124008
-1,205460	8,672974	-0,180267
-1,060608	8,623901	-0,036621
-0,970825	8,633469	0,101044
-0,998352	8,755585	0,081894
-1,210236	8,877686	0,116608
-1,270096	8,815430	0,376389
-1,211441	8,787903	0,836075
-1,142014	8,852539	1,290970
-1,104904	8,927963	1,444199
-0,961243	8,956696	1,599823
-0,757736	8,898041	1,840439
-0,505142	8,863312	2,054718
-0,282486	8,929153	2,157669
-0,138840	9,011765	2,114578
-0,032288	9,059647	2,036758
-0,022720	9,106323	1,923035
-0,055038	9,135056	1,895508
0,053894	9,138657	1,954163
0,125717	9,178162	1,912262
0,152054	9,295471	1,859589
0,256210	9,334976	1,915848
0,300507	9,345749	1,884735
0,389084	9,413986	1,856003
0,495621	9,501373	1,775787
0,566254	9,551651	1,653687
0,617737	9,594742	1,573486
0,656036	9,633057	1,555527
0,651245	9,668961	1,544754
0,684769	9,662979	1,598618
0,786530	9,622284	1,766220
0,863144	9,599533	1,939789
0,939758	9,594742	2,020004
0,999603	9,566025	2,144501
1,130096	9,588760	2,274979
1,285721	9,531296	2,428207
1,355148	9,531296	2,507217
1,452118	9,543274	2,571869
1,546677	9,494186	2,569473
1,551468	9,503769	2,454544
1,574219	9,494186	2,374344
1,588577	9,461868	2,477295
1,549072	9,418777	2,602997
1,467667	9,443909	2,561096
1,424576	9,452286	2,502426
1,391052	9,469055	2,413849
1,330002	9,479828	2,383926
1,326416	9,415176	2,422226
1,380280	9,362503	2,506027
1,347961	9,309845	2,431808
1,285721	9,297867	2,351593
1,365921	9,246399	2,349197
1,543091	9,178162	2,419830
1,744202	9,108719	2,514404
1,866302	9,085983	2,640106
1,995590	9,068024	2,690384
2,079391	9,014160	2,793335
2,128479	8,969864	2,868744
2,212265	8,945923	2,950150
2,276917	8,939926	3,114151
2,255371	8,881271	3,091400
2,110519	8,862122	2,923813
2,030304	8,869308	2,812485
1,974045	8,896835	2,897476
1,976440	8,878876	2,970505
1,983627	8,829803	2,840012
1,952499	8,795090	2,658051
2,056641	8,718475	2,617355
2,097351	8,713684	2,631714
2,172760	8,676575	2,648483
2,269730	8,587982	2,692780
2,369095	8,480240	2,999237
2,378662	8,415604	3,384689
2,432541	8,385681	3,796494
2,402603	8,371307	4,095779
2,315216	8,365326	4,225067
2,306839	8,317444	4,270554
2,322403	8,286316	4,221466
2,205093	8,400040	4,233444
2,189529	8,397644	4,246613
2,242203	8,321030	4,307663
2,303253	8,316238	4,241821
2,268539	8,353348	3,986832
2,237411	8,361740	3,749817
2,267334	8,371307	3,433777
2,327194	8,350967	3,237457
2,480423	8,291107	3,231461
2,703079	8,258789	3,451736
2,987991	8,191742	3,698334
3,221420	8,142670	3,881500
3,348312	8,122314	3,825226
3,326767	8,110336	3,802490
3,236984	8,109146	3,889877
3,111298	8,082809	3,980850
2,978409	7,959503	4,068237
2,924545	7,952332	4,265762
2,906586	7,929581	4,553070
2,823990	7,870926	4,729034
2,786880	7,830215	4,712280
2,753357	7,800293	4,681152
2,709061	7,757202	4,688339
2,749771	7,716492	4,729034
2,801239	7,706924	4,598557
2,931732	7,678192	4,413010
3,108902	7,655441	4,450119
3,315994	7,632706	4,586578
3,423737	7,602768	4,840378
3,512314	7,552490	5,060638
3,638016	7,558472	5,272522
3,664352	7,544113	5,339569
3,713440	7,532150	5,219849
3,691879	7,528549	4,931351
3,699066	7,471085	4,689529
3,638016	7,420807	4,593765
3,535065	7,364548	4,683548
3,484787	7,313080	4,842758
3,491974	7,271179	5,005569
3,623657	7,167023	5,216263
3,864273	7,083237	5,400620
4,043839	7,030563	5,471237
4,073761	7,004227	5,428146
3,962433	6,930008	5,391037
3,857086	6,859375	5,434128
3,734985	6,845001	5,662781
3,676331	6,856979	5,796860
3,573380	6,836624	5,804031
3,488373	6,770782	5,890228
3,424927	6,765991	5,929733
3,311203	6,744446	5,901001
3,235794	6,617554	5,968033
3,305222	6,489471	6,181122
3,488373	6,394897	6,474411
3,630829	6,306305	6,624054
3,743362	6,241669	6,685104
3,955246	6,157867	6,642014
4,174316	6,065689	6,607285
4,271286	6,044144	6,572571
4,371841	6,039352	6,576172
4,347900	5,956757	6,462448
4,143188	5,904083	6,370270
3,938492	5,880142	6,479202
3,773285	5,860992	6,687500
3,725403	5,826279	6,953247
3,646393	5,786774	7,108871
3,493164	5,743668	7,128036
3,329163	5,728119	7,032257
3,259735	5,656281	7,031067
3,406982	5,524597	7,187881
3,645203	5,442001	7,405762
3,739777	5,431229	7,345901
3,760117	5,349823	7,134018
3,919342	5,194199	6,902969
3,961227	5,181030	6,967621
4,042633	5,170258	7,197464
4,161148	5,117584	7,312378
4,286850	4,964355	7,307602
4,321564	4,832687	7,301605
4,206635	4,728531	7,234573
4,164734	4,660294	7,311188
4,167130	4,600449	7,620041
4,107285	4,521439	7,967194
3,975601	4,428055	8,131195
3,901382	4,332291	8,253311
3,846313	4,298767	8,594482
3,879837	4,212585	8,827911
3,926514	4,162308	8,938049
3,864273	4,139557	8,921295
3,763718	4,085693	8,930862
3,687103	3,999496	8,984741
3,564987	3,993515	8,979950
3,495560	3,989914	9,048187
3,451263	3,915695	9,032623
3,412964	3,815140	8,921295
3,521896	3,727753	8,820724
3,611679	3,716980	8,890167
3,708649	3,616425	9,173874
3,824768	3,557770	9,322311
3,847504	3,586502	9,210983
3,876236	3,544601	9,020645
3,829559	3,447632	8,872208
3,667938	3,418900	8,844681
3,529083	3,417709	9,030228
3,385422	3,397354	9,242111
3,225021	3,323135	9,361816
3,112488	3,258499	9,318726
3,011932	3,180679	9,355835
3,062210	3,090897	9,512650
3,136429	3,016678	9,543777
3,126862	3,004715	9,416885
3,099319	2,966400	9,339081
3,068192	2,918518	9,264862
2,986801	2,841904	9,232529
2,929337	2,765289	9,228943
2,960464	2,740143	9,274429
2,971237	2,615646	9,360626
2,991577	2,584518	9,538986
2,986801	2,571350	9,486313
2,901794	2,510300	9,310349
2,759338	2,404953	9,108032
2,529495	2,296021	9,009872
2,399017	2,232574	9,243301
2,388245	2,240952	9,669479
2,454086	2,196671	9,991501
2,495987	2,166733	10,023819
2,438522	2,104492	9,832275
2,312820	2,058990	9,789185
2,334381	1,984772	9,948395
2,309235	1,978790	10,106415
2,312820	1,944077	10,199799
2,232620	1,811203	9,955582
1,918976	1,764511	9,735321
1,762161	1,808807	9,912491
1,831589	1,732193	10,234512
1,748993	1,740570	10,318298
1,516754	1,725006	10,210571
1,357544	1,723816	10,124374
1,279724	1,645996	10,244080
1,308456	1,590927	10,460754
1,444931	1,514313	10,715744
1,523941	1,467636	11,058105
1,658005	1,416153	11,284363
1,786102	1,367081	11,418442
1,744202	1,329956	11,514206
1,675964	1,340744	11,450760
1,583786	1,304825	11,206558
1,417389	1,262924	11,036560
1,294098	1,308411	10,953964
1,204315	1,312012	10,824677
1,239029	1,280884	10,791153
1,212692	1,258133	10,710953
1,152832	1,235397	10,603210
1,144455	1,171951	10,457169
1,034317	1,088150	10,293167
0,951721	1,018723	10,235703
0,894257	0,985199	10,228516
0,768570	0,904999	10,246475
0,679977	0,821198	10,428436
0,548294	0,766129	10,551743
0,490845	0,699097	10,612793
0,525558	0,606918	10,520615
0,429779	0,573395	10,523010
0,378311	0,538681	10,548141
0,290924	0,459671	10,506256
0,235855	0,416580	10,438019
0,062271	0,433334	10,275208
0,027557	0,275314	10,319504
-0,120880	0,190323	10,241684
-0,286087	0,150818	10,220139
-0,265732	0,062241	10,495468
-0,310028	0,111313	10,573288
-0,307632	-0,009598	10,687012
-0,257355	-0,061066	10,754044
-0,245377	-0,046707	10,640320
-0,113693	-0,110153	10,464355
0,038330	-0,198730	10,251266
0,165222	-0,153244	10,098038
0,143677	-0,061066	10,034592
0,052704	-0,041916	9,894531
-0,070602	-0,095779	9,720947
-0,171158	-0,110153	9,626373
-0,209473	-0,077820	9,604828
-0,201080	-0,064651	9,714966
-0,078979	-0,165222	9,922058
-0,004761	-0,154434	10,021423
-0,059830	-0,065857	9,949600
-0,168762	-0,101776	9,791580
-0,260941	-0,112549	9,639542
-0,380646	-0,087402	9,510254
-0,485992	-0,032333	9,443222
-0,518311	-0,043106	9,471954
-0,395020	-0,101776	9,580887
-0,235794	-0,142471	9,761658
-0,108902	-0,083817	9,874176
0,009598	-0,124512	9,901718
-0,010742	-0,120926	9,884949
-0,196304	-0,090988	9,711380
-0,317200	-0,061066	9,610825
-0,310028	-0,111343	9,620392
-0,254959	-0,112549	9,699402
-0,088562	-0,081421	9,719757
-0,019119	-0,033539	9,693420
-0,014343	-0,053879	9,652710
-0,039474	-0,087402	9,679047
-0,083771	-0,064651	9,773621
-0,119690	-0,013184	9,905304
-0,074188	-0,000015	10,017838
0,063477	-0,052689	10,149506
0,150864	-0,043106	10,204575
0,170013	-0,022766	10,183029
0,173615	0,007172	10,113602
0,197556	0,031113	10,015442
0,207123	0,098145	9,883759
0,233459	0,113708	9,760452
0,341202	0,105331	9,680252
0,428589	0,128067	9,584488
0,440567	0,162796	9,530609
0,423798	0,179550	9,505478
0,319656	0,228638	9,527023
0,240646	0,232224	9,674271
0,158051	0,237015	9,837067
0,167618	0,239410	9,940018
0,196350	0,263351	10,081284
0,227478	0,277710	10,193802
0,300507	0,298065	10,229721
0,349579	0,359116	10,179443
0,430984	0,420166	10,052551
0,457321	0,411789	10,078888
0,646469	0,387848	9,928055
0,804474	0,445312	9,497086
0,876312	0,442917	9,534210
0,919403	0,390244	9,516251
0,940948	0,471649	9,396530
0,933762	0,541077	9,340271
0,897858	0,617691	9,309143
0,803284	0,633255	9,307953
0,803284	0,628464	9,342667
0,820038	0,584167	9,386963
0,793701	0,550644	9,548569
0,747025	0,554245	9,705383
0,642868	0,612900	9,747284
0,531540	0,634445	9,719757
0,482452	0,614090	9,726944
0,465698	0,650009	9,759262
0,445343	0,711060	9,634766
