0,753006	1,546646	9,564133
0,744629	1,590927	9,759262
0,800888	1,578964	9,767639
0,797302	1,523895	9,681442
0,758987	1,508331	9,706589
0,772156	1,513123	9,735321
0,760193	1,571777	9,698212
0,845184	1,588531	9,582092
0,950531	1,590927	9,547379
1,069031	1,594528	9,613205
1,197128	1,509521	9,577301
1,250992	1,480804	9,518646
1,155228	1,508331	9,334290
1,060654	1,521500	9,331894
0,993622	1,523895	9,426468
0,890671	1,541855	9,457596
0,853561	1,502350	9,494705
0,772156	1,484390	9,664688
0,847580	1,464035	9,962769
0,954117	1,496353	10,167465
1,015167	1,532272	10,367386
1,124100	1,507141	10,475128
1,154037	1,501144	10,440414
1,170792	1,559799	10,283585
1,142059	1,624451	10,042969
1,206711	1,607697	9,725739
1,228256	1,607697	9,456390
1,235428	1,605301	9,281616
1,260574	1,515518	9,218170
1,303665	1,569382	9,250488
1,322830	1,606491	9,370193
1,400635	1,541855	9,489914
1,485626	1,470032	9,553360
1,470062	1,522690	9,707779
1,437744	1,564590	9,797562
1,394653	1,534668	9,813126
1,306061	1,493973	9,785599
1,274933	1,495163	9,838272
1,332397	1,502350	9,911285
1,365921	1,520309	9,983109
1,364716	1,504745	9,955582
1,351547	1,486786	9,797562
1,340775	1,487976	9,717361
1,387466	1,504745	9,741302
1,409012	1,535858	9,796371
1,429367	1,572968	9,795166
1,526337	1,553818	9,704193
1,521545	1,511917	9,546173
1,562241	1,497559	9,424072
1,533508	1,495163	9,401321
1,480835	1,493973	9,456390
1,471268	1,474808	9,482727
1,473663	1,465240	9,436035
1,514359	1,441299	9,373795
1,531113	1,454468	9,416885
1,590973	1,487976	9,544983
1,672379	1,529877	9,628769
1,675964	1,526291	9,614410
1,683151	1,470032	9,480331
1,606537	1,509521	9,316330
1,520340	1,493973	9,154724
1,509567	1,400589	9,114014
1,602951	1,312012	9,231339
1,638855	1,297638	9,414490
1,598160	1,323975	9,519836
1,559845	1,320389	9,542587
1,587387	1,300034	9,588074
1,648438	1,289261	9,743698
1,612518	1,352707	9,789185
1,532318	1,385025	9,571320
1,507172	1,296448	9,383362
1,504776	1,290466	9,497086
1,482040	1,363480	9,749680
1,538300	1,346725	9,924454
1,618515	1,310806	9,984314
1,635269	1,279678	10,096848
1,715469	1,236588	10,222534
1,748993	1,206665	10,348236
1,725052	1,247360	10,268021
1,727448	1,227020	10,064514
1,757370	1,242569	9,997482
1,829193	1,274902	10,131561
1,872299	1,381439	10,205780
1,820816	1,405380	10,099228
1,854340	1,405380	10,072891
1,873489	1,462845	10,216553
1,896240	1,455658	10,373367
1,938141	1,416153	10,465546
1,965668	1,377853	10,416473
1,963272	1,429321	10,432022
1,941727	1,489182	10,690598
2,024323	1,430527	10,879745
2,132065	1,477203	11,114380
2,071014	1,584946	11,193390
2,100937	1,698669	11,291550
2,104538	1,735779	11,453156
2,068619	1,801620	11,471115
2,020737	1,873444	11,376541
1,995590	1,941681	11,231689
2,269730	1,972809	11,125153
2,536682	2,001541	11,097610
2,760544	2,091324	10,934814
2,918564	2,182297	10,591248
3,007141	2,143997	10,288376
2,923355	2,215820	10,106415
2,846741	2,402573	9,918472
2,828781	2,468399	9,792770
2,820404	2,504318	9,743698
2,801239	2,603683	9,613205
2,840744	2,680298	9,635956
2,893417	2,683884	9,868195
2,913773	2,679092	10,078888
2,876663	2,683884	10,203384
2,756958	2,754517	10,321899
2,661179	2,805984	10,390137
2,704285	2,753311	10,560120
2,695892	2,853867	10,823486
2,703079	2,980759	10,871368
2,706665	2,942459	10,816299
2,727020	2,969986	10,722931
2,676743	3,057373	10,641525
2,703079	3,076538	10,501465
2,743790	3,106461	10,326691
2,813217	3,110046	10,130356
2,882645	3,202225	9,899323
2,955673	3,307571	9,659897
2,979614	3,355453	9,580887
3,046646	3,360245	9,626373
3,076584	3,454819	9,566528
3,063416	3,503891	9,440826
2,959259	3,588898	9,293579
2,886230	3,627197	9,045792
2,897018	3,606842	8,909317
2,904190	3,651138	9,103241
2,955673	3,709793	9,396530
2,906586	3,830704	9,499481
2,851517	3,831909	9,621597
2,907791	3,798386	9,859818
2,973633	3,869019	10,077682
3,007141	3,963593	10,082474
2,947296	3,958801	9,932831
2,891022	3,987534	9,783203
2,891022	4,062943	9,663483
2,868286	4,151535	9,469559
2,965240	4,220963	9,288803
3,040665	4,319122	9,026627
3,099319	4,389755	8,729752
3,129242	4,267654	8,669891
3,154388	4,238922	8,757278
3,057419	4,313141	8,775238
2,996368	4,413696	8,880585
2,946091	4,412491	8,868622
2,829971	4,509460	8,790802
2,722229	4,541779	8,825516
2,683929	4,554947	9,039795
2,741394	4,576508	9,461182
2,912567	4,570511	9,743698
3,011932	4,584885	9,597656
2,923355	4,631561	9,225357
2,807236	4,669876	9,009872
2,789276	4,800354	8,923676
2,676743	4,969147	8,938049
2,598938	4,973938	8,762070
2,578583	4,917679	8,323929
2,644424	4,928452	8,110855
2,807236	4,890137	8,109650
2,917358	4,762054	7,818756
2,865891	4,473557	6,912552
2,263748	4,025833	5,504761
0,392670	4,282013	5,464066
-0,351913	5,713745	9,070923
2,049469	6,078857	12,803482
3,505142	5,266037	12,693359
2,810822	4,842255	11,044937
2,467255	5,221741	10,697784
2,944901	5,532990	10,995865
3,087357	5,440811	10,414078
2,528305	5,309128	9,038605
2,135651	5,377365	7,703842
2,104538	5,590439	7,129227
2,229034	5,764023	7,169922
2,427750	5,886124	7,342316
2,621674	5,924438	7,311188
2,784485	5,995071	7,465607
3,015518	6,092026	7,954025
3,269302	6,157867	8,173096
3,258530	6,203354	7,914520
3,093338	6,223709	7,548218
2,804840	6,269196	7,197464
2,612106	6,251251	6,986771
2,401413	6,319473	6,986771
2,203888	6,354202	7,058594
2,018341	6,392502	7,101700
2,013550	6,573273	7,315979
2,167984	6,720505	7,484772
2,279312	6,695374	7,473999
2,396622	6,618759	7,451248
2,557037	6,685791	7,482376
2,603729	6,779160	7,093307
2,498383	6,745651	6,639618
2,342758	6,786346	6,450470
2,287689	6,903671	6,257736
2,203888	6,939575	5,978821
2,035095	6,981476	5,917755
1,801666	7,082031	5,836365
1,539505	7,109573	5,752563
1,403030	7,125122	5,799255
1,592178	7,064072	6,291260
1,850739	7,110764	6,725800
1,950104	7,167023	6,597717
2,024323	7,152664	6,229004
2,091370	7,168228	5,899811
2,018341	7,200546	5,728622
1,835190	7,250824	5,642426
1,501190	7,304688	5,562225
1,162415	7,362152	5,509552
0,957703	7,375320	5,470047
0,837997	7,410034	5,432938
0,769760	7,422012	5,405396
0,763779	7,479477	5,418564
0,802078	7,453140	5,504761
0,990036	7,407639	5,495178
1,140869	7,343002	5,532288
1,118118	7,407639	5,687912
1,023544	7,438766	5,647217
0,949326	7,457916	5,561020
0,805679	7,465103	5,338364
0,621323	7,441162	5,131271
0,446548	7,465103	5,065430
0,408234	7,461517	5,192322
0,347183	7,481857	5,359909
0,325638	7,550095	5,288086
0,233459	7,593201	4,877487
0,124527	7,587204	4,587784
-0,038284	7,667419	4,357941
-0,195099	7,704529	4,058670
-0,222641	7,714096	3,982056
-0,290863	7,802689	4,158020
-0,333969	7,857758	4,337585
-0,325577	7,843384	4,322021
-0,430923	7,799103	4,029938
-0,490784	7,779938	4,037109
-0,440506	7,783539	4,322021
-0,430923	7,813461	4,480042
-0,611694	7,837402	4,317230
-0,730209	7,851776	4,239426
-0,682327	7,866135	4,074219
-0,825974	7,927185	3,625320
-1,060608	8,043304	3,324844
-1,064194	8,118729	3,274567
-1,004333	8,174988	3,267380
-0,968430	8,107956	3,063873
-0,969620	8,038513	3,039932
-0,908569	8,088791	3,473282
-0,853500	8,194138	3,865936
-0,890610	8,170197	3,913818
-0,998352	8,067245	3,937759
-1,144394	8,051682	4,104156
-1,346710	8,127106	4,296890
-1,484375	8,161819	4,330399
-1,588531	8,115128	4,088593
-1,721405	8,127106	3,685165
-1,756119	8,169006	3,297302
-1,782455	8,215683	3,056686
-1,849487	8,276733	2,719101
-1,977585	8,312653	2,201965
-1,978775	8,275543	1,918243
-1,818375	8,250397	1,899094
-1,844711	8,251602	1,896698
-1,938080	8,262375	1,899094
-1,997940	8,212097	2,010422
-2,188278	8,159424	1,954163
-2,388184	8,073227	1,755447
-2,531845	8,012177	1,721924
-2,742523	8,024155	1,790161
-2,821533	7,949936	1,853607
-2,827530	7,890076	1,992462
-2,837097	7,911621	2,075073
-2,517471	7,819443	2,405472
-2,246933	7,693756	2,284561
-2,410934	7,745224	1,715942
-2,584518	7,785934	1,537567
-2,493530	7,602768	1,889511
-2,831116	7,671005	2,030777
-3,151932	7,728470	1,907471
-3,404526	7,657837	1,853607
-3,570923	7,629105	1,918243
-3,624802	7,663818	1,975708
-3,671478	7,702133	1,738678
-3,681061	7,638687	1,229919
-3,679855	7,593201	0,725937
-3,728943	7,581223	0,468552
-3,744507	7,569260	0,460175
-3,691833	7,514191	0,437439
-3,822311	7,517776	0,299774
-4,079697	7,480667	0,129776
-4,286789	7,445953	0,226746
-4,424454	7,414825	0,385956
-4,523819	7,351379	0,575104
-4,588455	7,316666	0,821701
-4,768021	7,323853	0,942612
-4,875763	7,241241	1,003662
-4,811127	7,155060	1,087463
-4,746475	7,188568	1,052750
-4,760849	7,202942	0,666077
-4,826691	7,141891	0,219559
-4,944000	7,134705	0,029221
-5,056534	7,134705	-0,023453
-5,134338	7,190964	-0,003098
-5,274399	7,194565	-0,157532
-5,516220	7,156250	-0,277237
-5,734085	7,137100	-0,286819
-5,784363	7,068863	-0,100067
-5,809509	7,028168	-0,024643
-5,864563	6,971893	-0,043808
-5,853790	6,922821	-0,073730
-5,811905	6,866562	-0,096466
-5,707748	6,819870	-0,010284
-5,684998	6,815079	0,084290
-5,682617	6,764801	0,108231
-5,792740	6,718109	0,065140
-5,839432	6,746841	0,068726
-5,905273	6,743256	0,183655
-5,944778	6,722900	0,328491
-5,997452	6,646286	0,335678
-6,078857	6,609177	0,250687
-6,143494	6,643890	0,223160
-6,179413	6,631927	0,232727
-6,141098	6,521790	0,069931
-6,144684	6,518204	0,049576
-6,167435	6,549316	0,177658
-6,214127	6,515808	0,227936
-6,349396	6,481094	0,369202
-6,429596	6,476303	0,421875
-6,454742	6,447571	0,448212
-6,470306	6,386520	0,316528
-6,604385	6,397293	0,053162
-6,709717	6,362579	0,014862
-6,722885	6,301529	0,102249
-6,654663	6,283569	0,165695
-6,605576	6,216522	0,051971
-6,528961	6,180618	-0,084503
-6,528961	6,094421	-0,113235
-6,545715	6,019012	-0,150345
-6,573257	5,955566	-0,217377
-6,618744	5,904083	-0,164703
-6,720490	5,911270	-0,223358
-6,915619	5,902893	-0,250900
-6,999420	5,855011	-0,248505
-6,975479	5,813110	-0,149139
-7,078430	5,827469	-0,065353
-7,204132	5,766418	-0,055771
-7,333420	5,702972	-0,009079
-7,412415	5,647903	0,141754
-7,405243	5,522217	0,286606
-7,407639	5,477921	0,148926
-7,425583	5,479111	-0,151535
-7,477066	5,391724	-0,325119
-7,497421	5,309128	-0,394547
-7,506989	5,237305	-0,362228
-7,577621	5,231308	-0,346664
-7,641068	5,200195	-0,371811
-7,669800	5,116394	-0,363434
-7,641068	5,085266	-0,231750
-7,591980	5,014633	-0,272446
-7,569244	4,981125	-0,188644
-7,435165	4,923660	-0,108444
-7,266373	4,843460	-0,283218
-7,254410	4,730927	-0,747696
-7,196945	4,645935	-0,887756
-7,164627	4,625580	-0,823120
-7,204132	4,636353	-0,824310
-7,226868	4,619598	-0,836288
-7,334610	4,592056	-0,762054
-7,540512	4,516647	-0,678268
-7,720078	4,436447	-0,511871
-7,744019	4,429260	-0,338287
-7,766769	4,396942	-0,149139
-7,858932	4,364609	-0,025848
-8,019348	4,332291	-0,046188
-8,142654	4,301163	-0,104858
-8,212082	4,284409	-0,119217
-8,213287	4,204208	-0,010284
-8,225250	4,107239	0,035202
-8,338974	4,134766	-0,065353
-8,368912	4,165894	-0,267654
-8,408401	4,074921	-0,594467
-8,385666	4,025833	-0,782410
-8,330597	3,993515	-0,950012
-8,212082	3,994705	-1,049362
-8,069626	3,964783	-1,177460
-8,004990	3,921692	-1,416870
-7,983444	3,883377	-1,459976
-8,076813	3,865417	-1,463562
-8,201309	3,843872	-1,408493
-8,319824	3,779236	-1,280411
-8,408401	3,750504	-1,136749
-8,473053	3,742126	-0,982330
-8,499390	3,682266	-0,903320
-8,480240	3,615234	-0,960785
-8,459885	3,616425	-1,216965
-8,519745	3,615234	-1,538986
-8,596359	3,639175	-1,554535
-8,665787	3,614029	-1,451584
-8,680145	3,603256	-1,323502
-8,766342	3,568542	-1,340256
-8,866898	3,535019	-1,355820
-8,899216	3,544601	-1,334274
-8,911194	3,533829	-1,425262
-8,905212	3,499115	-1,701782
-8,925552	3,507492	-1,742493
-8,892044	3,556564	-1,708969
-8,868103	3,538620	-1,814316
-8,841766	3,500305	-2,113586
-8,829788	3,451233	-2,323074
-8,795074	3,448837	-2,439194
-8,809433	3,500305	-2,398499
-8,826202	3,463196	-2,252457
-8,871689	3,430878	-2,038177
-8,988998	3,424896	-1,838257
-9,035690	3,404541	-1,610809
-9,027313	3,357849	-1,312729
-8,981827	3,351868	-1,204987
-8,956680	3,405731	-1,055344
-8,866898	3,371017	-0,945221
-8,810638	3,296799	-0,854233
-8,720856	3,312363	-0,781219
-8,656204	3,305176	-0,906906
-8,578400	3,278839	-1,024231
-8,585587	3,311172	-1,109222
-8,615509	3,329117	-1,177460
-8,626282	3,312363	-1,158295
-8,558044	3,315948	-1,116409
-8,507767	3,349472	-1,165482
-8,531708	3,345886	-1,289978
-8,487411	3,311172	-1,421661
-8,394043	3,325531	-1,384552
-8,410797	3,369827	-1,303146
-8,435944	3,357849	-1,293579
-8,420380	3,387787	-1,363007
-8,488617	3,365036	-1,401306
-8,617905	3,385391	-1,250473
-8,692123	3,471573	-1,020630
-8,755569	3,404541	-0,900925
-8,850143	3,360245	-0,911697
-8,955490	3,423691	-0,920074
-8,954285	3,444046	-0,748886
-8,920761	3,376999	-0,590881
-8,819016	3,396164	-0,629181
-8,737610	3,421295	-0,855438
-8,649033	3,421295	-1,008667
-8,548477	3,320740	-1,122391
-8,501785	3,372223	-1,280411
-8,519745	3,409332	-1,418076
-8,530518	3,390167	-1,396530
-8,604736	3,381790	-1,360611
-8,647827	3,402145	-1,329483
-8,656204	3,432068	-1,275620
-8,666977	3,404541	-1,199005
-8,684937	3,391373	-1,203796
-8,743591	3,436859	-1,184631
-8,716064	3,427277	-1,011063
-8,689728	3,405731	-0,821915
-8,725647	3,428482	-0,766846
-8,712479	3,391373	-0,748886
-8,699310	3,396164	-0,687836
-8,716064	3,418900	-0,711777
-8,748383	3,476364	-0,797974
-8,808243	3,477570	-0,917679
-8,726837	3,454819	-0,969162
-8,684937	3,464401	-1,007462
-8,707687	3,508682	-1,169083
-8,683746	3,517059	-1,367798
-8,660995	3,507492	-1,554535
-8,628677	3,519455	-1,613205
-8,650223	3,520660	-1,665878
-8,650223	3,507492	-1,646713
-8,656204	3,508682	-1,649109
-8,710083	3,538620	-1,688614
-8,820206	3,566147	-1,691010
-8,868103	3,548187	-1,627563
-8,880066	3,519455	-1,562927
-8,833374	3,555374	-1,488708
-8,781906	3,521851	-1,536591
-8,773529	3,523056	-1,565323
-8,750778	3,578125	-1,525818
-8,749588	3,563751	-1,554535
-8,674164	3,506287	-1,631149
-8,605927	3,440445	-1,623978
-8,643036	3,505096	-1,662277
-8,621490	3,517059	-1,741287
-8,547272	3,549393	-1,773605
-8,519745	3,531433	-1,760437
-8,501785	3,495514	-1,663483
-8,485031	3,514679	-1,544968
-8,467072	3,546997	-1,525818
-8,488617	3,546997	-1,479126
-8,531708	3,541016	-1,439621
-8,559250	3,514679	-1,368988
-8,571213	3,481155	-1,228928
-8,614304	3,533829	-1,063736
-8,640640	3,544601	-1,046967
-8,660995	3,542206	-1,154709
-8,657410	3,533829	-1,220551
-8,644241	3,566147	-1,153519
-8,623886	3,573334	-1,085281
-8,610718	3,564957	-1,196609
-8,583191	3,575729	-1,323502
-8,511353	3,581711	-1,386948
-8,437134	3,594879	-1,365402
-8,458694	3,609238	-1,374969
-8,496994	3,635574	-1,455185
-8,564026	3,658325	-1,382156
-8,664581	3,612839	-1,250473
-8,704086	3,604462	-1,233719
-8,736420	3,596069	-1,232529
-8,705292	3,614029	-1,137955
-8,666977	3,593674	-1,092468
-8,619095	3,564957	-1,202591
-8,634659	3,531433	-1,280411
-8,587967	3,512283	-1,358215
-8,581985	3,549393	-1,307938
-8,537689	3,546997	-1,140350
-8,558044	3,530228	-1,093658
-8,631073	3,538620	-1,212173
-8,634659	3,495514	-1,281601
-8,605927	3,479950	-1,246887
-8,610718	3,494324	-1,301956
-8,611923	3,507492	-1,365402
-8,610718	3,488342	-1,487503
-8,584381	3,462006	-1,544968
-8,619095	3,450027	-1,536591
-8,699310	3,470383	-1,552155
-8,753174	3,503891	-1,606018
-8,742401	3,483551	-1,592850
-8,726837	3,470383	-1,571304
-8,755569	3,493118	-1,540176
-8,707687	3,470383	-1,464752
-8,718460	3,454819	-1,440811
-8,743591	3,458405	-1,426453
-8,732819	3,427277	-1,359421
-8,693314	3,423691	-1,194214
-8,695709	3,415314	-1,236115
-8,714874	3,444046	-1,289978
-8,724442	3,445236	-1,324692
-8,702896	3,439255	-1,371384
-8,714874	3,451233	-1,408493
-8,707687	3,488342	-1,491089
-8,668182	3,459610	-1,512650
-8,641846	3,444046	-1,507858
-8,625092	3,466782	-1,562927
-8,537689	3,478760	-1,616791
-8,552063	3,509888	-1,578491
-8,542480	3,575729	-1,541367
-8,549667	3,573334	-1,463562
-8,619095	3,554184	-1,465958
-8,621490	3,605652	-1,377365
-8,608322	3,580521	-1,260056
-8,535309	3,552979	-1,148727
-8,536499	3,622406	-1,175064
-8,522141	3,609238	-1,276810
-8,500580	3,584106	-1,363007
-8,487411	3,608047	-1,422867
-8,495804	3,629593	-1,475540
-8,574799	3,657135	-1,465958
-8,590363	3,715790	-1,495880
-8,558044	3,744522	-1,500671
-8,532913	3,755295	-1,559326
-8,544876	3,719376	-1,677841
-8,596359	3,748108	-1,699387
-8,587967	3,750504	-1,534195
-8,602341	3,739731	-1,517426
-8,688538	3,761276	-1,583267
-8,693314	3,744522	-1,670654
-8,655014	3,715790	-1,600037
-8,597549	3,696625	-1,456375
-8,634659	3,669098	-1,389343
-8,629868	3,649948	-1,342651
-8,580795	3,615234	-1,313919
-8,526917	3,620010	-1,255264
-8,499390	3,671494	-1,304352
-8,496994	3,627197	-1,392929
-8,465866	3,594879	-1,383362
-8,447906	3,634384	-1,348648
-8,457489	3,606842	-1,340256
-8,459885	3,580521	-1,327087
-8,485031	3,617630	-1,252869
-8,547272	3,664307	-1,341461
-8,656204	3,608047	-1,385757
-8,674164	3,592484	-1,358215
-8,653809	3,622406	-1,190628
-8,628677	3,599670	-1,182251
-8,619095	3,560165	-1,273224
-8,621490	3,570938	-1,330688
-8,586777	3,544601	-1,268433
-8,598755	3,544601	-1,172668
-8,671768	3,548187	-1,175064
-8,682541	3,557770	-1,199005
-8,696915	3,570938	-1,228928
-8,712479	3,539810	-1,275620
-8,682541	3,485947	-1,309143
-8,649033	3,487137	-1,329483
-8,634659	3,514679	-1,390533
-8,658600	3,533829	-1,499481
-8,665787	3,521851	-1,598831
-8,645432	3,511078	-1,598831
-8,684937	3,527847	-1,621582
-8,694519	3,569733	-1,632355
-8,749588	3,552979	-1,688614
-8,756760	3,587692	-1,649109
-8,728043	3,594879	-1,529404
-8,640640	3,585297	-1,414474
-8,610718	3,569733	-1,396530
-8,617905	3,556564	-1,513840
-8,647827	3,543396	-1,492294
-8,610718	3,585297	-1,400116
-8,620300	3,555374	-1,337860
-8,611923	3,499115	-1,331879
-8,610718	3,554184	-1,333084
-8,590363	3,533829	-1,321106
-8,529312	3,512283	-1,227737
-8,534103	3,541016	-1,196609
-8,561646	3,563751	-1,152313
-8,587967	3,557770	-1,221741
-8,649033	3,542206	-1,222946
-8,629868	3,558960	-1,161896
-8,589172	3,525452	-1,199005
-8,570023	3,539810	-1,301956
-8,613113	3,590088	-1,416870
-8,663391	3,596069	-1,651505
-8,652618	3,582901	-1,787979
-8,609528	3,627197	-1,693405
-8,574799	3,629593	-1,596436
-8,576004	3,588898	-1,628769
-8,623886	3,609238	-1,675446
-8,704086	3,612839	-1,623978
-8,705292	3,642761	-1,469543
-8,690918	3,574524	-1,412094
-8,683746	3,527847	-1,401306
-8,694519	3,572128	-1,449203
-8,665787	3,604462	-1,431244
-8,635864	3,602066	-1,368988
-8,559250	3,575729	-1,276810
-8,479034	3,581711	-1,257660
-8,522141	3,557770	-1,313919
-8,494598	3,561356	-1,318710
-8,455093	3,576920	-1,193024
-8,506577	3,597275	-1,218155
-8,504181	3,610443	-1,261246
-8,501785	3,590088	-1,279205
-8,502975	3,614029	-1,232529
-8,495804	3,611633	-1,288788
-8,514954	3,600861	-1,398926
-8,572418	3,633179	-1,485107
-8,570023	3,639175	-1,527008
-8,538895	3,599670	-1,523422
-8,591568	3,631989	-1,464752
-8,609528	3,634384	-1,473145
-8,537689	3,598465	-1,424057
-8,543686	3,612839	-1,376175
-8,577194	3,603256	-1,371384
-8,567627	3,597275	-1,361801
-8,568817	3,582901	-1,377365
-8,585587	3,570938	-1,391739
-8,583191	3,558960	-1,383362
-8,590363	3,531433	-1,299561
-8,626282	3,530228	-1,370193
-8,641846	3,546997	-1,513840
-8,629868	3,556564	-1,407303
-8,622696	3,509888	-1,220551
-8,662201	3,471573	-1,228928
-8,675369	3,452423	-1,206192
-8,734024	3,445236	-1,230133
-8,773529	3,458405	-1,280411
-8,815430	3,441650	-1,374969
-8,830978	3,482346	-1,343857
-8,802261	3,475174	-1,299561
-8,748383	3,442841	-1,374969
-8,693314	3,411728	-1,512650
-8,669373	3,402145	-1,613205
-8,738815	3,467987	-1,646713
-8,790283	3,487137	-1,603622
-8,784302	3,471573	-1,580872
-8,743591	3,500305	-1,553345
-8,780701	3,517059	-1,541367
-8,766342	3,508682	-1,561722
-8,713669	3,487137	-1,529404
-8,651413	3,564957	-1,464752
-8,620300	3,592484	-1,471939
-8,578400	3,561356	-1,482712
-8,616699	3,549393	-1,493484
-8,604736	3,585297	-1,442017
-8,623886	3,592484	-1,298355
-8,610718	3,578125	-1,193024
-8,666977	3,622406	-1,318710
-8,625092	3,557770	-1,445602
-8,567627	3,584106	-1,469543
-8,559250	3,645157	-1,505463
-8,529312	3,626007	-1,577286
-8,511353	3,599670	-1,695801
-8,537689	3,654739	-1,682632
-8,608322	3,715790	-1,637146
-8,664581	3,772049	-1,658691
-8,629868	3,721771	-1,614395
-8,615509	3,709793	-1,450394
-8,547272	3,707413	-1,415680
-8,548477	3,697830	-1,459976
-8,584381	3,670288	-1,542572
-8,531708	3,663116	-1,536591
-8,464676	3,657135	-1,513840
-8,451508	3,602066	-1,603622
-8,449112	3,606842	-1,710159
-8,486221	3,652344	-1,681427
-8,480240	3,630798	-1,634750
-8,494598	3,593674	-1,626373
-8,576004	3,586502	-1,705383
-8,550858	3,585297	-1,686218
-8,650223	3,598465	-1,608414
-8,713669	3,578125	-1,580872
-8,754364	3,561356	-1,604813
-8,754364	3,546997	-1,558136
-8,690918	3,512283	-1,562927
-8,687332	3,489532	-1,465958
-8,785492	3,566147	-1,814316
-8,767532	3,481155	-1,740097
-8,576004	3,423691	-1,509048
-8,676559	3,569733	-1,623978
-8,732819	3,599670	-1,786774
-8,763947	3,521851	-1,807129
-8,783096	3,478760	-1,753265
-8,799866	3,520660	-1,718552
-8,862106	3,569733	-1,747269
-8,847748	3,586502	-1,823883
-8,797470	3,562561	-1,810715
-8,810638	3,541016	-1,758057
-8,695709	3,521851	-1,694595
-8,614304	3,546997	-1,540176
-8,570023	3,609238	-1,538986
-8,547272	3,586502	-1,606018
-8,585587	3,561356	-1,645523
-8,517349	3,593674	-1,612000
-8,498184	3,639175	-1,499481
-8,495804	3,594879	-1,357025
-8,562836	3,600861	-1,386948
-8,620300	3,660721	-1,449203
-8,566422	3,706207	-1,345047
-8,555649	3,685852	-1,226532
-8,596359	3,718185	-1,240906
-8,669373	3,744522	-1,193024
-8,702896	3,737335	-1,145126
-8,672974	3,748108	-1,081680
-8,584381	3,816345	-1,021835
-8,568817	3,821136	-1,105637
-8,540085	3,825912	-1,298355
-8,473053	3,883377	-1,431244
-8,403625	3,936050	-1,511444
-8,337784	3,965973	-1,570099
-8,299469	4,000702	-1,646713
-8,250397	4,009079	-1,698196
-8,232437	3,989914	-1,588058
-8,280319	3,982742	-1,489899
-8,258774	3,973160	-1,340256
-8,236023	4,071320	-1,273224
-8,244400	4,116821	-1,304352
-8,256378	4,071320	-1,359421
-8,227646	4,079697	-1,418076
-8,227646	4,126389	-1,421661
-8,263565	4,194626	-1,372589
-8,253983	4,191040	-1,337860
-8,240814	4,203003	-1,249283
-8,212082	4,259262	-1,152313
-8,210892	4,286804	-1,204987
-8,209686	4,334686	-1,266037
-8,170181	4,323914	-1,224136
-8,106735	4,296387	-1,145126
-8,086395	4,293991	-1,157104
-8,050476	4,333496	-1,153519
-8,074417	4,382568	-1,152313
-8,064835	4,432846	-1,272034
-8,028931	4,463974	-1,469543
-8,018158	4,448410	-1,535385
-7,995407	4,448410	-1,459976
-7,948715	4,440033	-1,370193
-8,063644	4,507065	-1,471939
-8,149841	4,611221	-1,475540
-8,224060	4,623184	-1,400116
-8,253983	4,596848	-1,257660
-8,294678	4,568115	-1,187027
-8,332993	4,575302	-1,242096
-8,279129	4,551361	-1,133163
-8,219269	4,641144	-1,148727
-8,222855	4,723740	-1,215759
-8,192932	4,614807	-1,237305
-8,142654	4,630371	-1,427643
-8,049286	4,690231	-1,540176
-7,994217	4,718948	-1,442017
-7,942734	4,681839	-1,340256
-7,940338	4,680649	-1,328293
-7,978653	4,704590	-1,348648
-8,032516	4,729736	-1,378571
-8,072021	4,678253	-1,206192
-8,110336	4,691422	-1,021835
-8,171387	4,760849	-1,035004
-8,122299	4,753677	-1,030212
-8,052872	4,740509	-0,936844
-7,958298	4,758453	-0,841064
-7,916397	4,819519	-0,797974
-7,845764	4,847046	-0,758469
-7,773941	4,824295	-0,831497
-7,727264	4,906906	-0,829102
-7,681763	4,987106	-0,815933
-7,672195	4,969147	-0,904510
-7,682968	5,019424	-0,969162
-7,674591	5,048157	-1,044571
-7,623108	5,076889	-1,146332
-7,632690	5,142731	-1,151123
-7,666214	5,154694	-1,048172
-7,663818	5,218140	-0,978729
-7,637482	5,263641	-0,873398
-7,562057	5,269623	-0,809952
-7,511780	5,312714	-0,770447
-7,449524	5,388138	-0,797974
-7,371719	5,467148	-0,848251
-7,262787	5,536575	-0,875778
-7,141876	5,580872	-0,800369
-7,046112	5,656281	-0,806351
-7,022171	5,668259	-0,756073
-6,929993	5,695786	-0,551376
-6,885696	5,833450	-0,582489
-6,837814	5,911270	-0,613617
-6,739655	5,997467	-0,540604
-6,686981	6,024994	-0,582489
-6,601990	6,072876	-0,602844
-6,522980	6,100403	-0,665100
-6,443970	6,138718	-0,733337
-6,305099	6,172241	-0,726151
-6,230881	6,206955	-0,696228
-6,192581	6,204559	-0,735718
-6,161453	6,245255	-0,674667
-6,092026	6,308701	-0,569321
-6,062088	6,370956	-0,455597
-6,028580	6,422424	-0,361038
-5,995056	6,478699	-0,332306
-5,968719	6,493057	-0,168304
-5,908859	6,503830	0,005280
-5,850204	6,549316	0,004089
-5,829849	6,582840	-0,024643
-5,720917	6,634323	-0,013870
-5,617966	6,667831	0,080704
-5,534164	6,657059	0,098648
-5,482697	6,681000	-0,025848
-5,434814	6,727692	-0,035416
-5,443192	6,805496	-0,060562
-5,445587	6,864166	-0,091690
-5,444382	6,916840	-0,110840
-5,444382	7,000626	-0,102463
-5,455154	7,084427	-0,118027
-5,380936	7,164627	-0,138367
-5,346222	7,220901	-0,182663
-5,307922	7,240051	-0,242523
-5,254044	7,327438	-0,282028
-5,190598	7,424408	-0,303574
-5,213348	7,459122	-0,332306
-5,166656	7,501022	-0,308365
-5,097229	7,588409	-0,277237
-5,092438	7,618332	-0,374207
-5,070892	7,637482	-0,426880
-5,085251	7,696152	-0,484329
-4,951187	7,679382	-0,412506
-4,869781	7,694946	-0,256882
-4,916473	7,705719	-0,165909
-4,915268	7,755997	-0,174286
-4,886536	7,823044	-0,135971
-4,831467	7,876907	-0,091690
-4,779999	7,884094	-0,060562
-4,803940	7,916412	-0,165909
-4,789566	7,916412	-0,231750
-4,720139	7,935562	-0,209000
-4,649506	7,922394	-0,206604
-4,612396	7,965500	-0,371811
-4,480728	7,899658	-0,325119
-4,436432	7,905640	-0,246109
-4,406494	7,878098	-0,194641
-4,378967	7,837402	-0,209000
-4,450790	7,872116	-0,108444
-4,511841	7,910431	0,035202
-4,502274	7,917603	0,036407
-4,492691	7,891266	0,026825
-4,480728	7,894867	0,030426
-4,460373	7,929581	0,109421
-4,434036	7,924789	0,072311
-4,384949	7,917603	0,066330
-4,271225	7,934372	0,105835
-4,144333	7,910431	0,177658
-4,031815	7,905640	0,170486
-3,951599	7,864944	0,121399
-3,834290	7,781143	0,115417
-3,737320	7,715302	0,198013
-3,681061	7,735657	0,418274
-3,605637	7,686569	0,594254
-3,635574	7,623123	0,670868
-3,694229	7,615936	0,670868
-3,603241	7,603973	0,778610
-3,525436	7,528549	0,935425
-3,421280	7,499817	0,959366
-3,393753	7,479477	0,812134
-3,326721	7,447144	0,816910
-3,274048	7,437576	0,898315
-3,253693	7,461517	0,952194
-3,203415	7,507004	1,031189
-3,094482	7,529755	1,186813
-2,995117	7,507004	1,359207
-2,943649	7,540527	1,372375
-2,861038	7,655441	1,544754
-2,706619	7,751205	1,731506
-2,659927	7,794312	1,833252
-2,548599	7,858948	1,838043
-2,410934	7,939163	1,863174
-2,339111	8,026550	1,782974
-2,255310	8,170197	1,697983
-2,165527	8,288712	1,574677
-2,023071	8,334198	1,528000
-1,950043	8,391663	1,478912
-1,896179	8,502991	1,326874
-1,804001	8,604752	1,195206
-1,746536	8,688538	1,126968
-1,598099	8,724457	1,013245
-1,540634	8,799866	0,785797
-1,496353	8,859726	0,815720
-1,339523	8,910004	0,997681
-1,179123	8,933945	1,179642
-0,993561	8,956696	1,231110
-0,907379	9,011765	1,227524
-0,818787	9,064438	1,323288
-0,684708	9,072815	1,511230
-0,556625	9,127884	1,695587
-0,524307	9,190125	1,742279
-0,543457	9,181747	1,719528
-0,524307	9,176956	1,798538
-0,481201	9,180557	1,961349
-0,434525	9,184143	1,938599
-0,402191	9,217667	1,812897
-0,257355	9,218857	1,658478
-0,138840	9,238007	1,490875
-0,074188	9,317017	1,371170
-0,003571	9,348145	1,403488
0,105377	9,327789	1,538773
0,282547	9,314621	1,684814
0,369934	9,343353	1,760223
0,386688	9,358917	1,866776
0,483658	9,285889	2,139709
0,513580	9,276321	2,369553
0,423798	9,295471	2,704742
0,373520	9,224838	2,875931
0,384293	9,180557	2,910645
0,405838	9,170975	2,893890
0,481262	9,203293	2,860367
0,622513	9,173370	2,907059
0,939758	9,074005	2,765793
1,116928	9,002182	2,385117
1,229446	9,012955	2,234283
1,337189	9,028519	2,161255
1,322830	8,990219	2,379135
1,355148	8,955490	2,533554
1,230652	9,017746	2,473709
1,218674	8,930359	2,580246
1,298889	8,830994	2,784943
1,325211	8,833389	2,762207
1,271347	8,858536	2,942963
1,316833	8,798676	3,063873
1,347961	8,801071	3,138092
1,353943	8,765152	3,184784
1,387466	8,777130	3,388290
1,343170	8,870499	3,618134
1,406616	8,865707	3,808472
1,604141	8,781921	3,897049
1,744202	8,725647	3,903046
1,759766	8,809448	3,880295
1,921371	8,728043	3,996414
2,011154	8,690933	4,079010
2,059036	8,658615	4,160416
1,996796	8,633469	4,207108
1,948914	8,623901	4,288513
2,033905	8,613129	4,422577
2,175156	8,591583	4,355545
2,239807	8,583191	4,228653
2,284088	8,552078	4,234634
2,407394	8,553268	4,227463
2,422958	8,525742	4,028732
2,372681	8,458694	3,926987
2,440918	8,379684	4,068237
2,522324	8,323425	4,232239
2,582169	8,277939	4,294495
2,494781	8,195343	4,304077
2,428940	8,085205	4,559052
2,420563	7,988235	4,790100
2,317612	7,959503	4,967270
2,281708	7,890076	5,272522
2,291275	7,793106	5,379059
2,324799	7,728470	5,361115
2,315216	7,698547	5,244995
2,285294	7,675797	5,278503
2,316422	7,648254	5,389847
2,281708	7,583618	5,324005
2,296066	7,511795	5,284500
2,348740	7,479477	5,341949
2,416977	7,466309	5,496384
2,511551	7,436371	5,461670
2,618088	7,449539	5,365891
2,844345	7,392075	5,151611
3,096924	7,419617	4,958878
3,374649	7,437576	4,794876
3,617661	7,350189	4,757767
3,721817	7,296310	4,986420
3,730194	7,246033	5,320404
3,593719	7,183792	5,515533
3,432114	7,102386	5,780090
3,271698	7,096405	6,098526
3,130447	7,044922	6,346329
3,126862	6,982666	6,432510
3,102905	6,894089	6,395401
3,094528	6,813889	6,513916
3,155579	6,685791	6,814392
3,248962	6,570877	7,219009
3,323181	6,461929	7,551804
3,277695	6,404480	7,454834
3,207062	6,409256	7,259705
3,119675	6,379333	7,210632
3,069397	6,317093	7,293228
3,104111	6,275192	7,453644
3,087357	6,265610	7,621231
3,037079	6,285965	7,811569
3,005951	6,253632	7,969589
2,935318	6,252441	8,070145
2,812012	6,285965	8,127609
2,879059	6,290756	8,164719
3,016724	6,283569	8,205414
3,124466	6,296738	8,381393
3,330368	6,284760	8,414917
3,506332	6,282364	8,055786
3,715836	6,270401	7,859467
3,920532	6,222519	7,683487
4,043839	6,233292	7,515884
4,107285	6,194977	7,485962
4,096512	6,135132	7,527863
3,925323	6,136322	7,562576
3,695480	6,096817	7,695450
3,445282	6,056122	7,812775
3,216644	6,009430	8,043808
3,113693	6,013016	8,280838
3,062210	5,905289	8,572937
3,044250	5,810715	8,766861
2,959259	5,774796	8,770447
2,916168	5,728119	8,710602
2,965240	5,608398	8,681870
3,093338	5,500656	8,691437
3,350708	5,481506	8,705811
3,555420	5,479111	8,580109
3,655975	5,358215	8,596878
3,709839	5,264832	8,629196
3,594925	5,349823	8,413712
3,502747	5,341446	8,195847
3,371063	5,287582	8,100082
3,193893	5,240891	8,102478
3,084961	5,263641	8,185074
2,838348	5,264832	8,236542
2,646820	5,203781	8,238937
2,596542	5,092453	8,468781
2,525909	5,108017	8,562164
2,559433	4,940414	8,622009
2,588165	4,817123	8,424484
2,640839	4,759659	8,291611
2,819199	4,661499	8,261688
3,083755	4,497498	8,285629
3,482391	4,356232	8,370621
3,794830	4,277222	8,265274
4,101288	4,151535	8,253311
4,130020	4,125198	8,266479
3,876236	4,119202	8,313156
3,470428	4,096466	8,295197
3,071793	4,021042	8,170700
2,747375	3,885773	8,034241
2,494781	3,829514	8,030640
2,225433	3,805573	8,068954
2,018341	3,750504	8,151550
1,837570	3,661911	8,343094
1,853134	3,585297	8,522659
2,094955	3,563751	8,764465
2,454086	3,488342	9,136765
2,837158	3,411728	9,519836
2,952072	3,385391	9,628769
2,856308	3,315948	9,655106
2,758148	3,217789	9,673065
2,596542	3,201035	9,608429
2,394226	3,298004	9,501877
2,317612	3,242935	9,430054
2,298462	3,216599	9,345062
2,147629	3,207016	9,310349
2,272125	3,099274	9,735321
2,297256	3,117233	9,837067
2,261353	3,122025	9,671875
2,214661	3,054993	9,475540
2,133255	3,045410	9,544983
1,988419	3,041824	9,805939
1,997986	2,973587	10,016632
1,966858	2,949646	9,758057
2,021927	2,843094	9,577301
2,244598	2,717407	9,880173
2,237411	2,894577	9,972336
2,205093	2,918518	9,981918
2,257767	2,813171	10,038177
2,142838	2,731766	9,968750
2,027924	2,710220	9,904114
1,839966	2,786835	9,758057
1,771744	2,754517	9,731720
1,751389	2,717407	9,766434
1,891449	2,692261	9,829880
1,948914	2,699448	9,650330
1,933350	2,598892	9,382172
1,795685	2,624023	9,281616
1,805252	2,615646	9,482727
1,758575	2,616852	9,571320
1,750183	2,515091	9,482727
1,735825	2,466019	9,451599
1,828003	2,422913	9,571320
1,853134	2,424118	9,615601
1,922577	2,309189	9,582092
1,889053	2,219406	9,647934
1,841171	2,268494	9,716156
1,812439	2,256516	9,817917
1,814835	2,175110	10,107620
1,743011	2,175110	10,192612
1,502396	2,110474	10,004669
1,260574	2,070969	9,980728
1,120514	2,080551	10,177048
1,119324	2,026672	10,378159
1,078613	1,922531	10,300354
0,964890	1,939285	10,112396
0,876312	1,892593	9,881363
0,988831	1,642410	9,882553
1,201920	1,544250	10,041779
1,319229	1,550232	9,943619
1,388672	1,510727	9,683838
1,365921	1,438904	9,572510
1,294098	1,343124	9,688629
1,185150	1,297638	9,914886
1,040314	1,314407	9,945999
0,882294	1,213852	9,919662
0,828415	1,066605	9,955582
0,815247	0,969635	10,001068
0,767365	0,903793	10,029800
0,767365	0,855911	10,167465
0,701523	0,851120	10,305130
0,640472	0,793655	10,287186
0,575836	0,702682	10,421249
0,615341	0,568604	10,623566
0,550690	0,609314	10,584061
0,462112	0,629654	10,466751
0,414230	0,602127	10,446396
0,378311	0,587753	10,442810
0,349579	0,585373	10,314713
0,329224	0,598541	10,167465
0,405838	0,566208	10,063324
0,362747	0,576981	9,953186
0,374725	0,557831	9,937622
0,446548	0,529099	10,034592
0,521957	0,501572	10,081284
0,559067	0,548264	10,038177
0,531540	0,586563	10,002274
0,506393	0,580582	9,880173
0,507599	0,537476	9,797562
0,478867	0,519531	9,831085
0,410629	0,581772	9,819107
0,373520	0,508759	9,908890
0,398666	0,462067	9,961563
0,372330	0,482422	9,864609
0,371124	0,474030	9,926849
0,345993	0,463257	10,014236
0,360352	0,380661	10,121979
0,271774	0,411789	10,107620
0,256210	0,433334	10,105225
0,276550	0,390244	10,320694
0,360352	0,365097	10,440414
0,344788	0,329193	10,341049
0,292114	0,339966	10,331467
0,318451	0,296860	10,420059
0,349579	0,299255	10,361404
0,345993	0,247787	10,173462
0,353165	0,278915	10,058533
0,266983	0,366302	10,120789
0,228668	0,363907	10,205780
0,126923	0,316025	10,199799
0,074249	0,305252	10,215347
0,037140	0,337570	10,253662
0,006012	0,360306	10,210571
-0,009552	0,316025	10,130356
-0,001175	0,316025	10,056137
0,037140	0,268127	10,047760
0,004822	0,294464	9,930450
0,044327	0,293274	9,913681
0,140091	0,197510	9,963959
0,117340	0,163986	10,093246
0,112549	0,056244	10,076492
0,052704	0,038284	10,020233
-0,069397	0,099350	10,017838
-0,165176	0,088577	10,066910
-0,175949	0,068222	10,115997
-0,078979	0,032303	10,125565
0,033539	-0,015579	10,069305
0,063477	0,025116	9,928055
-0,047852	0,093353	9,774826
-0,181931	0,122086	9,655106
-0,205872	0,141235	9,564133
-0,229813	0,114899	9,509064
-0,179535	0,057449	9,610825
-0,157990	0,116104	9,748489
-0,167572	0,152023	9,871780
-0,061020	0,150818	10,005859
-0,015533	0,189133	10,035782
-0,045456	0,187927	9,920868
-0,101730	0,223846	9,920868
-0,147217	0,232224	9,865799
-0,201080	0,272919	9,789185
-0,205872	0,316025	9,809540
-0,119690	0,341156	9,861008
0,022766	0,343552	9,882553
0,142487	0,361511	9,756866
0,196350	0,436920	9,741302
0,259796	0,506363	9,814331
0,313675	0,536285	9,843048
0,332825	0,520721	9,791580
0,289719	0,551849	9,766434
0,269379	0,523117	9,755661
0,283737	0,465652	9,955582
