0,496826	1,539459	8,836288
0,506393	1,527481	8,963181
0,436966	1,510727	9,072128
0,413025	1,459244	9,222961
0,307678	1,461639	9,355835
0,287338	1,444885	9,550964
0,459717	1,306015	9,766434
0,452530	1,364685	9,837067
0,317261	1,440094	9,798767
0,280151	1,413757	9,790390
0,217896	1,370667	9,831085
0,154449	1,355103	9,809540
0,180786	1,401794	9,753265
0,168823	1,430527	9,632370
0,264587	1,389816	9,628769
0,354370	1,316788	9,606033
0,409439	1,341934	9,720947
0,456116	1,379044	9,742493
0,476471	1,359894	9,644333
0,440567	1,323975	9,544983
0,403458	1,327576	9,495895
0,338806	1,361084	9,494705
0,310074	1,347916	9,410904
0,338806	1,349121	9,357025
0,404648	1,328766	9,446808
0,488449	1,322784	9,584488
0,476471	1,400589	9,621597
0,457321	1,401794	9,586868
0,506393	1,333557	9,676651
0,568649	1,264130	9,805939
0,521957	1,285675	9,817917
0,463303	1,291656	9,785599
0,468094	1,303635	9,894531
0,477676	1,297638	10,009445
0,605759	1,230606	10,210571
0,666809	1,289261	10,269226
0,738632	1,335953	10,276413
0,899048	1,350311	10,305130
1,009186	1,382629	10,315903
1,031921	1,446075	10,100433
1,039108	1,461639	9,838272
1,015167	1,394608	9,790390
1,060654	1,406570	9,847839
1,177979	1,520309	9,912491
1,207901	1,643600	9,914886
1,162415	1,649582	9,984314
1,201920	1,549026	10,166275
1,154037	1,599304	10,335068
1,136078	1,611282	10,507446
1,266556	1,588531	10,725311
1,452118	1,617264	10,970718
1,622101	1,641205	11,114380
1,787292	1,661560	11,101212
1,778915	1,742966	11,022202
1,801666	1,854294	10,883331
1,989609	1,903381	10,823486
2,151215	1,965622	10,840240
2,242203	2,043442	10,934814
2,171570	2,053009	10,880936
2,063828	2,045822	10,766022
1,944122	2,073364	10,682220
1,986023	2,136810	10,947983
2,109314	2,169128	11,207748
2,127274	2,133224	11,232895
2,151215	2,104492	11,220917
2,136856	2,215820	11,253235
2,110519	2,275681	11,256836
2,043472	2,243347	11,320282
1,957291	2,239761	11,359787
1,999191	2,232574	11,461533
2,050659	2,309189	11,511810
2,096146	2,358276	11,362183
2,045868	2,339127	11,159866
2,141647	2,276871	11,204163
2,299652	2,275681	11,507019
2,324799	2,359467	11,672226
2,420563	2,336731	11,785950
2,586960	2,281662	11,744049
2,608505	2,389404	11,368164
2,497177	2,540237	10,757645
2,455276	2,529465	10,542160
2,444504	2,549805	10,698990
2,481613	2,597687	10,787567
2,540268	2,596497	10,775604
2,564224	2,637192	10,849823
2,580978	2,614456	11,052124
2,557037	2,626419	11,363373
2,464859	2,651566	11,704544
2,366699	2,628815	11,947556
2,181152	2,703033	11,933197
2,153610	2,700638	11,918823
2,105728	2,612061	12,164230
2,096146	2,682693	12,492233
2,156006	2,804794	12,633499
2,269730	2,811981	12,415619
2,322403	2,820358	11,958328
2,343948	2,911331	11,497452
2,403809	3,087311	11,375351
2,680344	3,131607	11,487869
3,001160	3,211807	11,724899
3,228607	3,374619	11,649475
3,312408	3,552979	11,122757
3,288467	3,737335	10,478714
3,366272	3,866623	9,969955
3,539856	3,980347	9,548569
3,570984	4,219772	9,176270
3,694275	4,408905	8,669891
3,943283	4,419678	8,090500
4,019897	4,564529	7,800797
4,106079	4,741699	7,663132
4,194672	4,789581	7,834320
4,151566	4,850632	8,298798
4,009125	4,908096	8,765671
3,912155	4,868591	9,262466
3,815186	4,928452	10,008255
3,731384	4,960770	10,592438
3,574570	4,973938	10,890518
3,548233	5,030197	10,934814
3,560211	5,181030	10,593643
3,499146	5,305542	9,723343
3,495560	5,256454	8,414917
3,497955	5,359406	7,363861
3,478806	5,719727	6,979584
3,551819	5,884933	6,996353
3,624847	5,926834	7,155563
3,679916	6,051331	7,246536
3,841522	6,139908	7,154373
4,118057	6,159073	6,918533
4,121643	6,107590	6,850296
3,972015	6,045349	7,192673
3,840332	6,086044	7,822342
3,578156	6,184204	8,240143
3,252548	6,175827	8,132401
2,934128	6,169846	7,934875
2,734207	6,196182	7,843903
2,574997	6,287155	7,853470
2,517532	6,379333	7,928894
2,481613	6,390106	8,115646
2,460068	6,507431	8,363434
2,649216	6,574463	8,235352
2,901794	6,647491	7,791229
3,106506	6,722900	7,171127
3,137634	6,815079	6,443283
3,001160	6,800720	5,683136
2,790466	6,886902	5,203094
2,519928	7,098785	4,950500
2,335571	7,126328	4,768539
2,165588	7,037735	4,584198
1,899826	7,079636	4,709885
1,734619	7,170624	5,187531
1,598160	7,211319	5,583771
1,492813	7,162231	5,643631
1,430557	7,103577	5,517929
1,422180	7,117950	5,610107
1,432953	7,199356	5,861496
1,474854	7,217300	6,044647
1,505981	7,180191	6,005157
1,679565	7,139496	5,976425
1,893845	7,225677	5,794464
1,941727	7,362152	5,215057
1,898636	7,486649	4,256180
1,833984	7,542923	3,354767
1,643646	7,612350	2,806503
1,379089	7,723679	2,628128
1,205505	7,714096	2,793335
0,956512	7,745224	3,027954
0,580627	7,856552	3,166824
0,209518	7,848175	3,357162
-0,083771	7,782333	3,432587
-0,283691	7,698547	3,650452
-0,327972	7,715302	4,185562
-0,244186	7,696152	4,580597
-0,102921	7,615936	4,658417
-0,208267	7,548904	4,536301
-0,253754	7,560867	4,639252
-0,392624	7,605164	4,500397
-0,535080	7,578827	4,167603
-0,542267	7,523758	3,687561
-0,652390	7,629105	3,117737
-0,596130	7,657837	2,637711
-0,131653	7,548904	2,207947
0,070663	7,645874	1,627350
-0,124466	7,808670	0,800156
-0,519516	7,931976	0,190826
-0,878647	7,910431	0,079498
-1,267700	7,890076	0,296173
-1,616058	7,918808	0,824097
-1,819565	7,890076	1,215546
-1,920120	7,796707	1,457367
-2,041031	7,674591	1,790161
-2,212219	7,693756	2,149292
-2,442062	7,694946	2,495255
-2,635986	7,577637	2,661652
-2,862244	7,527359	2,680801
-3,197433	7,526154	2,497650
-3,569733	7,605164	2,231888
-3,851044	7,665024	2,023590
-4,038986	7,613541	1,800934
-3,883362	7,517776	1,665665
-3,335098	7,438766	1,634537
-2,686264	7,460312	1,116196
-2,143982	7,508194	0,110626
-1,600494	7,442368	-0,599258
-1,043839	7,303497	-0,730942
-0,808014	7,311874	-0,764450
-0,829559	7,286743	-0,824310
-1,157562	7,265182	-1,043381
-1,772873	7,261597	-1,050568
-2,489944	7,311874	-0,680664
-3,173492	7,307083	-0,030640
-3,727737	7,230469	0,575104
-4,205383	7,132309	0,962967
-4,485504	7,153854	1,221542
-4,580078	7,163437	1,239487
-4,730911	7,110764	1,117386
-4,897308	7,083237	0,997681
-4,948792	7,017395	0,936630
-4,945190	6,959930	0,796570
-5,104416	6,974289	0,593063
-5,246872	6,959930	0,272232
-5,238480	6,920425	0,114212
-5,116379	6,862961	-0,101257
-4,967941	6,864166	-0,356247
-4,644730	6,816284	-0,667496
-4,284393	6,765991	-0,865005
-3,959976	6,804306	-1,134354
-3,716965	6,833038	-1,528198
-3,599655	6,787552	-1,858612
-3,611633	6,827057	-2,003448
-3,703796	6,870148	-1,902893
-3,800766	6,829437	-1,659882
-3,994705	6,824661	-1,534195
-4,317917	6,776779	-1,515045
-4,746475	6,692978	-1,419266
-5,118774	6,666641	-1,137955
-5,368973	6,622345	-0,908112
-5,596420	6,655869	-0,820724
-5,713730	6,703751	-0,884171
-5,774780	6,636719	-0,892548
-5,814285	6,588821	-0,872192
-5,832245	6,581650	-0,909302
-5,894501	6,579254	-1,009857
-6,009415	6,622345	-1,151123
-6,100403	6,606781	-1,197800
-6,108780	6,546936	-1,199005
-6,112366	6,520599	-1,220551
-6,056107	6,491867	-1,248077
-5,973511	6,459534	-1,242096
-5,985474	6,432007	-1,305542
-5,937592	6,341034	-1,368988
-5,916046	6,333847	-1,456375
-6,013016	6,321869	-1,576096
-6,204544	6,209351	-1,606018
-6,320663	6,157867	-1,538986
-6,373337	6,112381	-1,476730
-6,387695	6,044144	-1,519821
-6,485870	5,924438	-1,640732
-6,615158	5,883728	-1,758057
-6,811478	5,820282	-1,735306
-6,977875	5,748459	-1,617981
-7,198135	5,736496	-1,512650
-7,357361	5,713745	-1,498276
-7,504593	5,649109	-1,523422
-7,584808	5,590439	-1,527008
-7,670990	5,542557	-1,554535
-7,800278	5,579666	-1,543762
-7,840988	5,570099	-1,507858
-7,770355	5,442001	-1,479126
-7,619522	5,394119	-1,536591
-7,544098	5,432434	-1,716156
-7,508194	5,396515	-1,865784
-7,459106	5,359406	-1,884949
-7,448334	5,398911	-1,774811
-7,489029	5,408493	-1,743683
-7,516571	5,456375	-1,661087
-7,496216	5,427643	-1,600037
-7,326233	5,427643	-1,537781
-7,140686	5,420456	-1,616791
-7,102371	5,425247	-2,005844
-7,206512	5,488693	-2,277588
-7,260391	5,467148	-2,124359
-7,255600	5,482712	-1,917267
-7,309464	5,579666	-1,817902
-7,356155	5,594040	-1,820297
-7,418411	5,560516	-1,815506
-7,416016	5,558121	-1,718552
-7,419601	5,603607	-1,579681
-7,429184	5,612000	-1,455185
-7,483047	5,639526	-1,418076
-7,572830	5,698181	-1,383362
-7,570435	5,696991	-1,419266
-7,584808	5,726913	-1,377365
-7,515366	5,740082	-1,380966
-7,334610	5,726913	-1,499481
-7,199341	5,695786	-1,671860
-7,194550	5,741287	-1,798752
-7,223282	5,768814	-1,801147
-7,267578	5,829865	-1,680237
-7,313065	5,810715	-1,627563
-7,322632	5,829865	-1,517426
-7,357361	5,945984	-1,535385
-7,311859	5,972321	-1,622772
-7,313065	5,980698	-1,718552
-7,278351	5,962738	-1,781998
-7,296295	5,992676	-1,734100
-7,410034	6,015411	-1,637146
-7,430374	6,022598	-1,445602
-7,439957	6,033371	-1,306747
-7,398056	5,984299	-1,178650
-7,356155	5,978302	-1,124786
-7,319046	5,983093	-1,076904
-7,234055	5,907684	-1,143936
-7,187363	5,949570	-1,170273
-7,138290	5,992676	-1,256470
-7,125122	5,991470	-1,391739
-7,150253	6,027390	-1,431244
-7,158630	6,058517	-1,492294
-7,152649	6,065689	-1,516235
-7,080826	6,048935	-1,378571
-6,979065	6,075272	-1,278015
-6,945557	6,100403	-1,283997
-7,034134	6,144699	-1,366592
-7,090408	6,118362	-1,390533
-7,086807	6,066895	-1,262451
-7,175400	6,064499	-1,140350
-7,218491	6,029785	-1,082886
-7,267578	6,007034	-1,072113
-7,273560	5,953171	-0,972748
-7,304688	5,948380	-0,908112
-7,366928	5,968735	-0,985916
-7,399246	5,985489	-1,149918
-7,369324	5,986679	-1,210968
-7,325027	5,950775	-1,264847
-7,225677	5,944794	-1,365402
-7,281937	5,942398	-1,559326
-7,287918	5,948380	-1,657486
-7,310669	6,015411	-1,639542
-7,242432	5,969925	-1,577286
-7,188568	5,942398	-1,591660
-7,138290	5,953171	-1,658691
-7,150253	5,948380	-1,682632
-7,115540	5,870560	-1,542572
-7,093994	5,870560	-1,463562
-7,168213	5,947174	-1,383362
-7,187363	5,851410	-1,261246
-7,309464	5,796341	-1,177460
-7,365738	5,846619	-1,106827
-7,352570	5,868179	-1,128372
-7,344193	5,868179	-1,153519
-7,340591	5,843033	-1,231323
-7,305878	5,880142	-1,214569
-7,281937	5,912460	-1,187027
-7,254410	5,878952	-1,233719
-7,260391	5,906479	-1,348648
-7,226868	5,948380	-1,424057
-7,268768	6,011826	-1,468353
-7,341797	6,050125	-1,549759
-7,407639	6,039352	-1,585663
-7,449524	6,057312	-1,499481
-7,389679	6,088440	-1,352234
-7,257996	6,063293	-1,282806
-7,171799	6,086044	-1,432434
-7,114349	6,071686	-1,617981
-7,053284	6,034576	-1,643127
-7,005402	6,058517	-1,628769
-7,053284	6,041748	-1,641937
-7,156235	6,065689	-1,668274
-7,204132	6,022598	-1,746078
-7,241241	6,035767	-1,724533
-7,257996	6,065689	-1,548553
-7,223282	6,044144	-1,544968
-7,204132	6,020203	-1,571304
-7,178986	6,062103	-1,614395
-7,181381	6,056122	-1,554535
-7,169403	5,972321	-1,428848
-7,181381	5,981903	-1,276810
-7,199341	5,989075	-1,163086
-7,183777	5,945984	-1,116409
-7,199341	5,957962	-1,178650
-7,310669	5,979507	-1,307938
-7,297501	5,926834	-1,330688
-7,229263	5,936401	-1,194214
-7,257996	5,974716	-1,094849
-7,219681	5,934006	-1,109222
-7,167023	5,951965	-1,160690
-7,128708	5,962738	-1,194214
-7,122726	5,930420	-1,261246
-7,171799	5,959152	-1,276810
-7,238846	6,007034	-1,366592
-7,271164	6,009430	-1,463562
-7,314255	6,084854	-1,447998
-7,254410	6,075272	-1,412094
-7,180191	6,027390	-1,317520
-7,120331	6,034576	-1,294769
-7,089203	6,005844	-1,298355
-7,028152	5,981903	-1,395325
-7,050903	5,980698	-1,433640
-7,122726	5,977112	-1,415680
-7,147858	6,024994	-1,339066
-7,139481	6,046539	-1,312729
-7,155045	6,036957	-1,334274
-7,145462	6,056122	-1,401306
-7,110748	6,017807	-1,483917
-7,067657	6,009430	-1,566513
-7,032944	6,141113	-1,578491
-7,101181	6,137527	-1,883743
-7,078430	6,040558	-1,850220
-7,146667	6,126740	-1,790375
-7,144272	6,157867	-1,688614
-7,107162	6,155472	-1,698196
-7,043716	6,101608	-1,737701
-7,047302	6,153076	-1,823883
-7,109558	6,178223	-1,823883
-7,101181	6,206955	-1,776001
-7,096390	6,224915	-1,744888
-7,076035	6,184204	-1,736496
-7,062866	6,121964	-1,737701
-7,089203	6,130341	-1,635941
-7,074844	6,209351	-1,588058
-7,092789	6,194977	-1,598831
-7,023361	6,171036	-1,570099
-7,005402	6,210541	-1,601227
-6,957520	6,190186	-1,649109
-6,891678	6,167450	-1,737701
-6,934784	6,238083	-1,828674
-6,971893	6,262024	-1,807129
-6,980270	6,209351	-1,754456
-7,025757	6,236877	-1,774811
-7,044907	6,208145	-1,828674
-7,085617	6,169846	-1,770020
-7,153854	6,154282	-1,720932
-7,202927	6,154282	-1,628769
-7,267578	6,178223	-1,538986
-7,265182	6,137527	-1,538986
-7,236450	6,148300	-1,535385
-7,241241	6,132736	-1,573700
-7,225677	6,075272	-1,652710
-7,175400	6,026184	-1,685028
-7,079620	6,040558	-1,710159
-7,022171	6,029785	-1,659882
-6,988647	6,013016	-1,615601
-7,028152	5,980698	-1,576096
-7,128708	6,038162	-1,479126
-7,214905	5,945984	-1,281601
-7,232849	5,934006	-1,147522
-7,319046	5,917252	-1,055344
-7,315460	5,916061	-0,996689
-7,263977	5,859787	-1,008667
-7,177795	5,809509	-1,092468
-7,059280	5,791565	-1,163086
-7,060471	5,833450	-1,208572
-7,077240	5,846619	-1,182251
-7,086807	5,853806	-1,183441
-7,219681	5,887329	-1,315125
-7,291519	5,899292	-1,524612
-7,347778	5,895706	-1,619186
-7,381302	5,912460	-1,594040
-7,368134	5,941193	-1,609604
-7,387283	5,901688	-1,638336
-7,420807	5,881348	-1,707764
-7,418411	5,888519	-1,710159
-7,341797	5,907684	-1,589264
-7,280746	5,875351	-1,510254
-7,196945	5,892120	-1,530594
-7,224472	5,923233	-1,525818
-7,261581	5,906479	-1,503067
-7,225677	5,945984	-1,383362
-7,304688	5,954361	-1,268433
-7,305878	5,943588	-1,304352
-7,277145	5,985489	-1,287582
-7,240036	6,015411	-1,357025
-7,235245	6,029785	-1,468353
-7,225677	6,035767	-1,647919
-7,210114	6,071686	-1,730515
-7,143066	6,076462	-1,701782
-7,105957	6,066895	-1,756851
-7,122726	6,075272	-1,878952
-7,088013	6,105194	-1,871780
-7,056885	6,102798	-1,825089
-7,040115	6,126740	-1,829880
-6,983856	6,098022	-1,839447
-7,000626	6,117172	-1,859802
-7,037735	6,148300	-1,791565
-7,066452	6,154282	-1,673050
-7,065262	6,167450	-1,612000
-7,043716	6,151886	-1,565323
-7,035339	6,149490	-1,554535
-7,084412	6,159073	-1,652710
-7,031738	6,125549	-1,625168
-7,056885	6,125549	-1,613205
-7,058075	6,094421	-1,670654
-7,097580	6,064499	-1,620377
-7,220886	6,041748	-1,612000
-7,319046	6,042953	-1,588058
-7,305878	6,014221	-1,510254
-7,386078	6,088440	-1,759247
-7,317856	5,924438	-1,664673
-7,134689	5,798737	-1,388138
-7,236450	5,977112	-1,553345
-7,275955	5,884933	-1,808334
-7,293915	5,726913	-1,748474
-7,347778	5,713745	-1,556931
-7,468689	5,787964	-1,480316
-7,581207	5,746063	-1,507858
-7,694931	5,686218	-1,507858
-7,751205	5,693390	-1,578491
-7,666214	5,641922	-1,572495
-7,582413	5,615585	-1,694595
-7,554871	5,566498	-1,860992
-7,512985	5,481506	-1,866989
-7,529739	5,485107	-1,778397
-7,627899	5,455170	-1,612000
-7,724869	5,440811	-1,574890
-7,767960	5,347427	-1,622772
-7,751205	5,310318	-1,615601
-7,684158	5,300751	-1,562927
-7,685364	5,287582	-1,465958
-7,685364	5,272018	-1,394135
-7,748810	5,276810	-1,349838
-7,802673	5,269623	-1,354630
-7,809860	5,250473	-1,444412
-7,790710	5,254059	-1,444412
-7,806274	5,309128	-1,501877
-7,808655	5,286377	-1,547363
-7,764374	5,244476	-1,500671
-7,728455	5,283981	-1,446808
-7,630295	5,301941	-1,543762
-7,569244	5,285187	-1,632355
-7,569244	5,291168	-1,753265
-7,552475	5,325882	-1,766434
-7,518967	5,362991	-1,735306
-7,469879	5,422852	-1,691010
-7,421997	5,451584	-1,764038
-7,386078	5,471939	-1,860992
-7,389679	5,475525	-1,941208
-7,384888	5,528198	-1,899307
-7,378906	5,580872	-1,851425
-7,368134	5,622772	-1,847824
-7,338196	5,633545	-1,821503
-7,308273	5,670654	-1,728119
-7,269974	5,766418	-1,724533
-7,234055	5,772400	-1,731720
-7,180191	5,758041	-1,698196
-7,104767	5,846619	-1,685028
-6,951538	5,910065	-1,740097
-6,816269	5,937607	-1,876556
-6,732468	5,948380	-1,914871
-6,615158	5,977112	-1,913666
-6,578049	6,029785	-1,802338
-6,623535	6,070480	-1,606018
-6,563675	6,066895	-1,376175
-6,495438	6,132736	-1,292374
-6,502625	6,232086	-1,267242
-6,427200	6,277588	-1,246887
-6,348206	6,321869	-1,287582
-6,223694	6,411652	-1,409698
-6,154266	6,519394	-1,473145
-6,064484	6,629532	-1,541367
-5,944778	6,690582	-1,578491
-5,905273	6,794724	-1,525818
-5,817886	6,798325	-1,536591
-5,760422	6,878525	-1,468353
-5,699371	6,994644	-1,430038
-5,623947	7,030563	-1,463562
-5,561707	7,006622	-1,567703
-5,536560	7,091614	-1,503067
-5,385727	7,132309	-1,383362
-5,245667	7,179001	-1,349838
-5,191803	7,243637	-1,402512
-5,181030	7,335815	-1,549759
-5,173843	7,390884	-1,645523
-5,105606	7,424408	-1,639542
-5,032578	7,524963	-1,647919
-4,994278	7,589600	-1,602432
-4,948792	7,614746	-1,583267
-4,868576	7,612350	-1,468353
-4,859009	7,623123	-1,252869
-4,850632	7,650650	-1,051758
-4,760849	7,734451	-0,920074
-4,632751	7,772766	-0,815933
-4,423264	7,720093	-0,733337
-4,249680	7,674591	-0,624390
-4,187439	7,711700	-0,626785
-4,192215	7,755997	-0,639954
-4,194611	7,757202	-0,554962
-4,235321	7,812271	-0,362228
-4,232925	7,848175	-0,248505
-4,155106	7,821838	-0,284424
-4,115601	7,855362	-0,311951
-4,119202	7,912827	-0,217377
-4,094055	7,916412	-0,137177
-4,025818	7,973877	-0,162308
-3,835480	8,055283	-0,320328
-3,677460	8,061264	-0,545380
-3,594864	8,099564	-0,774033
-3,497894	8,135483	-0,888947
-3,538605	8,180969	-0,936844
-3,555359	8,174988	-0,897339
-3,566132	8,163010	-0,826706
-3,473953	8,192947	-0,732132
-3,434448	8,124710	-0,650726
-3,394943	8,113937	-0,569321
-3,405731	8,141464	-0,471161
-3,356644	8,139069	-0,296387
-3,204605	8,145065	-0,223358
-3,124405	8,179779	-0,097672
-3,096878	8,203720	-0,048584
-3,008286	8,179779	0,044785
-2,935257	8,273148	0,158508
-2,889771	8,353348	0,119003
-2,804779	8,299484	0,068726
-2,664719	8,280334	0,043594
-2,618027	8,360535	0,039993
-2,458817	8,400040	0,072311
-2,287628	8,373703	0,093872
-2,182281	8,350967	-0,000702
-2,085327	8,318634	-0,009079
-2,041031	8,291107	0,141754
-2,041031	8,200119	0,373993
-2,029053	8,158234	0,648117
-1,952438	8,143860	0,931839
-1,928497	8,170197	1,150909
-1,952438	8,185760	1,192810
-1,997940	8,163010	1,156891
-1,966812	8,133087	1,056335
-1,875824	8,129501	1,089859
-1,763306	8,106750	1,167664
-1,671127	8,080414	1,155701
-1,501144	8,060059	1,141327
-1,411362	8,089996	1,071899
-1,335938	8,100769	1,026413
-1,175522	8,069641	1,111404
-1,046234	8,064850	1,222733
-1,077362	8,148651	1,287369
-1,127640	8,192947	1,446594
-1,151581	8,224060	1,612991
-1,103699	8,248016	1,624954
-0,974411	8,293503	1,567490
-0,829559	8,341385	1,555527
-0,666763	8,365326	1,589050
-0,513535	8,422791	1,663269
-0,450089	8,486237	1,674042
-0,385437	8,546082	1,615387
-0,282486	8,591583	1,506439
-0,038284	8,644257	1,405884
0,201141	8,639465	1,381943
0,301697	8,647842	1,397507
0,356766	8,672974	1,408279
0,514786	8,676575	1,537567
0,615341	8,705307	1,688400
0,697937	8,680161	1,822479
0,713501	8,668198	1,931412
0,772156	8,674179	2,076263
0,818848	8,640656	2,176819
0,754196	8,669388	2,298920
0,808075	8,659805	2,412643
0,975662	8,623901	2,611374
1,170792	8,620300	2,727493
1,303665	8,571228	2,685593
1,447327	8,580811	2,686783
1,628082	8,655029	2,709534
1,732239	8,724457	2,611374
1,770538	8,755585	2,464127
1,780121	8,820221	2,395889
1,893845	8,860931	2,398285
2,066223	8,828598	2,449768
2,050659	8,825012	2,494049
1,995590	8,833389	2,623337
1,997986	8,810654	2,883118
2,029114	8,801071	3,120132
2,130859	8,775925	3,199142
2,318817	8,750793	3,105774
2,519928	8,753189	3,102173
2,677948	8,744812	3,201538
2,852722	8,689743	3,335617
3,039459	8,602356	3,450531
3,092133	8,572418	3,625320
3,033478	8,537704	3,808472
3,094528	8,467072	4,167603
3,080170	8,451523	4,441742
3,031082	8,409622	4,548279
3,033478	8,379684	4,633270
3,032288	8,321030	4,606934
3,257339	8,206116	4,701508
3,404587	8,207306	4,656021
3,481201	8,106750	4,499191
3,527878	8,003799	4,495605
3,514709	7,925995	4,492020
3,391418	7,873322	4,596161
3,208252	7,833817	4,731430
3,008347	7,733261	4,956497
2,850327	7,662628	5,205490
2,712662	7,633896	5,318008
2,627670	7,568054	5,300064
2,675552	7,489044	5,195908
2,823990	7,515381	5,106125
3,124466	7,423203	4,951706
3,499146	7,370529	4,815231
3,786453	7,477081	4,651230
3,979187	7,492645	4,524338
4,097702	7,449539	4,428574
4,237762	7,455536	4,365128
4,379028	7,475876	4,422577
4,328751	7,514191	4,533920
4,291641	7,448349	4,684753
4,221008	7,326248	4,952896
4,120453	7,240051	5,312027
3,968414	7,218506	5,641235
3,815186	7,108368	5,996765
3,769699	6,953949	6,231400
3,729004	6,827057	6,422943
3,708649	6,670227	6,547440
3,763718	6,493057	6,649185
3,919342	6,368561	6,761719
4,127625	6,281174	6,780869
4,315582	6,133926	6,807205
4,437683	6,017807	6,791641
4,407745	5,929230	6,809601
4,431702	5,813110	6,972412
4,416138	5,758041	7,128036
4,277267	5,717331	7,247742
4,205444	5,640717	7,411743
4,162354	5,524597	7,722992
4,039047	5,523407	7,843903
3,918137	5,443207	7,792419
3,858276	5,327087	7,802002
3,742157	5,285187	7,877411
3,600906	5,208572	7,811569
3,616470	5,046967	7,734955
3,738571	4,884155	7,734955
3,861877	4,854233	7,670319
3,958847	4,794373	7,696655
3,991165	4,625580	7,821152
3,890610	4,544174	8,205414
3,821167	4,422073	8,598068
3,702667	4,376587	8,812347
3,602097	4,295181	8,953613
3,502747	4,198212	9,050568
3,514709	4,101257	8,959595
3,575775	3,974365	8,692642
3,647598	3,818741	8,577713
3,598511	3,720581	8,771652
3,670334	3,635574	9,159515
3,679916	3,526642	9,464767
3,500351	3,464401	9,685043
3,268112	3,394958	10,005859
3,156784	3,374619	10,307526
2,998764	3,303986	10,258453
2,812012	3,277649	10,021423
2,606110	3,252502	9,907700
2,372681	3,198639	9,918472
2,257767	3,143570	9,847839
2,419373	3,052597	9,681442
2,750961	2,979568	9,312744
2,905396	2,993927	8,876999
3,010742	2,914932	8,802780
3,022705	2,807190	9,020645
2,918564	2,810776	9,245697
2,924545	2,663528	9,410904
2,925735	2,527069	9,650330
2,756958	2,546219	9,947205
2,598938	2,408554	10,223740
2,444504	2,296021	10,303940
2,382263	2,242157	10,376968
2,393036	2,152374	10,512238
2,353531	2,068573	10,545761
2,266144	1,984772	10,610397
2,129669	1,902176	10,752853
1,905807	1,918930	10,760040
1,733429	1,843521	10,694199
1,746597	1,776489	10,734894
1,940521	1,733383	10,697784
2,031509	1,722610	10,337463
2,196701	1,744156	10,119583
2,408600	1,696274	9,832275
2,461273	1,593323	9,585678
2,383453	1,666351	9,682648
2,264938	1,685501	9,935226
2,043472	1,601700	10,178238
1,853134	1,606491	10,406891
1,666397	1,504745	10,608002
1,519150	1,464035	10,836655
1,242615	1,507141	10,806717
1,018753	1,430527	10,657089
0,911026	1,320389	10,594833
0,866730	1,282074	10,622375
1,148041	1,125259	10,549347
1,551468	1,009140	10,449982
1,689133	1,125259	10,274017
1,765747	1,198288	10,222534
1,782516	1,065399	10,319504
1,719070	1,001953	10,234512
1,562241	0,987595	10,335068
1,349167	1,073776	10,477524
1,174377	1,051041	10,561310
0,992416	0,985199	10,533783
0,895462	0,903793	10,637924
0,871521	0,924149	10,588852
0,973267	0,920547	10,531387
1,200714	0,934921	10,489487
1,273743	0,968445	10,325485
1,227051	0,883438	10,318298
1,097763	0,871475	10,327881
0,948135	0,904999	10,312317
0,802078	0,836761	10,311127
0,664413	0,828384	10,548141
0,618927	0,805634	10,879745
0,514786	0,775711	11,060501
0,401062	0,760147	11,077271
0,519562	0,706268	11,050934
0,754196	0,740997	10,816299
0,993622	0,797256	10,347031
1,119324	0,912170	10,054947
1,124100	0,890625	9,747284
1,030731	0,919357	9,474350
0,869125	0,933716	9,504272
0,708710	0,922943	9,734116
0,624908	0,890625	10,027405
0,660828	0,962448	10,101624
0,747025	1,034286	10,005859
0,817642	1,031891	9,968750
0,860748	1,060623	9,947205
0,863144	1,085754	9,980728
0,875107	1,076172	10,115997
0,803284	1,073776	10,354218
0,679977	1,060623	10,434418
0,644073	1,009140	10,424850
0,586609	0,981613	10,550537
0,529144	1,016327	10,719330
0,538727	1,025894	10,805527
0,574631	1,046249	10,629547
0,611740	1,042664	10,459564
0,623718	1,076172	10,376968
0,560272	1,058228	10,374573
0,626114	0,995972	10,362595
0,646469	1,069000	10,250076
0,729065	1,109695	10,230911
0,865524	1,040268	10,268021
0,839188	1,096527	10,260849
0,703918	1,128845	10,147125
0,673996	1,010330	10,133957
0,656036	1,051041	10,356613
0,547104	1,086945	10,502655
0,501617	0,950485	10,448792
0,396271	0,925339	10,427246
0,317261	1,080963	10,440414
0,356766	1,092941	10,435623
0,404648	1,029495	10,426041
0,456116	1,043854	10,343445
0,550690	1,089340	10,223740
0,569855	1,063004	10,117188
0,571045	1,042664	9,972336
0,524353	1,018723	9,922058
0,475281	1,033081	10,065720
0,414230	1,061813	10,221344
0,237061	0,997162	10,094452
0,149658	0,974426	10,008255
0,235855	0,943298	10,156693
0,329224	0,915771	10,307526
0,377121	0,839157	10,388931
0,301697	0,860703	10,309921
0,247833	0,889435	10,363800
0,223892	0,944504	10,501465
0,211914	0,982803	10,523010
0,085022	0,985199	10,294357
-0,050247	0,970840	10,014236
-0,001175	0,891830	9,740097
0,100586	0,933716	9,570114
0,105377	0,994781	9,600037
0,160446	0,954071	9,694611
0,220291	0,883438	9,759262
0,197556	0,829575	9,828690
0,181992	0,805634	9,906494
0,085022	0,895416	9,896927
-0,023911	0,920547	9,625183
0,014389	0,859497	9,251694
0,038330	0,821198	9,044586
0,028763	0,859497	8,967972
0,166428	0,830765	8,914108
0,317261	0,750565	9,100845
0,349579	0,825989	9,389359
0,366333	0,842743	9,527023
0,348389	0,736206	9,528214
0,204727	0,717041	9,594055
0,075439	0,767319	9,692215
-0,061020	0,778107	9,792770
-0,111298	0,737396	9,871780
-0,041870	0,604523	10,035782
0,167618	0,580582	10,458359
0,037140	0,779297	10,446396
-0,148407	0,767319	9,995087
-0,173553	0,677536	9,635956
-0,179535	0,781693	9,524628
-0,175949	0,831970	9,501877
-0,072998	0,836761	9,431259
-0,013138	0,843933	9,361816
0,059875	0,883438	9,365417
0,149658	0,939713	9,395340
0,136490	0,954071	9,462372
0,068268	0,943298	9,461182
-0,062225	0,968445	9,367813
-0,064621	0,937317	9,272034
-0,102921	0,858307	9,396530
-0,122070	0,920547	9,644333
-0,045456	0,950485	9,813126
-0,010742	0,897812	9,851440
0,085022	0,855911	9,895721
0,138885	0,893021	9,965164
0,137695	0,927734	9,965164
0,006012	0,920547	9,947205
-0,068207	0,881058	9,876572
-0,137634	0,833160	9,815521
-0,130463	0,848724	9,963959
-0,159180	0,973221	10,047760
-0,120880	0,986389	9,815521
-0,043076	0,924149	9,652710
0,112549	0,866684	9,560547
0,227478	0,894226	9,562927
0,189163	1,043854	9,623993
0,183182	1,051041	9,531815
0,171219	0,993576	9,442032
0,107773	1,000763	9,461182
0,110153	0,991180	9,501877
0,113754	1,021118	9,492310
0,123322	1,030685	9,462372
0,057495	1,060623	9,390549
0,011993	1,128845	9,264862
-0,034683	1,137238	9,109238
-0,043076	1,181519	8,935654
-0,021515	1,183914	8,964386
0,167618	1,133636	9,078110
