1,507993	-2,896305	-9,474028
1,546291	-2,896305	-9,521900
1,555866	-3,001625	-9,608071
1,565441	-2,819708	-9,627220
1,565441	-2,925028	-9,675094
1,479270	-2,838857	-9,588923
1,488844	-2,896305	-9,598496
1,507993	-2,944177	-9,588923
1,421822	-3,212265	-9,665519
1,460120	-3,240989	-9,751690
1,488844	-3,154818	-9,809137
1,402673	-3,059072	-9,713391
1,383524	-3,193116	-9,713391
1,373949	-3,154818	-9,627220
1,239906	-3,240989	-9,722966
1,316502	-3,442055	-9,770839
1,316502	-3,480353	-9,780414
1,239906	-3,212265	-9,713391
1,163309	-3,240989	-9,751690
1,220756	-3,413331	-9,713391
1,220756	-3,413331	-9,799562
1,125011	-3,269712	-9,770839
1,163309	-3,470778	-9,789989
1,144160	-3,346309	-9,655944
1,125011	-3,260138	-9,780414
1,086713	-3,269712	-9,818711
0,971818	-3,231414	-9,703817
0,885647	-3,643120	-9,876159
0,876072	-3,786739	-9,828286
0,856923	-3,844186	-9,608071
0,751603	-3,729291	-9,588923
0,675007	-3,815462	-9,828286
0,675007	-3,997379	-9,789989
0,579261	-4,016528	-9,407005
0,397344	-4,236743	-9,646370
0,387770	-4,543129	-9,761265
0,292024	-4,552703	-9,368708
0,119682	-4,591002	-9,119769
-0,004787	-4,562278	-9,330409
-0,119682	-4,964410	-9,426155
-0,177129	-5,050581	-9,378282
-0,292024	-5,136752	-8,851681
-0,320748	-5,088879	-8,641041
-0,397344	-4,763344	-8,267632
-0,531388	-5,031432	-8,411251
-0,607985	-5,538883	-8,803808
-0,799476	-5,586756	-8,602742
-0,981392	-5,941015	-8,372953
-1,067564	-6,199528	-8,526146
-1,038840	-6,103782	-8,296356
-1,278204	-5,376116	-8,047418
-1,479270	-5,979313	-8,152739
-1,536717	-6,400594	-8,066567
-1,728208	-6,582510	-8,076141
-1,986721	-6,860173	-7,999545
-2,044169	-6,869747	-8,056993
-2,025020	-6,467616	-7,319751
-2,350555	-6,869747	-7,520817
-2,503747	-7,281453	-7,453795
-2,714388	-7,195282	-7,147409
-3,039923	-7,204857	-7,013366
-3,480353	-7,386774	-7,626137
-8,277207	-9,263388	-12,107032
1,010116	-10,249567	-2,235660
-0,416493	-1,929274	-3,135669
-5,883567	-7,989971	-3,308011
-3,547375	-8,219760	-3,968655
-3,576098	-7,587839	-3,652695
-4,954835	-8,047418	-3,269712
-4,485682	-8,468699	-2,714388
-4,658024	-8,248484	-2,206936
-4,839940	-7,425072	-1,785655
-5,213348	-7,788905	-1,728208
-5,165475	-8,171887	-1,086713
-5,491010	-7,549541	-0,694156
-5,634629	-7,712308	-0,722879
-5,749524	-7,415497	-0,339897
-5,931440	-7,348475	0,186704
-6,094208	-6,917620	0,349471
-6,371870	-6,477190	0,569686
-6,477190	-6,783576	0,799476
-6,668681	-6,563361	0,675007
-6,754852	-6,841023	0,531388
-6,754852	-6,295273	1,010116
-6,927195	-5,491010	1,431397
-7,109111	-5,663352	1,421822
-7,166558	-5,854844	1,345226
-7,224006	-5,452712	1,527142
-7,358050	-5,251647	1,823954
-7,463370	-5,079304	1,680335
-7,444221	-4,667598	1,948423
-7,530392	-4,045252	2,111191
-7,712308	-4,179296	1,881401
-7,693159	-4,073976	2,226085
-7,817628	-3,796313	2,408002
-7,855927	-3,643120	2,159063
-7,836778	-3,221840	2,273958
-7,894225	-2,589919	2,465449
-8,009120	-2,570770	2,542046
-8,056993	-2,714388	2,254809
-8,143164	-2,427151	2,398427
-8,162313	-2,072892	2,551620
-8,191036	-1,699484	2,589919
-8,191036	-1,373949	2,695239
-8,305931	-1,010116	2,465449
-8,325080	-0,962243	2,187787
-8,277207	-0,713305	2,398427
-8,296356	-0,569686	2,494173
-8,353804	-0,205853	2,704813
-8,392102	0,196278	2,810133
-8,459125	0,119682	2,628217
-8,487848	0,196278	2,589919
-8,497422	0,234577	2,647366
-8,449550	0,426068	2,781410
-8,353804	0,713305	2,829283
-8,459125	0,751603	2,781410
-8,526146	0,799476	2,676090
-8,516571	0,895221	2,781410
-8,526146	1,096287	2,676090
-8,468699	1,000542	2,637791
-8,468699	1,163309	2,762261
-8,439975	1,335651	2,628217
-8,420826	1,326077	2,609068
-8,439975	1,440971	2,656940
-8,401677	1,680335	2,714388
-8,372953	1,728208	2,676090
-8,334655	1,728208	2,733537
-8,392102	1,728208	2,714388
-8,334655	1,948423	2,877155
-8,344230	1,881401	2,877155
-8,372953	2,178212	2,953752
-8,459125	2,092041	2,896305
-8,535721	2,044169	2,800559
-8,535721	2,168638	2,925028
-8,641041	2,159063	2,953752
-8,679339	2,111191	2,963326
-8,727212	2,139914	3,078221
-8,746361	2,187787	2,915454
-8,717637	2,130340	2,829283
-8,727212	2,226085	3,001625
-8,775084	2,111191	2,934603
-8,784659	2,120765	2,886730
-8,775084	2,044169	2,905879
-8,784659	1,986721	2,877155
-8,717637	2,044169	2,992050
-8,708063	2,005870	2,915454
-8,708063	2,034594	2,982476
-8,755936	2,063318	2,953752
-8,708063	2,092041	2,838857
-8,612317	2,111191	2,790984
-8,660190	2,044169	2,752686
-8,641041	2,139914	2,838857
-8,593168	2,149489	2,944177
-8,612317	2,092041	2,752686
-8,621892	2,178212	2,752686
-8,669765	2,216511	2,781410
-8,650616	2,302682	2,848432
-8,631466	2,340980	2,877155
-8,602742	2,273958	2,877155
-8,612317	2,235660	2,877155
-8,641041	2,245234	2,886730
-8,621892	2,398427	2,877155
-8,641041	2,264384	2,877155
-8,602742	2,254809	2,905879
-8,574018	2,168638	2,752686
-8,564445	2,226085	2,838857
-8,564445	2,312256	2,771835
-8,545295	2,245234	2,800559
-8,574018	2,226085	2,781410
-8,526146	2,178212	2,723963
-8,506997	2,254809	2,714388
-8,487848	2,149489	2,685664
-8,574018	2,283533	2,858006
-8,612317	2,197362	2,867581
-8,660190	2,168638	2,819708
-8,641041	2,226085	2,829283
-8,669765	2,197362	2,953752
-8,717637	2,168638	2,982476
-8,736787	2,197362	2,915454
-8,708063	2,226085	2,944177
-8,717637	2,226085	2,819708
-8,698488	2,187787	2,810133
-8,717637	2,197362	2,829283
-8,679339	2,168638	2,819708
-8,698488	2,187787	2,848432
-8,650616	2,159063	2,886730
-8,698488	2,130340	2,819708
-8,631466	2,139914	2,819708
-8,612317	2,063318	2,810133
-8,574018	2,130340	2,819708
-8,574018	2,111191	2,819708
-8,612317	2,130340	2,810133
-8,641041	2,082467	2,695239
-8,574018	2,340980	2,810133
-8,602742	1,967572	2,790984
-8,631466	1,766506	2,848432
-8,688913	2,063318	2,905879
-8,679339	2,139914	2,934603
-8,755936	2,159063	2,925028
-8,708063	2,139914	2,886730
-8,736787	2,159063	2,848432
-8,621892	2,159063	2,896305
-8,688913	2,101616	2,867581
-8,669765	2,130340	2,886730
-8,688913	2,139914	2,819708
-8,679339	2,197362	2,858006
-8,650616	2,302682	2,848432
-8,631466	2,235660	2,810133
-8,564445	2,254809	2,858006
-8,593168	2,197362	2,896305
-8,564445	2,216511	2,838857
-8,526146	2,139914	2,810133
-8,506997	2,120765	2,762261
-8,554870	2,111191	2,752686
-8,545295	1,977147	2,723963
-8,468699	1,938848	2,771835
-8,439975	1,785655	2,685664
-8,430401	1,795230	2,676090
-8,449550	1,613313	2,637791
-8,487848	1,536717	2,704813
-8,526146	1,450546	2,704813
-8,554870	1,268629	2,628217
-8,564445	1,096287	2,666515
-8,612317	0,981392	2,733537
-8,583593	0,856923	2,762261
-8,593168	0,818625	2,695239
-8,564445	0,703730	2,723963
-8,593168	0,540963	2,762261
-8,612317	0,406919	2,666515
-8,650616	0,320748	2,714388
-8,641041	0,033511	2,733537
-8,660190	-0,205853	2,685664
-8,621892	-0,301599	2,781410
-8,583593	-0,387770	2,781410
-8,545295	-0,751603	2,743112
-8,506997	-0,866498	2,771835
-8,535721	-0,971818	2,762261
-8,669765	-1,201607	2,704813
-8,660190	-1,469695	2,743112
-8,650616	-1,622888	2,752686
-8,679339	-1,747357	2,733537
-8,688913	-2,044169	2,714388
-8,621892	-2,168638	2,656940
-8,516571	-2,283533	2,647366
-8,468699	-2,398427	2,475024
-8,411251	-2,589919	2,436726
-8,344230	-2,762261	2,436726
-8,219760	-2,896305	2,350555
-8,143164	-3,068647	2,101616
-8,018694	-3,260138	2,053743
-7,961247	-3,422905	2,015445
-7,903800	-3,719717	2,044169
-7,855927	-3,777164	2,044169
-7,865501	-3,959081	1,910125
-7,769756	-4,064401	1,776081
-7,616563	-4,332489	1,756932
-7,472944	-4,523980	1,766506
-7,415497	-4,658024	1,756932
-7,425072	-4,887813	1,632463
-7,300602	-4,926111	1,823954
-7,310177	-4,945261	1,594164
-7,262304	-5,414414	1,421822
-7,195282	-5,519734	1,460120
-7,013366	-5,778247	1,479270
-6,869747	-6,113357	1,335651
-6,716554	-6,228251	1,000542
-6,601659	-6,304848	0,761178
-6,410168	-6,592085	0,780327
-6,276124	-6,898471	0,512239
-6,065484	-6,898471	0,473941
-5,931440	-6,869747	0,378195
-5,864419	-7,291028	0,043086
-5,711226	-7,559115	-0,023936
-5,529309	-7,511243	-0,225002
-5,443138	-7,597414	-0,272875
-5,347392	-7,645287	-0,560112
-5,165475	-7,817628	-0,962243
-5,079304	-8,133589	-1,230331
-4,887813	-8,305931	-1,010116
-4,667598	-8,095291	-0,751603
-4,591002	-7,817628	-1,297353
-4,447383	-7,999545	-1,852677
-4,303765	-7,951673	-2,168638
-4,083550	-8,296356	-2,436726
-3,748441	-8,382527	-2,465449
-3,643120	-8,286782	-2,810133
-3,633546	-8,200611	-3,509076
-3,480353	-8,574018	-3,815462
-3,212265	-8,344230	-3,901634
-3,173967	-8,152739	-4,591002
-2,982476	-8,928278	-4,552703
-2,714388	-8,363379	-4,667598
-2,532471	-8,095291	-5,041006
-2,475024	-8,104865	-5,519734
-2,350555	-8,325080	-5,950589
-2,053743	-8,382527	-6,122931
-2,082467	-8,191036	-6,199528
-1,938848	-7,922949	-6,620809
-1,718634	-7,884651	-6,534637
-1,661186	-7,587839	-6,381444
-1,488844	-7,166558	-6,563361
-1,287778	-7,032515	-6,735703
-1,201607	-6,841023	-7,760181
-0,990967	-6,639958	-7,875076
-0,904796	-6,831449	-7,539967
-0,732454	-6,745278	-7,329326
-0,607985	-6,046335	-7,463370
-0,483515	-6,391019	-7,808054
-0,387770	-6,601659	-8,191036
-0,454792	-6,448466	-8,669765
-0,579261	-6,381444	-8,746361
-0,397344	-6,228251	-8,698488
-0,014362	-5,979313	-8,593168
0,000000	-5,873993	-8,736787
0,000000	-5,768672	-9,043172
0,110107	-5,768672	-9,052747
0,311173	-5,414414	-9,177217
0,349471	-4,897388	-9,110194
0,330322	-4,811217	-9,234664
0,502664	-4,562278	-9,339984
0,569686	-4,466532	-9,052747
0,473941	-4,466532	-9,196365
0,646283	-4,725046	-9,205940
0,722879	-4,275041	-9,024023
0,675007	-4,169721	-9,148493
0,828200	-4,073976	-9,675094
0,962243	-3,805888	-9,493176
0,923945	-3,911208	-9,225089
0,952669	-3,623971	-9,253813
1,057989	-3,576098	-9,407005
1,172884	-3,671844	-9,569773
1,201607	-3,403756	-9,349558
1,268629	-3,173967	-9,550624
1,383524	-3,269712	-9,713391
1,364375	-3,154818	-9,588923
1,431397	-3,059072	-9,579348
1,488844	-3,011199	-9,732541
1,584590	-3,240989	-10,019777
1,670761	-2,877155	-9,780414
1,632463	-2,771835	-9,761265
1,670761	-2,465449	-10,058076
1,814379	-2,666515	-10,029352
1,795230	-2,685664	-9,770839
1,747357	-2,704813	-9,770839
1,776081	-2,972901	-9,818711
1,756932	-3,078221	-9,924032
1,795230	-2,963326	-9,876159
1,766506	-2,838857	-9,742115
1,804805	-3,001625	-9,828286
1,862252	-2,905879	-9,837861
1,862252	-2,877155	-9,837861
1,795230	-2,992050	-9,675094
1,804805	-2,896305	-9,598496
1,890976	-2,819708	-9,722966
1,881401	-2,972901	-9,703817
1,919699	-2,723963	-9,588923
1,823954	-2,848432	-9,675094
1,919699	-2,771835	-9,655944
1,862252	-2,580344	-9,675094
1,776081	-2,972901	-9,751690
1,833528	-3,126094	-9,751690
1,795230	-3,212265	-9,694242
1,804805	-3,288862	-9,464453
2,025020	-2,762261	-8,985725
1,919699	-2,360129	-8,947427
1,756932	-2,867581	-9,272962
1,919699	-2,982476	-9,483603
1,977147	-3,145243	-9,627220
