-0,073335	-4,161098	0,410487
-0,051008	-2,838660	0,343709
-0,002508	-2,569654	0,504756
-0,040305	-1,848913	0,587637
0,013714	-1,387215	0,569685
-0,012008	-1,010197	0,509365
-0,124501	-0,815817	0,445791
-0,191517	-0,583716	0,471527
-0,160873	-0,443994	0,415520
-0,036783	-0,462431	0,347735
0,077809	-0,431222	0,377764
0,016289	-0,268381	0,401786
-0,117183	-0,145768	0,436324
-0,185662	0,028918	0,548210
-0,179168	0,245264	0,522824
-0,097377	0,203871	0,487196
-0,008964	0,224374	0,435714
0,015807	0,248436	0,371551
-0,086930	0,374921	0,258942
-0,184438	0,368874	0,375666
0,138971	8,012648	-1,601203
-0,198324	-1,146579	0,804605
-0,204617	-0,764069	0,551768
0,145807	6,945442	-1,644153
0,080629	5,558049	-1,376586
-0,193662	-3,134933	0,900029
0,095576	5,211299	-1,334892
-0,181704	-3,412332	0,933384
0,000147	5,273551	-1,233178
-0,168372	-3,401593	0,870789
-0,188315	-2,545103	0,635354
0,017838	5,584352	-1,349048
-0,069963	-3,497637	0,961924
-0,019108	4,873691	-0,870935
0,323174	-4,040935	1,005003
0,295402	4,439053	-0,836472
0,376337	3,364860	-0,414614
0,422917	-5,046299	0,954645
0,414930	-4,320446	0,388393
0,038948	4,347963	-0,434814
0,015839	3,478371	-0,838069
0,305668	-5,021623	0,075073
0,213896	-4,032618	-0,545054
-0,295540	4,604868	-0,521617
-0,044941	3,323890	-0,976448
0,430704	-5,171849	-0,695585
-0,005857	3,588435	-0,270898
0,629142	-4,924103	-0,839313
-0,069237	4,001101	-0,309284
0,578438	-4,593970	-0,870021
-0,389682	4,099418	0,219936
0,510048	-4,403143	-1,184264
0,645487	-3,767623	-1,621460
-0,305403	4,668579	0,063044
-0,149703	3,168833	0,339841
0,982734	-4,895626	-1,990517
1,046615	-3,633094	-1,975396
-0,265204	4,524217	0,682073
-0,177854	3,950255	0,979614
1,155693	-4,042215	-2,042868
0,794341	-2,965685	-2,239407
-0,662504	4,829871	1,035034
1,334788	-4,709599	-3,032585
-0,443747	3,080280	1,090983
0,827215	-5,096083	-3,257036
-0,849806	2,771093	0,911422
0,647901	-3,934057	-2,627061
-1,224062	3,340597	1,950644
1,054200	-3,302168	-2,821143
-0,899022	3,846108	1,795379
-0,425658	1,840380	0,936800
1,491279	-4,751807	-3,661231
1,254300	-4,184428	-3,350266
-0,828365	2,876568	1,730458
1,084857	-3,509235	-3,003325
-1,003012	3,260107	2,205412
1,060828	-3,283237	-3,004594
-1,022235	3,440905	2,204396
-0,728890	2,792471	1,645868
1,252505	-3,857945	-3,273304
1,155197	-3,408062	-2,718219
-0,911460	3,365472	2,415423
-0,759303	2,904697	1,742619
1,097458	-4,171974	-2,661499
0,632857	-2,962256	-1,608343
-1,198614	4,125927	2,768919
0,546858	-2,689454	-1,380880
-1,267414	4,344170	2,950890
0,667990	-2,790606	-1,082110
-0,960169	4,743589	2,397706
-0,860051	3,833169	2,308807
0,806520	-3,909539	-1,416348
-0,741714	3,788981	1,905854
0,678664	-4,276069	-1,031692
-0,698466	3,557033	2,343793
0,713263	-4,461627	-0,681340
0,647207	-3,270575	0,128977
-0,458169	5,058128	1,405978
0,532803	-3,206805	0,633909
-0,549693	5,109145	1,809924
0,283412	-3,143013	0,727276
-0,749205	5,160178	1,884617
-0,550396	4,443521	1,117868
0,295159	-4,243659	0,456222
-0,062599	-3,762589	0,426255
-0,542007	4,813325	0,022353
-1,153612	4,042151	0,063840
-0,430963	-4,589675	0,369723
-0,800173	4,556254	-0,193264
-0,391546	-4,131072	0,855287
-0,431615	4,731646	0,302422
-0,096700	-3,990759	1,251837
-0,146038	4,383099	-0,019726
-0,071131	-4,184122	1,533930
-0,026266	-4,067304	1,556509
-0,066712	4,436757	-0,304504
0,254943	3,095310	-0,506042
0,071555	-5,074303	1,721362
-0,218503	-3,714758	1,867307
-0,042403	4,578744	-0,632350
-0,518351	4,399760	-0,707778
-0,736701	-3,794732	2,252089
-0,987663	-2,269821	2,291888
-0,468109	5,498683	-0,984800
-0,380253	4,332168	-0,736044
-0,743012	-3,682451	2,614280
-0,494834	-3,045536	2,351851
0,135111	4,586285	-1,575194
-0,208419	-3,430282	2,273117
0,364243	4,278488	-1,638182
0,462004	3,424456	-1,531864
-0,232410	-4,208218	2,368246
0,316510	3,512271	-1,867653
-0,348805	-4,137966	2,099615
-0,332662	-3,371650	1,603096
0,371095	4,226669	-2,350894
0,373473	3,350696	-1,873056
-0,338446	-4,243432	2,134927
-0,171182	-3,479001	1,830496
0,500631	4,145959	-2,159038
0,507740	3,232512	-1,604677
-0,231385	-4,343151	2,339694
0,366338	3,452316	-1,657078
-0,311993	-4,203282	2,233809
-0,356829	-3,423903	1,787047
0,319600	4,226013	-2,129834
-0,418320	-3,722199	1,733050
0,209266	4,065492	-2,026155
-0,391829	-3,905752	1,546563
0,230460	3,918649	-2,175346
0,314544	2,853431	-1,617571
-0,223313	-4,862000	1,911577
-0,040777	-4,073432	1,307132
0,442326	3,885999	-2,159928
0,323007	3,028492	-1,614868
-0,147390	-4,817816	1,701089
0,258322	3,402418	-1,372558
-0,092980	-4,611332	1,673681
0,117108	-3,895877	1,446180
0,393323	4,216565	-1,614784
0,145235	-3,868099	1,487560
0,415826	4,238788	-1,581679
0,113380	3,606806	-1,168772
-0,135186	-4,502745	1,694181
-0,086842	3,977165	-1,246559
-0,213335	-4,282735	1,413165
-0,117050	-3,418528	0,831806
0,050221	4,729645	-1,744968
-0,004109	-3,964158	0,577838
0,066585	4,385328	-1,645130
0,191142	3,094642	-1,499936
0,083041	-5,080941	0,907452
0,208507	3,411185	-1,224025
0,170265	-4,907843	0,817574
0,274085	-4,102446	0,508526
0,215809	4,354834	-1,389973
0,114829	-4,306116	0,569921
0,031360	4,244910	-1,097234
-0,075261	-4,362812	0,522190
-0,120712	4,199553	-1,135418
-0,148714	3,437646	-0,740057
-0,013983	-4,979392	0,746889
0,119027	-4,129046	0,482617
-0,009766	4,426271	-0,952841
0,311645	-4,326365	0,415809
0,100401	4,294561	-0,840686
0,336471	-4,090216	0,508444
0,120262	4,483481	-0,766578
-0,081368	4,024613	-0,523739
0,115865	-4,552511	0,634180
-0,106459	-3,450517	0,346491
-0,266127	5,011788	-0,775978
-0,332405	3,940979	-0,637322
-0,061207	-4,635223	0,414320
0,077419	-3,976266	0,086347
-0,169711	4,615009	-0,777942
0,295028	-4,402741	0,040835
0,004376	4,273829	-0,814352
0,288765	-4,384618	0,333412
-0,000635	4,288327	-0,580291
-0,177027	3,438326	-0,324072
0,098032	-5,045366	0,585476
-0,332552	3,648830	-0,370713
-0,054215	-4,873294	0,588481
-0,096989	-3,860337	0,555041
-0,289419	4,704089	-0,441018
0,022420	-3,745680	0,631812
-0,193891	4,795815	-0,379602
-0,048429	4,064348	-0,249496
0,154486	-4,538787	0,707866
0,177207	-3,477837	0,527994
-0,040102	5,007895	-0,488277
-0,001443	4,098232	-0,344664
0,180713	-4,511579	0,634941
0,136911	-3,593945	0,492634
-0,067000	4,913831	-0,527624
0,115269	-3,995795	0,430695
-0,084313	4,592350	-0,577175
0,055460	-4,168724	0,482970
-0,132160	4,454008	-0,535355
0,063140	-4,317696	0,516426
-0,128419	4,333008	-0,523409
-0,083452	3,425850	-0,404480
0,123525	-5,044227	0,629357
-0,037849	3,803143	-0,457115
0,160008	-4,742393	0,587249
-0,100017	4,063506	-0,292708
0,109711	-4,537678	0,689193
-0,186212	4,043447	-0,433282
0,040755	-4,553726	0,576734
-0,171501	3,886649	-0,526921
0,043926	-4,680739	0,490175
-0,115347	4,022489	-0,534891
0,088848	-4,572068	0,483799
-0,016055	4,221818	-0,538546
0,166206	-4,410102	0,502408
0,186582	-3,413187	0,447884
-0,029784	5,057008	-0,574938
0,185861	-3,650035	0,480955
-0,030326	4,863867	-0,578542
0,139435	-3,846844	0,485153
-0,067467	4,706420	-0,575184
0,040785	-3,972802	0,541457
-0,141063	4,606500	-0,524282
-0,054054	-4,222096	0,384829
-0,206885	4,408093	-0,642960
-0,180827	3,480517	-0,552666
0,018980	-5,001356	0,508690
-0,117039	3,850562	-0,545743
0,069230	-4,702260	0,539080
0,116661	-3,769467	0,538499
-0,069532	4,767136	-0,544875
0,039729	3,710489	-0,402586
0,198865	-4,810675	0,681569
-0,084586	4,267550	-0,672853
0,099413	-4,365025	0,465355
-0,149768	4,256628	-0,263064
0,040547	-4,373984	0,792560
-0,028840	-3,637061	0,496174
-0,183433	4,869638	-0,606071
0,036594	-3,998471	0,472196
-0,123877	4,582276	-0,612605
0,084689	-4,069274	0,507937
-0,085401	4,525633	-0,584012
0,047732	3,641231	-0,376529
0,197839	-4,865813	0,705693
0,173591	-3,808394	0,365404
-0,030933	4,729301	-0,734223
-0,109002	3,844718	-0,725252
0,082604	-4,700243	0,446344
0,042686	3,858633	-0,222662
0,187760	-4,692773	0,822888
-0,133617	3,895247	-0,610795
0,046717	-4,663482	0,512382
-0,062202	-3,983553	0,295011
-0,203372	4,592837	-0,765009
-0,170720	3,833211	-0,589519
0,009738	-4,711200	0,545212
0,138004	-3,332360	0,589363
-0,035910	5,111881	-0,545337
0,084574	4,003060	-0,285207
0,207906	-4,573133	0,806111
0,189304	-3,696805	0,499356
0,011196	4,818138	-0,634792
0,024290	3,401357	-0,566669
0,129026	-5,053262	0,593819
-0,034653	-4,065588	0,605269
-0,098851	4,519735	-0,582001
-0,301211	3,899195	-0,542198
-0,169840	-4,652850	0,632459
-0,089914	-3,752919	0,482988
-0,126929	4,765548	-0,711793
0,033881	-3,809911	0,505770
-0,027893	4,719954	-0,693567
0,058481	4,063234	-0,635362
0,093754	-4,513501	0,616784
0,005055	4,252863	-0,455475
0,051013	-4,361797	0,760694
-0,051105	-3,550715	0,631534
-0,068437	4,926439	-0,600136
-0,093048	3,650085	-0,671600
-0,046886	-4,846943	0,568083
-0,100737	3,744835	-0,736596
-0,063319	-4,772056	0,509870
-0,081294	-3,741048	0,407896
-0,082305	4,775085	-0,772830
-0,013831	3,848865	-0,600538
0,007810	-4,686989	0,631629
0,098164	-3,833848	0,574240
0,059656	4,699003	-0,652667
0,127877	-3,876665	0,750778
0,084077	4,663596	-0,519482
0,035698	-4,057030	0,834733
0,010334	4,519304	-0,452318
-0,036105	3,503865	-0,430663
-0,023734	-4,965152	0,752467
-0,049626	-4,018080	0,548356
-0,033787	4,554255	-0,654945
-0,034690	3,712341	-0,592893
-0,033665	-4,798846	0,619315
0,019026	-3,701203	0,480133
0,021951	4,805036	-0,728672
0,033809	-3,745798	0,422606
0,033778	4,769360	-0,774694
0,027952	-4,080725	0,615578
0,029091	4,501419	-0,620316
-0,014081	3,548183	-0,499269
-0,018939	-4,928117	0,708719
-0,061109	-4,072708	0,589954
-0,040779	4,508454	-0,636460
-0,109220	3,583785	-0,547466
-0,095484	-4,899593	0,670451
-0,068728	-3,843078	0,582318
-0,055525	4,690153	-0,656565
0,055155	3,767442	-0,479294
0,044667	-4,750662	0,738984
0,097011	-3,448186	0,483952
0,060417	5,005071	-0,741986
0,140250	3,858523	-0,547631
0,129391	-4,676801	0,691043
0,076587	3,887880	-0,474915
0,072876	-4,656891	0,724414
-0,025955	-3,993600	0,418679
-0,032371	4,572315	-0,769403
-0,075567	-4,270196	0,496483
-0,070382	4,349813	-0,715775
-0,077016	-4,025692	0,632257
-0,071541	4,545416	-0,607156
0,007188	3,771713	-0,433995
0,020195	-4,746105	0,782973
0,054454	-3,697309	0,557441
0,029119	4,805629	-0,684216
0,041569	-3,888334	0,467902
0,012897	4,652633	-0,756963
-0,011452	-4,041194	0,678907
-0,029520	4,530345	-0,588159
-0,047683	3,496672	-0,506078
-0,016700	-4,968572	0,708355
0,032598	-4,151030	0,551365
0,002208	4,444944	-0,673061
-0,051851	3,517656	-0,546108
-0,017611	-4,951643	0,677266
0,016550	-3,938335	0,557132
-0,017480	4,612944	-0,683198
0,024314	3,782271	-0,515920
0,050172	-4,737795	0,716168
0,024818	-3,591085	0,404422
-0,021769	4,890129	-0,809248
0,005563	3,797208	-0,777612
0,046075	-4,725230	0,510696
-0,002692	3,899687	-0,479202
0,033568	-4,644378	0,741846
-0,022933	-3,654224	0,585817
-0,054069	4,840748	-0,656554
0,007786	-4,121319	0,538687
-0,031918	4,467793	-0,689204
0,047081	-4,114017	0,584110
-0,000482	4,473634	-0,652866
0,023572	3,781299	-0,521462
0,067515	-4,735390	0,732792
0,092311	-3,742354	0,593893
0,025191	4,766546	-0,674847
