0,571132	3,851161	-0,084063
0,479884	3,111567	-0,220443
-0,739615	-4,964803	0,320841
0,525847	3,775214	-0,275574
0,420678	3,020171	-0,212800
-0,780997	-5,330920	0,362007
0,500401	3,467002	-0,234981
-0,717218	-4,973455	0,344262
0,556923	3,707192	-0,243468
-0,669840	-4,781479	0,339422
0,602485	3,860772	-0,232020
-0,633390	-4,658616	0,348580
0,591534	3,959460	-0,253353
-0,640338	-4,580061	0,329535
-0,535249	-3,679368	0,263628
0,685366	4,804135	-0,321315
-0,603571	-3,942620	0,221548
0,632485	4,593493	-0,351855
-0,601694	-4,011517	0,278248
0,633987	4,538375	-0,306495
0,529462	3,638480	-0,237247
-0,691066	-4,836926	0,339006
-0,529874	-3,831242	0,301844
0,690737	4,682715	-0,287329
0,541257	3,885116	-0,206543
-0,677958	-4,640686	0,355569
-0,588324	-3,597655	0,299774
0,630140	4,873165	-0,264934
0,488792	3,929171	-0,165989
-0,709765	-4,607952	0,371962
-0,575472	-3,579127	0,404805
0,606318	4,894686	-0,150349
-0,535683	-3,757983	0,445829
0,638149	4,751602	-0,117529
-0,502559	-3,949047	0,403148
0,664648	4,598751	-0,151674
-0,496678	-3,810900	0,360513
0,645021	4,715431	-0,136424
0,475802	3,785452	-0,064133
-0,613848	-4,748897	0,221287
0,511071	3,824948	-0,363652
-0,585633	-4,717300	-0,018328
0,467585	3,931086	-0,320199
-0,562023	-4,644313	-0,218710
-0,365362	-3,784388	-0,358800
0,643801	4,761672	-0,324489
-0,344454	-4,125379	-0,337037
0,587418	4,492869	-0,003587
-0,377727	-4,191216	-0,337849
0,560799	4,440199	-0,004236
0,354918	3,679251	0,224355
-0,492985	-4,838989	-0,436857
-0,356090	-3,664382	-0,556296
0,322879	4,773044	0,903902
-0,334128	-3,686963	-0,901565
0,340448	4,754978	0,627687
-0,220497	-3,823969	-1,084238
0,431352	4,645373	0,481548
-0,140114	-3,942292	-1,430939
0,379352	4,455091	0,702356
0,380078	3,747905	0,064008
-0,187381	-4,610601	-1,795901
0,257840	4,080884	0,797689
-0,140195	-4,152314	-1,894985
-0,035560	-3,452065	-2,144079
0,318020	4,655370	0,817873
0,299106	2,957104	0,791847
0,016639	-4,827982	-2,489127
0,273739	-4,436860	-2,106196
0,441637	3,644178	1,437647
0,298886	2,334715	1,466252
0,216420	-5,013354	-2,595102
0,142498	-3,344294	-2,888004
-0,073021	3,936466	1,908226
0,209671	3,746625	1,074662
0,354756	-3,614601	-3,358900
0,475296	-2,968277	-2,710099
-0,038590	3,965849	2,433237
0,061044	2,942890	2,000207
0,467662	-3,986158	-3,001150
-0,206455	3,015068	2,309637
0,453719	-3,730663	-2,993062
0,186803	-3,114745	-2,892327
-0,469440	3,650923	2,526910
-0,078731	2,132442	1,788043
0,756954	-4,291879	-3,559834
0,804714	-3,923721	-3,177232
-0,176168	2,858856	2,448483
-0,217528	2,451909	1,903653
0,760808	-3,956021	-3,542427
0,478433	-3,486522	-3,308840
-0,591986	3,092160	2,452765
-0,711038	2,236279	1,862636
0,405902	-4,092354	-3,609728
0,202167	-3,373458	-2,749908
-0,762161	3,269163	2,807993
-0,525473	2,822140	2,499164
0,503517	-3,710217	-3,008589
0,533027	-2,646468	-1,916654
-0,401673	3,996945	3,312383
0,568034	-2,456985	-1,552390
-0,373668	4,148532	3,603795
-0,185017	3,450162	2,997332
0,527866	-3,508305	-2,271070
-0,284225	3,630303	2,760164
0,448499	-3,364192	-2,460804
0,136669	-2,499863	-2,221412
-0,373963	4,488240	2,606896
-0,551939	3,720806	2,261689
0,041747	-3,511485	-2,574674
-0,509241	4,435783	2,301470
-0,063905	-3,144850	-2,236626
-0,043464	-2,554178	-1,352701
-0,378259	4,650134	2,995641
-0,226588	3,881489	2,322675
0,009602	-3,803285	-1,854758
0,084278	-3,333694	-1,047206
-0,123450	4,241520	2,875133
0,021664	3,389482	2,192100
0,041822	-4,392306	-1,575464
-0,203992	-3,751295	-1,122497
-0,033088	4,255161	2,081897
-0,317537	3,603280	1,895307
-0,384135	-4,373573	-1,463649
-0,223052	-3,766946	-0,719000
0,147297	4,394107	1,987895
-0,131304	-4,305999	-0,582137
0,220695	3,962864	2,097386
-0,294716	-4,015243	-0,624758
0,089966	4,195470	2,063288
-0,353341	-4,020649	-0,590759
0,217175	4,265592	1,833309
-0,486961	-4,023680	-0,885227
0,110280	4,263167	1,597735
0,120975	3,662236	0,932170
-0,543055	-4,604873	-1,344377
-0,457423	-3,791134	-1,090821
0,433613	4,587361	0,812962
-0,445001	-4,111232	-1,035249
0,443550	4,331283	0,857420
-0,528967	-4,178221	-0,808192
0,376377	4,277692	1,039065
0,340508	3,499191	0,819541
-0,658466	-4,874974	-0,681250
0,120692	3,950519	1,052311
-0,834319	-4,513911	-0,495034
0,111111	4,087069	0,685201
-0,980744	-4,436203	-0,464131
-0,738637	-3,824710	-0,195133
0,478722	4,646089	0,856186
0,646731	3,530164	0,761094
-0,624509	-4,894170	-0,211474
-0,346414	-3,930655	0,052950
0,864763	4,573777	0,862710
0,708115	3,881569	0,544520
-0,714261	-4,621123	-0,024615
-0,946732	-3,329235	-0,012033
0,523368	5,062991	0,450605
0,237105	4,092649	0,169818
-1,169908	-4,448558	-0,110732
-0,790393	-3,849913	0,171843
0,785593	4,636003	0,083379
0,980818	3,685824	0,526282
-0,633253	-4,767275	0,475121
-0,529581	-3,361900	0,663504
1,042405	5,014604	0,315952
0,473920	4,279770	0,375316
-1,086933	-4,280308	0,515104
0,439209	4,190697	0,154174
-1,164199	-4,338982	0,427206
-0,839444	-3,731614	0,357084
0,844011	4,706249	-0,018200
-0,633547	-4,118032	0,312286
1,027017	4,391543	-0,099762
-0,543729	-4,249331	0,223823
1,098872	4,286505	-0,170532
0,914996	3,475437	-0,255709
-0,799458	-4,905895	0,149412
-0,777440	-4,024292	-0,033663
0,909503	4,466811	-0,380910
0,539757	3,392489	-0,790393
-1,087976	-4,975125	-0,290547
-0,893360	-3,765630	-0,423929
0,755098	4,686072	-0,686580
1,025359	3,603324	-0,235218
-0,649498	-4,815917	0,159262
-0,481301	-3,906351	0,226985
0,986877	4,590170	-0,194993
0,942695	3,672136	-0,056419
-0,617762	-4,777542	0,331446
-0,409953	-3,699480	0,127283
0,983516	4,764839	-0,301127
0,756174	3,896127	-0,332817
-0,706539	-4,607521	0,136699
0,800381	4,115337	-0,293173
-0,625732	-4,440147	0,160334
0,819068	4,264556	-0,297244
-0,610782	-4,320772	0,157078
0,664782	4,258094	-0,263084
-0,721157	-4,331215	0,117002
-0,837354	-3,610506	0,170198
0,583100	4,849286	-0,191311
-0,901398	-3,988476	0,143782
0,525293	4,550012	-0,159986
-0,803198	-4,307594	0,016809
0,603853	4,294718	-0,261565
0,496063	3,267159	-0,301968
-0,854882	-5,126962	0,011259
-0,814120	-4,093910	0,108582
0,631457	4,461975	-0,115226
0,221758	3,883625	-0,122819
-1,105346	-4,630203	0,103837
-1,803434	-3,512671	0,060090
-0,215465	4,937096	-0,104342
0,417421	2,754772	0,659512
-0,893345	-5,543416	0,680024
0,418952	-4,633883	0,865725
1,562443	4,040126	0,540165
1,266393	3,568142	0,846864
-0,169329	-4,899396	0,844114
0,398437	4,045048	0,135219
-0,881540	-4,514057	0,318883
-1,057576	-2,983154	0,009997
0,354229	5,363572	-0,202710
0,494760	4,305058	-0,483129
-0,809048	-4,304930	-0,161220
0,795066	4,052265	-0,783200
-0,568802	-4,507165	-0,401277
0,841756	4,168849	-0,697921
-0,516158	-4,416523	-0,342290
-0,412926	-3,556197	-0,342769
0,859222	4,906644	-0,490262
-0,640059	-3,910543	-0,291057
0,664041	4,625657	-0,432781
-0,529961	-4,283355	-0,100332
0,752120	4,327407	-0,280201
0,831971	3,241292	-0,084693
-0,503338	-5,162553	0,115268
-0,364372	-4,114724	0,061576
0,865568	4,465734	-0,127450
0,638837	3,664503	-0,193876
-0,645996	-4,825910	0,021610
-0,593393	-3,738174	0,055586
0,668086	4,767759	-0,183271
-0,554714	-3,683662	0,241976
0,699029	4,811368	-0,034159
0,613683	4,146702	0,201390
-0,652696	-4,439817	0,420562
0,606166	4,174686	0,176575
-0,658709	-4,417429	0,400710
0,518541	4,069114	0,104624
-0,737911	-4,500960	0,330282
-0,628627	-3,792259	0,172310
0,649842	4,722444	-0,108735
-0,609891	-3,939998	0,098318
0,665110	4,604241	-0,167013
-0,506040	-3,758801	0,096737
0,748190	4,749198	-0,168277
0,593844	3,799810	0,003261
-0,673239	-4,716843	0,255927
-0,959872	-3,796453	0,281338
0,380416	4,719528	-0,028248
-1,096749	-4,187879	0,261358
0,281107	4,403986	-0,070048
-0,811066	-4,062588	0,276714
0,509653	4,504219	-0,057764
-0,467377	-4,189212	0,033773
0,779123	4,403866	-0,248515
-0,361214	-4,339378	-0,168388
0,851050	4,286339	-0,390309
-0,420883	-4,252173	-0,110266
0,803315	4,356102	-0,343811
-0,474390	-4,341896	-0,034770
0,760509	4,284324	-0,283415
-0,493316	-4,437617	0,128443
0,743708	4,208273	-0,144115
-0,543394	-4,483664	0,361367
0,703646	4,171436	0,042224
-0,598423	-4,398239	0,426182
0,654539	4,240122	0,081862
-0,586668	-4,251721	0,332233
0,658369	4,357709	-0,006090
0,526695	3,409570	-0,165724
-0,706347	-5,031430	0,139296
-0,595716	-4,063442	-0,080054
0,654689	4,508132	-0,326689
0,539071	3,591187	-0,291990
-0,700006	-4,885936	0,029054
-0,621282	-3,870451	0,007924
0,646599	4,661045	-0,246354
0,448342	3,836071	-0,082189
-0,784950	-4,688549	0,186942
0,521846	4,173874	-0,058302
-0,732330	-4,417101	0,214832
-0,570544	-3,418787	0,194844
0,693371	5,021171	-0,105598
-0,533833	-3,785221	0,215293
0,721468	4,727907	-0,098125
-0,533061	-4,119292	0,168881
0,722085	4,460650	-0,135255
