0,305283	1,534668	9,686234
0,292114	1,504745	9,908890
0,245438	1,413757	9,961563
0,196350	1,383835	10,125565
0,210724	1,417358	10,247681
0,207123	1,404190	10,318298
0,265778	1,370667	10,343445
0,378311	1,317993	10,313522
0,494431	1,383835	10,313522
0,567459	1,485580	10,314713
0,572235	1,540649	10,184235
0,543518	1,569382	9,902908
0,568649	1,555023	9,725739
0,524353	1,601700	9,573715
0,518372	1,602905	9,439636
0,550690	1,607697	9,413300
0,589005	1,523895	9,464767
0,652451	1,486786	9,639542
0,707520	1,527481	9,759262
0,694351	1,532272	9,717361
0,693146	1,550232	9,568924
0,568649	1,644806	9,313934
0,536331	1,625641	9,167892
0,521957	1,629242	9,105637
0,453735	1,668747	9,088882
0,518372	1,678314	9,155914
0,641678	1,586136	9,267242
0,700333	1,566986	9,336685
0,678787	1,551422	9,367813
0,650055	1,566986	9,402527
0,663223	1,588531	9,449203
0,656036	1,610092	9,425262
0,629700	1,600510	9,348648
0,605759	1,618469	9,282806
0,567459	1,581360	9,317535
0,548294	1,590927	9,418091
0,518372	1,669937	9,412094
0,554291	1,684311	9,449203
0,645264	1,659164	9,525818
0,689560	1,630432	9,500687
0,608154	1,733383	9,347458
0,563858	1,720215	9,252884
0,543518	1,665146	9,279221
0,517181	1,727402	9,305557
0,538727	1,711838	9,382172
0,629700	1,689087	9,595261
0,617737	1,673538	9,748489
0,569855	1,697479	9,707779
0,507599	1,689087	9,691025
0,402252	1,701065	9,697006
0,304092	1,716629	9,634766
0,300507	1,695084	9,643143
0,397461	1,659164	9,773621
0,476471	1,642410	9,849045
0,511185	1,686707	9,813126
0,563858	1,729797	9,821503
0,604568	1,752533	9,876572
0,563858	1,795639	9,872986
0,596176	1,794434	9,799957
0,574631	1,776489	9,718552
0,541122	1,746552	9,617996
0,545898	1,793243	9,638351
0,574631	1,782471	9,698212
0,693146	1,760925	9,671875
0,780533	1,787262	9,676651
0,883484	1,746552	9,779602
0,858353	1,774094	9,708984
0,741028	1,821976	9,464767
0,750610	1,833939	9,432449
0,859543	1,777679	9,528214
0,949326	1,721420	9,571320
0,914612	1,753738	9,547379
0,873917	1,824371	9,566528
0,842789	1,856689	9,598846
0,888275	1,841125	9,652710
0,859543	1,804016	9,669479
0,779343	1,820770	9,734116
0,836807	1,818375	9,713776
0,843979	1,827957	9,665878
0,824829	1,850708	9,579697
0,871521	1,832748	9,560547
0,979263	1,823166	9,570114
0,997208	1,830353	9,552155
0,934967	1,855484	9,459976
0,937363	1,874649	9,378586
0,956512	1,856689	9,480331
0,958908	1,885422	9,444427
0,975662	1,911758	9,471954
1,082199	1,916550	9,482727
1,144455	1,906967	9,377380
1,211487	1,837540	9,339081
1,224655	1,866272	9,446808
1,210297	1,930908	9,572510
1,243820	1,962036	9,452805
1,322830	1,922531	9,216965
1,357544	1,938095	9,165497
1,395844	1,939285	9,206192
1,411407	1,921326	9,276825
1,314438	1,976395	9,340271
1,247406	2,002731	9,376190
1,207901	1,940491	9,309143
1,205505	1,903381	9,349854
1,359940	1,757324	9,708984
1,523941	1,710648	10,021423
1,523941	1,806412	10,060928
1,509567	1,814789	9,955582
1,513168	1,771698	9,719757
1,550278	1,754929	9,661102
1,526337	1,790848	9,801163
1,442535	1,861481	9,870590
1,296494	1,862671	9,740097
1,278534	1,817184	9,671875
1,260574	1,769302	9,670670
1,302475	1,751343	9,755661
1,359940	1,758530	9,868195
1,379089	1,774094	9,887344
1,464081	1,723816	9,820312
1,564636	1,685501	9,822708
1,605347	1,679520	9,943619
1,547882	1,721420	10,009445
1,436554	1,752533	9,874176
1,330002	1,766907	9,851440
1,335999	1,725006	10,033401
1,271347	1,704651	10,139938
1,231842	1,730988	10,185425
1,231842	1,716629	10,269226
1,297684	1,628036	10,325485
1,383881	1,660370	10,483505
1,437744	1,754929	10,651093
1,674774	1,748947	10,640320
1,851944	1,728592	10,512238
1,959686	1,796829	10,252457
2,050659	1,796829	10,046570
2,065033	1,825562	10,036987
1,987213	1,935699	9,912491
1,898636	1,991959	9,676651
1,806458	2,000336	9,498291
1,748993	2,009918	9,521042
1,808853	1,916550	9,831085
1,837570	1,934494	10,104019
1,768143	2,097305	10,250076
1,680756	2,088928	10,382950
1,723846	2,047028	10,497864
1,756180	2,078156	10,611588
1,805252	2,050613	10,684616
1,824402	2,069778	10,754044
1,863907	2,146393	10,726517
1,962082	2,130829	10,848618
2,085373	2,103287	10,903687
2,124878	2,225388	10,751648
2,166779	2,258911	10,387741
2,214661	2,237366	9,984314
2,240997	2,378616	9,683838
2,354721	2,454041	9,549759
2,517532	2,475586	9,505478
2,624069	2,530655	9,570114
2,749771	2,487564	9,674271
2,722229	2,477982	9,768829
2,628860	2,524673	9,888550
2,602524	2,530655	9,987900
2,481613	2,546219	10,035782
2,309235	2,595306	9,975937
2,188324	2,577347	9,882553
2,060242	2,592911	9,837067
1,902222	2,669525	9,877777
1,912994	2,681488	9,831085
2,007568	2,706635	9,832275
2,105728	2,750916	9,859818
2,129669	2,840698	10,022614
2,087769	2,855072	10,159088
2,073410	2,821548	10,177048
2,076996	2,829926	10,169861
2,177551	2,911331	10,192612
2,273315	2,934082	10,137543
2,321213	3,027451	9,906494
2,455276	2,930481	9,701797
2,721039	2,893372	9,652710
2,871872	3,005905	9,546173
2,846741	3,147156	9,325912
2,813217	3,125610	9,125992
2,760544	3,072937	8,922485
2,661179	3,161530	8,807556
2,500778	3,330322	8,869812
2,444504	3,312363	8,947617
2,421768	3,264481	8,947617
2,426544	3,295609	8,886566
2,394226	3,327927	8,849457
2,454086	3,368622	9,007477
2,530701	3,400955	9,001495
2,632446	3,448837	8,821930
2,722229	3,490738	8,643555
2,798843	3,460800	8,729752
2,877853	3,488342	8,853058
2,908981	3,501511	8,899734
2,831177	3,506287	8,916504
2,738998	3,566147	8,941635
2,729416	3,529037	9,160706
2,807236	3,513474	9,465973
2,782089	3,530228	9,644333
2,685120	3,545792	9,640747
2,558228	3,581711	9,633560
2,457672	3,640366	9,755661
2,333176	3,707413	9,811935
2,309235	3,699020	9,817917
2,314026	3,736130	9,898117
2,371490	3,799576	9,886154
2,428940	3,861832	9,887344
2,476822	3,900146	9,826294
2,455276	3,962387	9,702988
2,397827	4,023438	9,479141
2,346344	4,058151	9,339081
2,322403	4,101257	9,349854
2,184738	4,147934	9,354645
2,108124	4,173080	9,348648
1,987213	4,207794	9,355835
2,042282	4,267654	9,325912
2,200302	4,401718	9,256470
2,325989	4,429260	9,236130
2,432541	4,402924	9,128387
2,554642	4,459183	9,076904
2,707870	4,559738	9,013458
2,740189	4,565720	8,914108
2,645615	4,647125	8,595673
2,527100	4,748886	8,264084
2,455276	4,803955	8,034241
2,347549	4,886551	7,924103
2,340363	4,856628	7,960022
2,322403	4,917679	8,065353
2,299652	5,024216	8,138382
2,317612	5,058929	8,246124
2,424164	5,024216	8,374207
2,485214	5,074493	8,384979
2,500778	5,160690	8,493927
2,612106	5,176254	8,639969
2,604919	5,224136	8,690247
2,500778	5,239700	8,660324
2,309235	5,251663	8,675888
2,111710	5,304337	8,777634
1,977631	5,371368	8,935654
1,908203	5,365387	9,067337
1,838776	5,409683	8,915298
1,819626	5,474319	8,760880
2,014755	5,489883	8,766861
2,187134	5,622772	8,627991
2,207474	5,734100	8,280838
2,243393	5,793945	7,976776
2,187134	5,823883	7,681091
2,140442	5,866974	7,520676
2,130859	5,955566	7,488358
1,971649	6,045349	7,471603
1,805252	6,046539	7,435684
1,652023	6,075272	7,495544
1,608932	6,113571	7,694260
1,698715	6,136322	7,971985
1,790894	6,117172	8,201828
1,916580	6,086044	8,303589
1,916580	6,178223	8,252106
1,889053	6,181808	8,283234
1,725052	6,183014	8,288025
1,539505	6,220123	8,169510
1,409012	6,299133	8,072540
1,393448	6,387711	8,007904
1,357544	6,414047	7,812775
1,325211	6,507431	7,512299
1,339584	6,497849	7,327942
1,393448	6,411652	7,197464
1,406616	6,558899	7,062195
1,353943	6,700165	6,835938
1,321625	6,686996	6,639618
1,318039	6,633118	6,415756
1,284515	6,752823	6,327164
1,237823	6,933594	6,478012
1,169601	6,950348	6,469620
1,075027	6,986267	6,499557
1,096573	6,949158	6,712631
1,134872	6,921616	6,934097
1,152832	6,957535	7,015503
1,083405	6,983871	7,062195
1,078613	7,006622	7,168732
1,007980	7,078445	7,148376
0,907425	7,105972	6,917343
0,871521	7,121536	6,590530
0,798492	7,195755	6,288864
0,761383	7,266388	6,092545
0,708710	7,302307	5,892624
0,626114	7,372925	5,574188
0,538727	7,394470	5,343155
0,611740	7,368134	5,308441
0,662018	7,427994	5,328781
0,536331	7,462708	5,158798
0,374725	7,418411	4,974442
0,250229	7,471085	5,164780
0,237061	7,507004	5,598129
0,282547	7,453140	5,768127
0,195160	7,435181	5,571793
0,032349	7,522568	5,393433
0,034744	7,565659	5,200699
0,077835	7,545319	4,938538
0,044327	7,624313	4,592575
0,026367	7,657837	4,481247
-0,035889	7,716492	4,548279
-0,128067	7,740433	4,616516
-0,157990	7,730865	4,541092
-0,265732	7,770370	4,293289
-0,353119	7,758392	4,155624
-0,447693	7,802689	4,125702
-0,505142	7,915222	4,080215
-0,517120	7,924789	3,983246
-0,433319	7,953522	3,953323
-0,355515	8,000214	3,809662
-0,386642	7,976273	3,497223
-0,471634	7,994217	3,431381
-0,529099	8,031342	3,620529
-0,541061	8,070831	3,746216
-0,688309	8,116333	3,685165
-0,848724	8,052887	3,719879
-0,930115	8,060059	3,873108
-1,030670	8,081619	4,074219
-1,106094	8,089996	4,199921
-1,101303	8,099564	4,113724
-1,054611	8,139069	3,953323
-0,934906	8,107956	3,844376
-0,835556	8,154633	3,688766
-0,870270	8,252792	3,451736
-0,980392	8,329407	3,287735
-1,094116	8,340179	3,179993
-1,157562	8,276733	3,223083
-1,310791	8,318634	3,355972
-1,528671	8,366516	3,369141
-1,613663	8,328217	3,321243
-1,614868	8,300674	3,302094
-1,577759	8,342575	3,391876
-1,582535	8,347366	3,486450
-1,583740	8,352158	3,451736
-1,667542	8,355743	3,357162
-1,677109	8,342575	3,395477
-1,741760	8,354553	3,415817
-1,759705	8,371307	3,395477
-1,757324	8,325821	3,314072
-1,780060	8,270752	3,100983
-1,851883	8,312653	2,856781
-1,933289	8,334198	2,719101
-2,017090	8,348572	2,607773
-2,126022	8,439545	2,502426
-2,218201	8,420395	2,449768
-2,317566	8,407227	2,403076
-2,364243	8,439545	2,355194
-2,357071	8,428772	2,356384
-2,311569	8,340179	2,357590
-2,372620	8,307861	2,268997
-2,524658	8,336594	2,169632
-2,461212	8,400040	2,201965
-2,370239	8,364120	2,263016
-2,306793	8,361740	2,185196
-2,330734	8,382080	2,112183
-2,421707	8,373703	2,045135
-2,582123	8,395248	1,919449
-2,680283	8,398849	1,879944
-2,729370	8,350967	1,999649
-2,789215	8,316238	2,224701
-2,855057	8,294693	2,277374
-2,973572	8,286316	2,148087
-3,088486	8,289902	2,029572
-3,208206	8,237228	1,850006
-3,229752	8,226456	1,586655
-3,218979	8,189346	1,401093
-3,198624	8,141464	1,226318
-3,257278	8,103165	1,063522
-3,384171	8,084000	0,876770
-3,512268	8,127106	0,729523
-3,575714	8,125900	0,678055
-3,673874	8,078018	0,703186
-3,713379	8,009781	0,794174
-3,864212	7,935562	0,875580
-3,982727	7,866135	0,947403
-4,040192	7,789520	1,016830
-4,031815	7,691360	1,131760
-4,046173	7,694946	1,201187
-4,115601	7,703323	1,149704
-4,077301	7,720093	1,076691
-3,987518	7,648254	0,906693
-3,967163	7,544113	0,593063
-4,005478	7,466309	0,353638
-4,065323	7,454330	0,311737
-4,252075	7,437576	0,370392
-4,535782	7,437576	0,317719
-4,819504	7,404053	0,109421
-5,012238	7,323853	-0,028244
-5,086456	7,331024	0,012466
-5,136734	7,261597	0,068726
-5,254044	7,225677	0,010071
-5,202576	7,155060	-0,145554
-5,161865	7,143082	-0,138367
-5,208557	7,105972	-0,152740
-5,210953	7,026962	-0,188644
-5,316299	6,973099	-0,308365
-5,388123	6,963516	-0,326309
-5,374954	6,927612	-0,285614
-5,444382	6,842606	-0,230545
-5,547333	6,798325	-0,168304
-5,758026	6,709732	-0,028244
-5,998642	6,651077	0,083099
-6,028580	6,582840	0,176468
-6,047729	6,501434	0,170486
-6,136307	6,484680	-0,012680
-6,135117	6,454758	-0,152740
-6,100403	6,382919	-0,252090
-6,035751	6,315887	-0,276031
-6,076462	6,321869	-0,410110
-6,083633	6,253632	-0,384979
-6,157852	6,246460	-0,333496
-6,324249	6,168640	-0,289200
-6,473892	6,101608	-0,307159
-6,630707	6,112381	-0,356247
-6,751617	6,078857	-0,367020
-6,810272	5,983093	-0,402924
-6,889282	5,955566	-0,469971
-6,985062	5,920853	-0,533417
-6,957520	5,877747	-0,541794
-6,831833	5,843033	-0,529831
-6,709717	5,776001	-0,635162
-6,732468	5,693390	-0,811142
-6,797104	5,653885	-0,905716
-6,883301	5,698181	-0,878174
-6,998230	5,693390	-0,856628
-7,129898	5,640717	-0,879379
-7,295105	5,580872	-0,995499
-7,395660	5,552139	-1,018234
-7,421997	5,532990	-0,983521
-7,418411	5,458771	-0,947617
-7,442352	5,406097	-0,868607
-7,413620	5,366592	-0,909302
-7,401642	5,322296	-0,954788
-7,320251	5,244476	-0,900925
-7,308273	5,181030	-0,881775
-7,401642	5,151108	-0,825500
-7,469879	5,161880	-0,729736
-7,469879	5,136749	-0,657913
-7,481857	5,131958	-0,741714
-7,580017	5,119980	-0,954788
-7,638672	5,044571	-1,094849
-7,715286	5,018234	-1,222946
-7,773941	5,079285	-1,220551
-7,698532	5,014633	-1,104431
-7,692535	4,988297	-1,082886
-7,760773	4,963165	-1,140350
-7,884079	4,960770	-1,171463
-7,940338	4,900909	-1,158295
-7,979843	4,865005	-1,213364
-8,033722	4,844650	-1,239700
-8,075623	4,848236	-1,365402
-8,130676	4,831482	-1,487503
-8,062454	4,778809	-1,591660
-7,955902	4,703400	-1,619186
-7,826614	4,654312	-1,786774
-7,827820	4,672272	-1,962753
-7,921188	4,702194	-1,981903
-8,013367	4,706985	-1,907684
-8,084000	4,678253	-1,828674
-8,210892	4,712967	-1,696991
-8,288696	4,672272	-1,565323
-8,276733	4,647125	-1,536591
-8,224060	4,635162	-1,579681
-8,140259	4,575302	-1,592850
-8,110336	4,545380	-1,517426
-8,026535	4,569321	-1,438416
-7,922379	4,487915	-1,451584
-7,881683	4,465164	-1,555740
-7,970276	4,499893	-1,659882
-8,008575	4,546570	-1,704178
-8,001389	4,497498	-1,639542
-7,999008	4,423279	-1,531799
-8,109131	4,420883	-1,524612
-8,275528	4,491501	-1,613205
-8,295883	4,517838	-1,608414
-8,281509	4,510666	-1,614395
-8,255173	4,509460	-1,646713
-8,281509	4,569321	-1,582077
-8,208496	4,511856	-1,567703
-8,171387	4,480728	-1,571304
-8,111526	4,468765	-1,612000
-8,049286	4,442429	-1,628769
-7,988220	4,443619	-1,646713
-8,018158	4,483124	-1,663483
-7,994217	4,473557	-1,585663
-7,997803	4,436447	-1,483917
-8,012161	4,417282	-1,517426
-8,070831	4,414886	-1,529404
-8,121109	4,400528	-1,522217
-8,086395	4,353836	-1,469543
-8,027725	4,395737	-1,420471
-7,979843	4,382568	-1,386948
-7,964279	4,309540	-1,447998
-7,999008	4,326309	-1,499481
-8,101944	4,362213	-1,491089
-8,160614	4,374191	-1,488708
-8,236023	4,344269	-1,473145
-8,423965	4,401718	-1,458771
-8,532913	4,399323	-1,449203
-8,546082	4,361023	-1,404907
-8,485031	4,319122	-1,355820
-8,379684	4,308350	-1,418076
-8,281509	4,311935	-1,576096
-8,200119	4,328705	-1,790375
-8,185745	4,334686	-1,902893
-8,195328	4,310745	-1,882553
-8,201309	4,276031	-1,902893
-8,179764	4,267654	-1,954376
-8,204895	4,244904	-1,864594
-8,238419	4,230545	-1,785583
-8,338974	4,264053	-1,728119
-8,390457	4,243713	-1,705383
-8,479034	4,203003	-1,667068
-8,495804	4,182648	-1,651505
-8,463470	4,218567	-1,517426
-8,404816	4,198212	-1,378571
-8,362915	4,147934	-1,274414
-8,362915	4,143158	-1,218155
-8,271942	4,080902	-1,300751
-8,250397	4,055756	-1,488708
-8,253983	4,072525	-1,556931
-8,238419	4,068924	-1,486313
-8,236023	4,031815	-1,421661
-8,281509	4,018646	-1,431244
-8,347351	4,040207	-1,424057
-8,388062	4,055756	-1,437225
-8,390457	4,007874	-1,389343
-8,392853	4,022247	-1,529404
-8,386856	4,078506	-1,722137
-8,318634	4,053375	-1,802338
-8,227646	4,019852	-1,908890
-8,242020	4,042587	-1,937607
-8,337784	4,094070	-1,890930
-8,382080	4,053375	-1,819107
-8,421570	4,006683	-1,729324
-8,461075	4,000702	-1,787979
-8,483826	4,024643	-1,729324
-8,437134	4,065338	-1,694595
-8,328201	4,060547	-1,723328
-8,311447	4,061752	-1,765228
-8,346161	4,083298	-1,862198
-8,311447	4,115616	-1,925644
-8,321014	4,098862	-1,886139
-8,323410	4,109634	-1,859802
-8,368912	4,162308	-1,799942
-8,342575	4,163498	-1,747269
-8,346161	4,152725	-1,707764
-8,390457	4,153931	-1,711365
-8,395248	4,140762	-1,734100
-8,349747	4,107239	-1,734100
-8,319824	4,091675	-1,714951
-8,279129	4,080902	-1,691010
-8,286301	4,113220	-1,702988
-8,334183	4,119202	-1,798752
-8,331787	4,028229	-1,881348
-8,323410	4,041397	-1,839447
-8,391647	4,083298	-1,832275
-8,371292	4,080902	-1,898117
-8,358124	4,116821	-1,876556
-8,334183	4,101257	-1,847824
-8,299469	4,084488	-1,881348
-8,341370	4,118011	-1,922058
-8,312637	4,103653	-1,930435
-8,276733	4,101257	-1,785583
-8,280319	4,123993	-1,686218
-8,261169	4,083298	-1,646713
-8,240814	4,100052	-1,586868
-8,216873	4,082092	-1,561722
-8,188141	4,066544	-1,670654
-8,244400	4,106033	-1,815506
-8,275528	4,096466	-1,900497
-8,280319	4,089279	-1,906494
-8,328201	4,098862	-1,882553
-8,359329	4,068924	-1,890930
-8,396439	4,047379	-1,918457
-8,417984	4,082092	-1,934021
-8,396439	4,074921	-1,951981
-8,364120	4,048584	-1,911285
-8,300674	4,040207	-1,948395
-8,313843	4,044983	-1,918457
-8,383270	4,107239	-1,841843
-8,438339	4,128784	-1,796356
-8,377289	4,147934	-1,726929
-8,310242	4,116821	-1,652710
-8,215683	4,098862	-1,665878
-8,173782	4,098862	-1,725723
-8,208496	4,068924	-1,817902
-8,248001	4,104843	-1,869385
-8,275528	4,095261	-1,799942
-8,312637	4,098862	-1,750870
-8,321014	4,150330	-1,760437
-8,289902	4,079697	-1,777206
-8,283905	4,084488	-1,814316
-8,332993	4,103653	-1,784378
-8,341370	4,131180	-1,730515
-8,322220	4,162308	-1,708969
-8,304260	4,157516	-1,719742
-8,304260	4,134766	-1,795166
-8,338974	4,147934	-1,852615
-8,245605	4,180267	-1,845444
-8,186951	4,162308	-1,877762
-8,155823	4,134766	-1,977112
-8,147446	4,177872	-1,993881
-8,141449	4,120407	-1,968735
-8,178558	4,132370	-1,920853
-8,201309	4,135971	-1,759247
-8,216873	4,155121	-1,631149
-8,276733	4,167099	-1,664673
-8,273132	4,127594	-1,680237
-8,231232	4,090485	-1,669464
-8,279129	4,173080	-1,658691
-8,287506	4,164703	-1,711365
-8,274338	4,121597	-1,698196
-8,258774	4,090485	-1,774811
-8,209686	4,097656	-1,758057
-8,151031	4,088089	-1,786774
-8,164200	4,065338	-1,808334
-8,227646	4,053375	-1,833466
-8,271942	4,031815	-1,865784
-8,317429	4,004288	-1,834671
-8,307846	4,000702	-1,865784
-8,328201	3,994705	-1,930435
-8,334183	4,035416	-1,934021
-8,289902	4,040207	-1,907684
-8,275528	4,029419	-1,851425
-8,265961	3,986328	-1,901703
-8,283905	3,964783	-1,895721
-8,316238	3,957596	-1,845444
-8,352142	4,011475	-1,802338
-8,446716	4,003082	-1,779602
-8,494598	4,010269	-1,772415
-8,535309	3,991119	-1,729324
-8,494598	3,991119	-1,738892
-8,370102	3,989914	-1,790375
-8,294678	4,025833	-1,877762
-8,292297	4,052170	-1,971130
-8,238419	4,074921	-1,996277
-8,183350	4,110825	-1,985504
-8,167786	4,108429	-1,913666
-8,149841	4,126389	-1,856216
-8,196518	4,146744	-1,761642
-8,220459	4,128784	-1,760437
-8,248001	4,118011	-1,786774
-8,298279	4,122803	-1,724533
-8,365311	4,175476	-1,750870
-8,465866	4,216171	-1,850220
-8,398834	4,185043	-1,828674
-8,338974	4,173080	-1,740097
-8,280319	4,158707	-1,759247
-8,225250	4,157516	-1,774811
-8,216873	4,133575	-1,805939
-8,216873	4,153931	-1,901703
-8,215683	4,194626	-1,942398
-8,282715	4,206604	-1,905289
-8,313843	4,191040	-1,851425
-8,372498	4,182648	-1,810715
-8,403625	4,199417	-1,804733
-8,444321	4,207794	-1,823883
-8,420380	4,183853	-1,860992
-8,355743	4,183853	-1,781998
-8,287506	4,207794	-1,774811
-8,263565	4,199417	-1,798752
-8,248001	4,207794	-1,821503
-8,209686	4,169479	-1,785583
-8,182159	4,127594	-1,853821
-8,194122	4,208984	-1,954376
-8,310242	4,208984	-1,981903
-8,349747	4,156311	-1,942398
-8,316238	4,083298	-1,918457
-8,360519	4,098862	-1,913666
-8,398834	4,132370	-1,882553
-8,376083	4,097656	-1,810715
-8,310242	4,049774	-1,793961
-8,321014	4,064148	-1,829880
-8,347351	4,070129	-1,913666
-8,275528	4,050980	-1,900497
-8,236023	4,019852	-1,900497
-8,263565	4,077316	-1,978317
-8,315033	4,067734	-2,028595
-8,386856	4,067734	-2,007050
-8,394043	4,044983	-1,960358
-8,422775	4,061752	-1,925644
-8,433548	4,085693	-1,918457
-8,426361	4,074921	-1,837051
-8,453903	4,109634	-1,779602
-8,386856	4,052170	-1,804733
-8,336578	4,062943	-1,831070
-8,336578	4,043793	-1,884949
-8,321014	4,010269	-1,907684
-8,275528	4,023438	-1,960358
-8,259964	4,061752	-1,962753
-8,255173	4,085693	-1,986694
-8,243210	4,054565	-1,929230
-8,291092	4,013870	-1,845444
-8,374893	4,035416	-1,849030
-8,373688	4,065338	-1,795166
-8,355743	4,076111	-1,710159
-8,293488	4,076111	-1,661087
-8,300674	4,079697	-1,686218
-8,295883	4,089279	-1,710159
-8,220459	4,076111	-1,779602
-8,164200	4,084488	-1,916061
-8,161804	4,163498	-2,010635
-8,206100	4,175476	-2,127960
-8,219269	4,133575	-2,160278
-8,268341	4,119202	-2,090836
-8,295883	4,131180	-2,019012
-8,318634	4,095261	-1,984299
-8,309052	4,084488	-1,904099
-8,295883	4,058151	-1,893326
-8,291092	4,027039	-1,935226
-8,295883	4,065338	-1,868179
-8,277924	4,085693	-1,807129
-8,244400	4,078506	-1,819107
-8,239624	4,059357	-1,834671
-8,222855	4,034210	-1,855011
-8,185745	4,070129	-1,811920
-8,212082	4,080902	-1,814316
-8,259964	4,034210	-1,841843
-8,280319	4,010269	-1,772415
-8,331787	4,043793	-1,725723
-8,384460	4,076111	-1,691010
-8,428757	4,036606	-1,646713
-8,443130	4,023438	-1,541367
-8,446716	4,029419	-1,486313
-8,421570	4,052170	-1,565323
-8,358124	4,012665	-1,628769
-8,313843	4,029419	-1,738892
-8,306656	4,059357	-1,776001
-8,261169	4,030624	-1,906494
-8,240814	4,036606	-1,955566
-8,252792	4,048584	-1,931625
-8,291092	4,013870	-1,912476
-8,259964	3,983932	-1,967545
-8,279129	3,971970	-1,947189
-8,287506	4,005478	-1,938812
-8,315033	4,024643	-1,894516
-8,354538	3,977951	-1,851425
-8,480240	3,995911	-1,893326
-8,498184	4,048584	-1,892120
-8,482635	4,028229	-1,791565
-8,449112	4,023438	-1,736496
-8,425171	4,085693	-1,846634
-8,428757	4,082092	-1,950775
-8,378479	4,129990	-2,008240
-8,394043	4,175476	-1,977112
-8,409607	4,206604	-1,996277
-8,374893	4,198212	-2,089645
-8,338974	4,210190	-2,068100
-8,352142	4,260468	-2,015427
-8,288696	4,279617	-1,965149
-8,183350	4,261658	-1,928040
-8,118713	4,283218	-1,960358
-8,072021	4,335876	-2,096832
-8,039703	4,352646	-2,155487
-7,959503	4,331100	-2,093231
-7,957108	4,340668	-2,121964
-8,073227	4,407715	-2,200974
-8,171387	4,412491	-2,162674
-8,149841	4,345459	-1,993881
-8,139069	4,321518	-1,934021
-8,147446	4,343063	-1,914871
-8,085190	4,337082	-1,880157
-8,021744	4,394547	-1,828674
-8,002594	4,374191	-1,785583
-8,003784	4,375381	-1,796356
-8,028931	4,411301	-1,832275
-8,092377	4,399323	-1,774811
-8,063644	4,359833	-1,814316
-8,076813	4,405319	-1,883743
-8,068436	4,365814	-1,991486
-8,027725	4,370605	-2,002258
-7,994217	4,353836	-1,950775
-8,021744	4,378983	-1,947189
-8,063644	4,367004	-1,987900
-8,182159	4,341873	-2,003448
-8,219269	4,329895	-1,971130
-8,215683	4,299973	-1,963943
-8,281509	4,278427	-2,010635
-8,304260	4,276031	-2,147110
-8,276733	4,270050	-2,199783
-8,230042	4,273636	-2,121964
-8,225250	4,273636	-2,056122
-8,225250	4,237717	-2,070496
-8,246796	4,216171	-2,065704
-8,268341	4,199417	-2,036972
-8,300674	4,223358	-1,937607
-8,270737	4,204208	-1,850220
-8,252792	4,185043	-1,868179
-8,230042	4,214981	-1,884949
-8,270737	4,192230	-1,904099
-8,273132	4,198212	-1,920853
-8,233627	4,167099	-1,884949
-8,207291	4,092865	-1,888535
-8,213287	4,089279	-1,918457
-8,261169	4,118011	-1,859802
-8,275528	4,114426	-1,884949
-8,336578	4,070129	-1,898117
-8,306656	4,053375	-1,904099
-8,312637	4,054565	-1,916061
-8,334183	4,059357	-1,943604
-8,427567	4,106033	-1,998672
-8,420380	4,116821	-1,916061
-8,427567	4,085693	-1,833466
-8,425171	4,090485	-1,837051
-8,390457	4,097656	-1,884949
-8,408401	4,118011	-1,943604
-8,360519	4,121597	-2,001068
-8,321014	4,126389	-2,047745
-8,292297	4,144348	-2,100418
-8,291092	4,169479	-2,133942
-8,248001	4,150330	-2,138733
-8,311447	4,171875	-2,254852
-8,317429	4,146744	-2,290756
-8,336578	4,153931	-2,191406
-8,322220	4,151535	-2,120773
-8,307846	4,173080	-2,069290
-8,293488	4,134766	-1,987900
-8,317429	4,137161	-2,002258
-8,392853	4,169479	-1,953171
-8,362915	4,144348	-1,822693
-8,327011	4,123993	-1,760437
-8,282715	4,141953	-1,748474
-8,293488	4,116821	-1,801147
-8,274338	4,094070	-1,862198
-8,176178	4,071320	-1,815506
-8,131882	4,094070	-1,859802
-8,131882	4,084488	-1,968735
-8,167786	4,053375	-2,002258
-8,236023	4,067734	-2,009445
-8,293488	4,053375	-2,047745
-8,348557	4,027039	-2,003448
-8,371292	4,009079	-1,975922
-8,434738	4,010269	-1,916061
-8,500580	4,043793	-1,913666
-8,511353	4,018646	-1,943604
-8,510162	3,981537	-1,956772
-8,528122	3,946823	-1,923248
-8,449112	3,979141	-1,898117
-8,358124	3,955200	-1,892120
-8,202515	3,937256	-1,894516
-8,084000	3,891754	-1,829880
-8,101944	3,878586	-1,857407
-8,179764	3,969574	-1,932831
-8,239624	4,034210	-1,910080
-8,270737	4,031815	-1,820297
-8,293488	4,073715	-1,798752
-8,279129	4,089279	-1,829880
-8,234833	4,086884	-1,880157
-8,185745	4,106033	-1,872971
-8,110336	4,200607	-1,857407
-8,044495	4,254486	-1,797546
-8,021744	4,309540	-1,840652
-7,985840	4,338272	-1,938812
-7,946335	4,364609	-2,019012
-7,943939	4,425659	-2,081268
-7,931961	4,509460	-2,129150
-7,916397	4,514252	-2,118378
-7,933167	4,550171	-2,157883
-7,929565	4,608826	-2,214142
-7,954712	4,667480	-2,209351
-7,975052	4,689026	-2,110001
-7,963089	4,696213	-2,110001
-7,996613	4,711777	-2,162674
-8,051666	4,741699	-2,099228
-8,056458	4,776413	-1,925644
-8,012161	4,760849	-1,761642
-7,921188	4,797958	-1,802338
-7,893661	4,841064	-1,965149
-7,899643	4,899719	-1,942398
-7,809860	4,910492	-1,835861
-7,782318	4,945206	-1,710159
-7,730850	4,975128	-1,662277
-7,715286	4,964355	-1,746078
-7,697327	5,026611	-1,773605
-7,682968	5,023026	-1,691010
-7,675781	5,064911	-1,541367
-7,699722	5,121185	-1,553345
-7,633881	5,109207	-1,547363
-7,596771	5,159485	-1,462372
-7,626709	5,202591	-1,516235
-7,651840	5,255264	-1,537781
-7,626709	5,267227	-1,444412
-7,623108	5,317505	-1,494690
-7,603958	5,376160	-1,546158
-7,569244	5,337860	-1,515045
-7,455521	5,339050	-1,425262
-7,395660	5,389328	-1,394135
-7,417206	5,425247	-1,391739
-7,402847	5,439606	-1,360611
-7,424393	5,449188	-1,321106
-7,420807	5,465942	-1,278015
-7,459106	5,510239	-1,257660
-7,486649	5,507843	-1,453979
-7,454315	5,521011	-1,486313
-7,407639	5,546158	-1,531799
-7,413620	5,608398	-1,528198
-7,339401	5,632339	-1,560532
-7,259186	5,634735	-1,540176
-7,223282	5,681427	-1,519821
-7,231659	5,708954	-1,543762
-7,242432	5,712555	-1,582077
-7,272354	5,734100	-1,564117
-7,303482	5,783173	-1,558136
-7,351364	5,808319	-1,546158
-7,380096	5,823883	-1,538986
-7,354965	5,849014	-1,465958
-7,286728	5,807114	-1,359421
-7,201736	5,838242	-1,328293
-7,105957	5,875351	-1,341461
-6,980270	5,831070	-1,269638
-6,878510	5,822678	-1,159500
-6,810272	5,877747	-1,151123
-6,827042	5,892120	-1,190628
-6,823441	5,880142	-1,228928
-6,789932	5,934006	-1,193024
-6,765991	5,963943	-1,261246
-6,776764	5,937607	-1,309143
-6,846191	5,944794	-1,285187
-6,885696	5,998657	-1,256470
-6,906052	6,024994	-1,244492
-6,859360	5,974716	-1,147522
-6,737259	5,975906	-1,137955
-6,629517	5,995071	-1,155914
-6,592407	6,034576	-1,227737
-6,477478	6,028580	-1,345047
-6,386505	6,077667	-1,363007
-6,357773	6,075272	-1,325897
-6,352982	6,093231	-1,303146
-6,369751	6,150696	-1,289978
-6,469101	6,181808	-1,204987
-6,505020	6,224915	-0,990707
-6,537338	6,289551	-0,856628
-6,519379	6,265610	-0,866211
-6,393692	6,271591	-0,951202
-6,227295	6,326660	-0,972748
-6,062088	6,370956	-0,857834
-5,987869	6,446365	-0,793182
-5,878937	6,494263	-0,796783
-5,786758	6,461929	-0,789597
-5,706558	6,533768	-0,831497
-5,655075	6,639099	-0,837479
-5,614380	6,692978	-0,814728
-5,589233	6,750443	-0,799164
-5,534164	6,819870	-0,854233
-5,517410	6,906052	-0,934448
-5,542557	6,981476	-0,964371
-5,562897	7,042526	-1,026627
-5,555725	7,123932	-1,018234
-5,520996	7,145477	-0,989517
-5,453964	7,228073	-1,066132
-5,425232	7,253220	-1,094849
-5,352203	7,286743	-1,122391
-5,173843	7,353775	-1,127182
-5,049347	7,405243	-1,194214
-4,960754	7,456726	-1,237305
-4,844635	7,496231	-1,190628
-4,736908	7,514191	-1,026627
-4,655502	7,501022	-0,954788
-4,629166	7,512985	-0,960785
-4,638733	7,584808	-0,805161
-4,655502	7,639877	-0,520248
-4,677048	7,639877	-0,479538
-4,615997	7,667419	-0,329910
-4,625565	7,690155	-0,157532
-4,614792	7,715302	-0,031830
-4,599228	7,789520	0,054367
-4,569305	7,832611	0,026825
-4,445999	7,840988	0,018448
-4,271225	7,874512	-0,058167
-4,023422	7,873322	-0,133591
-3,853439	7,916412	-0,189850
-3,736130	7,906830	-0,171890
-3,647537	7,911621	-0,131195
-3,561340	7,975067	-0,037811
-3,508682	7,953522	0,132172
-3,561340	8,021759	0,199203
-3,678665	8,112732	0,184845
-3,740906	8,166611	0,172882
-3,762466	8,142670	0,077103
-3,743301	8,136673	0,078308
-3,666687	8,195343	0,138153
-3,558960	8,204910	0,203995
-3,503891	8,183365	0,182449
-3,460785	8,228851	0,117813
-3,429672	8,256393	0,087875
-3,382980	8,204910	0,128586
-3,280029	8,153442	0,182449
-3,127991	8,087601	0,244705
-3,086105	8,076828	0,328491
-3,056168	8,066055	0,334488
-3,081314	8,055283	0,291382
-3,118423	8,022949	0,285400
-3,135178	8,027740	0,356033
-3,173492	7,965500	0,536789
-3,183060	7,934372	0,705582
-3,153137	7,888885	0,758255
-3,168701	7,888885	0,832474
-3,235733	7,866135	0,982117
-3,331497	7,903244	1,170059
-3,412903	7,904434	1,250259
-3,363831	7,874512	1,186813
-3,056168	7,892471	1,150909
-2,601273	7,860153	1,082672
-2,047012	7,881699	0,930634
-1,610077	7,952332	0,826492
-1,335938	8,067245	0,764236
-1,126450	8,196533	0,706787
-0,936111	8,291107	0,563126
-0,869064	8,419189	0,439835
-0,884628	8,571228	0,329697
-0,900192	8,632278	0,224350
-0,891815	8,650238	0,310547
-0,865479	8,625092	0,482925
-0,802032	8,742416	0,784592
-0,724213	8,811844	1,063522
-0,491974	8,710083	1,188019
-0,178345	8,637070	1,316101
0,174805	8,757980	1,470535
0,535126	8,797485	1,644104
0,835602	8,768753	1,692001
1,072632	8,822617	1,838043
1,157623	8,863312	2,082245
1,112137	8,864517	2,362366
0,957703	8,895645	2,550323
0,761383	8,998596	2,637711
0,610550	9,093155	2,707138
0,476471	9,131470	2,788544
0,422607	9,197311	2,863953
0,386688	9,279907	2,890289
0,372330	9,303848	2,740662
0,435776	9,295471	2,564682
0,559067	9,324203	2,460541
0,875107	9,266739	2,391098
1,239029	9,202103	2,336029
1,359940	9,247589	2,302521
1,353943	9,315826	2,237869
1,344376	9,320618	2,340820
1,377884	9,282303	2,483276
1,423386	9,247589	2,604187
1,406616	9,210480	2,793335
1,423386	9,232025	3,041122
1,448517	9,206894	3,230270
1,441330	9,188934	3,297302
1,491608	9,194916	3,406250
1,541901	9,121887	3,521164
1,692734	9,051270	3,561874
1,801666	9,132660	3,589401
1,930954	9,157806	3,569046
2,078201	9,063232	3,547501
2,173965	8,990219	3,607361
2,153610	8,943527	3,705521
2,147629	8,899231	3,863541
2,181152	8,835785	3,967682
2,226639	8,858536	4,003601
2,182343	8,857330	4,041901
2,141647	8,832199	4,203506
2,074600	8,763962	4,253784
1,989609	8,760376	4,357941
1,922577	8,768753	4,381882
1,885468	8,747208	4,287308
1,954895	8,704102	4,263367
2,094955	8,720871	4,250198
2,163193	8,726852	4,226257
2,230225	8,603546	4,104156
2,370285	8,499405	3,960495
2,456482	8,548477	3,873108
2,509155	8,649033	3,824036
2,530701	8,529327	3,875504
2,574997	8,346176	3,876709
2,512741	8,316238	3,883881
2,407394	8,298294	4,111343
2,352325	8,202515	4,380692
2,335571	8,110336	4,559052
2,288879	8,027740	4,757767
2,215866	7,912827	5,085770
2,189529	7,833817	5,388641
2,217056	7,789520	5,592148
2,252975	7,690155	5,792068
2,178757	7,672211	5,875870
2,138046	7,651855	5,806427
2,056641	7,581223	5,721436
1,993195	7,533340	5,646027
1,890244	7,461517	5,594543
1,762161	7,422012	5,608902
1,629288	7,388489	5,563416
1,441330	7,271179	5,374283
1,297684	7,055695	5,302444
1,358734	6,812683	5,316818
1,531113	6,698959	5,231827
1,896240	6,616364	5,138443
2,595337	6,478699	4,978043
3,347122	6,358978	4,804459
3,831940	6,312302	4,804459
4,033066	6,241669	4,909805
3,998337	6,165054	5,201889
3,831940	6,071686	5,680740
3,489578	6,036957	6,169159
3,081360	5,998657	6,567795
2,651611	6,057312	6,916138
2,376266	6,068085	7,313583
2,280502	6,050125	7,629623
2,255371	6,112381	7,693069
2,153610	6,126740	7,690674
2,090164	6,080063	7,670319
1,945312	6,112381	7,633209
1,828003	6,139908	7,353088
2,049469	5,978302	6,985580
2,444504	5,875351	7,031067
2,950882	5,925629	7,323151
3,343536	6,027390	7,586517
3,555420	6,064499	7,603287
3,695480	6,005844	7,523071
3,731384	5,961548	7,578140
3,711044	5,992676	7,653564
3,563797	6,033371	7,602081
3,330368	6,050125	7,517090
3,124466	5,985489	7,434494
2,925735	5,871765	7,468002
2,744980	5,791565	7,635605
2,591751	5,776001	7,827133
2,523514	5,766418	7,915726
2,518723	5,675446	7,912125
2,675552	5,595230	8,037827
2,858704	5,585663	8,108459
3,111298	5,570099	8,267670
3,387817	5,488693	8,402939
3,532669	5,457565	8,584900
3,545837	5,510239	8,774048
3,614075	5,473129	9,049377
3,557816	5,384537	9,213379
3,475204	5,425247	9,261261
3,360291	5,522217	9,143951
3,209457	5,536575	8,888962
3,033478	5,495880	8,669891
2,916168	5,446793	8,745316
2,898209	5,383347	8,945236
2,991577	5,307922	8,926071
3,100525	5,261246	8,763275
3,233398	5,191818	8,766861
3,397400	5,208572	8,891357
3,428528	5,151108	8,963181
3,379440	5,043365	8,942841
3,124466	4,947601	8,847061
2,894623	4,863800	8,847061
2,651611	4,845856	8,788406
2,387039	4,751282	8,786011
2,185928	4,671066	9,037399
2,157196	4,529816	9,371399
2,161987	4,374191	9,695816
2,133255	4,283218	10,028610
2,033905	4,220963	10,282394
2,109314	4,104843	10,558914
2,270935	3,945633	10,822281
2,275711	3,867813	10,900101
2,218262	3,837891	10,852219
2,150024	3,810364	10,873764
2,100937	3,684662	10,874954
2,039886	3,637970	10,696594
1,899826	3,697830	10,441605
1,768143	3,719376	10,218948
1,741806	3,648743	10,026215
1,720261	3,532623	9,883759
1,665192	3,521851	9,828690
1,598160	3,573334	9,888550
1,624496	3,493118	9,950790
1,690338	3,374619	10,003464
1,659210	3,365036	9,916077
1,622101	3,373413	9,798767
1,601746	3,327927	9,813126
1,601746	3,230957	9,736511
1,610123	3,098083	9,580887
1,634064	3,048996	9,547379
1,593369	3,058578	9,671875
1,558655	3,050201	9,767639
1,477249	2,936478	9,700607
1,438950	2,868240	9,722153
1,468872	2,865845	9,784393
1,494003	2,841904	9,764053
1,495209	2,858658	9,612015
1,503586	2,798813	9,480331
1,514359	2,772476	9,455200
1,510773	2,796417	9,535400
1,571823	2,790421	9,613205
1,646042	2,788025	9,565323
1,684341	2,828735	9,533005
1,728638	2,816757	9,510254
1,711884	2,827530	9,434845
1,658005	2,846695	9,363022
1,630478	2,913727	9,310349
1,611328	2,946045	9,339081
1,630478	2,876617	9,289993
1,606537	2,819153	9,091278
1,565842	2,843094	8,878189
1,539505	2,911331	8,802780
1,545486	2,884995	8,780029
1,568222	2,761703	8,736938
1,637665	2,720993	8,808762
1,698715	2,720993	8,932068
1,737015	2,697052	9,121201
1,805252	2,650360	9,301971
1,836380	2,626419	9,376190
1,812439	2,612061	9,395340
1,705902	2,577347	9,376190
1,684341	2,533051	9,359421
1,637665	2,555801	9,383362
1,503586	2,588120	9,312744
1,365921	2,594101	9,189438
1,309662	2,552200	9,179855
1,259384	2,519882	9,369003
1,231842	2,507904	9,534210
1,171982	2,445663	9,541382
1,145660	2,387009	9,601242
1,203110	2,363068	9,728134
1,302475	2,387009	9,922058
1,339584	2,412140	10,163879
1,375504	2,370239	10,281189
1,368317	2,353485	10,245285
1,326416	2,327148	10,240494
1,272552	2,336731	10,072891
1,229446	2,341507	9,910095
1,327606	2,305603	9,905304
1,409012	2,220612	9,845444
1,400635	2,194275	9,832275
1,300079	2,226593	9,953186
1,332397	2,196671	10,236908
1,320435	2,100891	10,330276
1,167206	2,078156	10,271622
1,012772	2,091324	10,160294
0,857147	2,050613	10,124374
0,761383	1,956055	10,089661
0,723083	1,918930	10,172256
0,668015	1,877045	10,360199
0,663223	1,831543	10,363800
0,596176	1,821976	10,248871
0,501617	1,892593	10,119583
0,453735	1,827957	10,038177
0,411835	1,719025	9,962769
0,365143	1,649582	9,972336
0,354370	1,653183	10,163879
0,324448	1,742966	10,272812
0,378311	1,651978	10,197403
0,481262	1,558609	10,087265
0,553085	1,535858	9,956787
0,611740	1,570587	9,819107
0,669205	1,577759	9,689819
0,736252	1,535858	9,544983
0,749405	1,531082	9,415695
0,761383	1,543045	9,305557
0,702728	1,563400	9,310349
0,741028	1,526291	9,382172
0,702728	1,491577	9,416885
0,647659	1,546646	9,432449
0,573441	1,599304	9,500687
0,460907	1,584946	9,621597
0,409439	1,535858	9,665878
0,381897	1,562195	9,687439
0,290924	1,580154	9,821503
0,246628	1,572968	9,895721
0,235855	1,583755	9,924454
0,211914	1,564590	9,923264
0,311279	1,544250	9,880173
0,408234	1,557419	9,785599
0,429779	1,637619	9,731720
0,451340	1,634033	9,741302
0,447739	1,572968	9,712570
0,521957	1,571777	9,675461
0,496826	1,594528	9,704193
0,508789	1,587341	9,767639
0,578232	1,521500	9,863403
0,604568	1,547836	10,051346
0,645264	1,623260	10,204575
0,714691	1,619659	10,189011
0,788910	1,655579	10,038177
0,785324	1,722610	9,795166
0,778137	1,770493	9,516251
0,805679	1,784866	9,353439
0,788910	1,800430	9,219360
0,832016	1,835144	9,084091
0,839188	1,909363	9,033813
0,781738	1,910553	8,958405
0,763779	1,851898	8,966782
0,781738	1,792038	9,031418
0,846375	1,772888	9,252884
0,976868	1,742966	9,561737
1,028336	1,667542	9,765244
1,024750	1,683105	9,900513
1,018753	1,754929	9,963959
1,035522	1,758530	9,999878
0,987640	1,786057	10,178238
0,912216	1,783661	10,283585
0,817642	1,766907	10,333862
0,681183	1,794434	10,364990
0,581818	1,787262	10,404495
0,477676	1,824371	10,348236
0,433380	1,807602	10,238098
0,452530	1,809998	10,112396
0,500412	1,808807	10,010651
0,515976	1,850708	9,864609
0,489639	1,886612	9,671875
0,429779	1,930908	9,487518
0,499222	1,976395	9,339081
0,556686	1,959641	9,316330
