-2,170319	7,201736	6,529480
-2,184677	7,303497	6,220627
-2,175110	7,344193	5,880646
-2,193054	7,402863	5,587357
-2,234955	7,382507	5,387451
-2,315170	7,287933	5,262955
-2,504303	7,444748	5,121689
-2,677887	7,789520	5,028320
-2,798798	8,033722	4,946915
-2,832306	8,093582	4,881073
-2,695847	8,031342	4,748199
-2,497131	7,908035	4,573410
-2,372620	7,825439	4,451309
-2,211014	7,779938	4,429764
-2,091309	7,759598	4,366318
-2,015884	7,773956	4,325623
-1,979980	7,808670	4,498001
-1,934494	7,789520	4,866714
-1,823151	7,832611	5,328781
-1,710632	7,868530	5,753754
-1,568176	7,854156	6,017120
-1,446075	7,773956	6,196686
-1,444870	7,712906	6,348724
-1,464020	7,718887	6,552231
-1,499939	7,739243	6,681519
-1,464020	7,744034	6,736572
-1,350296	7,795502	6,772491
-1,234177	7,864944	6,853897
-1,089340	7,885284	7,059799
-0,960052	7,868530	7,368652
-0,823578	7,837402	7,532654
-0,726608	7,796707	7,552994
-0,756546	7,759598	7,420120
-0,866669	7,744034	7,239365
-1,046234	7,736847	6,948471
-1,264114	7,793106	6,602509
-1,465225	7,935562	6,155991
-1,765701	8,113937	5,831573
-2,052994	8,283920	5,546661
-2,333130	8,406021	5,349136
-2,534241	8,471863	5,407791
-2,589294	8,483841	5,677139
-2,475571	8,428772	6,263718
-2,239746	8,400040	6,880234
-2,023071	8,313843	7,426102
-1,774078	8,185760	8,004303
-1,525085	8,088791	8,396957
-1,414948	8,039719	8,533432
-1,368256	8,012177	8,534622
-1,371857	7,996613	8,389771
-1,392197	8,001404	8,162323
-1,369461	8,084000	8,015076
-1,285660	8,164215	7,751724
-1,216232	8,317444	7,377029
-1,159958	8,493408	6,886215
-1,128845	8,625092	6,450470
-1,049835	8,882477	6,264923
-0,709854	9,095551	6,149994
-0,503952	9,240402	6,383438
-0,513535	9,370895	6,796432
-0,617676	9,342163	7,059799
-0,766113	9,184143	7,278870
-1,047440	9,000992	7,351883
-1,472412	8,820221	7,424911
-1,679504	8,682556	7,688278
-1,631622	8,570023	8,056976
-1,462830	8,450317	8,171906
-1,188690	8,368912	8,216202
-0,948074	8,331802	8,292816
-0,806824	8,274353	8,588501
-0,675140	8,200119	9,066132
-0,600922	8,104355	9,378586
-0,621262	7,976273	9,396530
-0,633240	7,868530	9,541382
-0,627258	7,831421	9,658707
-0,744568	7,878098	9,674271
-1,047440	8,042114	9,746094
-1,252136	8,109146	9,847839
-1,283264	8,030136	9,922058
-1,325165	7,903244	10,070511
-1,502335	7,881699	10,010651
-1,707031	7,886490	9,817917
-2,024277	7,949936	9,471954
-2,467194	8,000214	9,055359
-2,704224	7,940353	8,887772
-2,639587	7,808670	8,971573
-2,349884	7,529755	9,183456
-1,918930	7,240051	9,449203
-1,359879	6,890503	9,817917
-0,871460	6,618759	10,163879
-0,610489	6,331451	10,289581
-0,333969	5,980698	10,309921
-0,137634	5,667053	9,494705
0,032349	5,298355	8,642365
-0,140030	5,020630	7,890579
-0,530289	4,878174	6,920929
-0,767319	4,714172	5,902206
-0,825974	4,566925	4,859528
-0,739777	4,669876	4,124512
-0,693100	4,826691	3,577423
-0,616486	4,817123	3,320053
-0,566208	4,616013	3,090210
-0,550644	4,296387	2,626938
-0,734985	4,043793	1,998459
-0,963638	3,901337	1,244278
-0,933716	3,750504	0,618195
-0,559021	3,485947	0,473343
0,029953	3,102875	0,649323
0,397461	2,627625	0,611008
0,301697	2,202652	0,379974
-0,041870	1,802811	0,049576
-0,330368	1,377853	-0,317932
-0,476425	0,848724	-0,715378
-0,440506	0,322006	-1,128372
-0,271713	-0,010788	-1,643127
-0,114899	-0,255005	-2,517014
-0,310028	-0,475266	-3,803894
-0,635635	-0,691940	-5,283508
-0,603317	-0,890656	-6,919952
-0,681122	-1,134872	-8,947830
-0,727814	-1,284500	-10,985306
-0,745773	-1,333588	-12,729477
-0,381851	-1,426956	-13,956512
0,172409	-1,525116	-14,974045
0,618927	-1,564621	-15,835953
0,976868	-1,508362	-16,875046
1,227051	-1,414993	-18,014679
1,590973	-1,437729	-19,029816
1,980026	-1,605331	-20,170654
2,257767	-1,781296	-21,309097
2,570206	-1,861511	-22,461914
2,977219	-1,801651	-23,530914
3,260925	-1,648422	-24,401215
3,470428	-1,367111	-24,987793
3,857086	-1,097763	-25,291855
4,311981	-0,821228	-25,382828
4,673508	-0,471680	-25,237991
4,793213	-0,015579	-24,866882
4,757309	0,531494	-24,249176
4,665131	1,150406	-23,298676
4,594498	1,708252	-22,106369
4,460419	2,324753	-20,910461
4,205444	2,983154	-19,831879
3,925323	3,665512	-18,846664
3,667938	4,351440	-18,090103
3,505142	5,013443	-17,250931
3,350708	5,602417	-16,296844
3,160370	6,042953	-15,379852
2,919754	6,352997	-14,489212
2,516327	6,478699	-13,787720
2,025528	6,347015	-13,433380
1,498795	6,084854	-13,271759
0,985245	5,748459	-13,032349
0,527954	5,394119	-12,814468
0,070663	5,238495	-12,973694
-0,442902	5,198990	-13,389084
-0,755341	5,139145	-14,116913
-0,982788	5,116394	-15,217056
-1,215027	5,218140	-16,362686
-1,186295	5,351028	-17,528656
-0,918152	5,554535	-18,766464
-0,899002	5,633545	-20,044968
-0,764923	5,531784	-21,173828
-0,292068	5,364197	-21,749634
0,150864	5,263641	-21,889694
0,679977	5,261246	-21,492264
1,063049	5,382156	-20,724915
1,154037	5,512634	-19,921661
1,052277	5,650299	-19,174667
0,806870	5,694595	-18,594070
0,442947	5,669449	-18,196640
0,105377	5,629944	-17,848282
-0,071793	5,436020	-17,194672
-0,269318	5,293564	-16,165161
-0,384247	5,236099	-14,857925
-0,405792	5,228928	-13,487244
-0,556625	5,293564	-12,314087
-0,635635	5,339050	-11,446182
-0,513535	5,248077	-10,713562
-0,472824	5,287582	-10,130569
-0,580566	5,497070	-9,603851
-0,569794	5,582062	-9,298584
-0,438110	5,489883	-9,158524
-0,208267	5,322296	-9,086700
0,027557	5,169067	-9,284225
0,197556	5,090057	-9,194443
0,195160	5,167862	-9,012482
0,079041	5,212158	-8,934662
-0,044266	5,190613	-8,768265
-0,144821	5,098434	-8,418716
-0,238190	5,026611	-7,899170
-0,404587	4,979919	-7,450256
-0,746964	4,793182	-6,802628
-0,981598	4,535797	-5,817413
-1,187500	4,276031	-4,695740
-1,185104	3,954010	-3,420822
-0,835556	3,564957	-2,208160
-0,260941	3,110046	-1,088867
0,476471	2,646774	0,032806
1,307266	2,233780	1,029999
2,059036	1,946472	1,463348
2,553436	1,845917	1,360397
3,001160	1,716629	0,783401
3,563797	1,302429	-0,169495
4,113266	0,669159	-1,310333
4,666321	0,027512	-2,153091
5,201431	-0,572235	-2,575668
5,749710	-1,194717	-2,509827
6,360229	-1,754959	-1,746078
7,054550	-2,285278	-0,687836
7,454376	-2,711456	0,478134
7,338257	-3,021500	1,964935
6,892929	-3,181915	3,728271
6,381775	-3,319580	5,600525
5,536621	-3,169937	7,852280
4,459229	-2,676727	10,816299
3,761322	-1,994385	14,504562
3,794830	-1,237823	18,178467
4,145584	-0,316055	21,611755
4,910538	0,839157	24,798431
6,464371	1,856689	27,139969
8,407272	2,936478	28,260452
10,014969	4,102448	27,959976
10,732040	5,380951	25,681900
10,575211	6,600800	21,696747
10,256790	7,564468	16,792221
10,289108	8,394058	11,724899
10,290314	9,094360	7,195068
9,698944	9,570801	3,654037
8,316284	9,716858	1,470535
6,330292	9,509750	0,918671
4,268890	9,074005	1,845230
2,454086	8,462296	4,126892
0,973267	7,809875	6,883820
-0,408188	7,243637	9,498291
-1,581345	6,800720	11,661453
-2,424103	6,454758	13,127899
-2,896957	6,188995	13,803070
-2,987930	5,895706	13,824615
-2,851471	5,549744	13,358948
-2,610855	5,294754	12,552094
-2,163132	5,072098	11,702148
-1,440079	4,775223	10,801926
-0,658371	4,465164	9,823898
-0,050247	4,201813	8,820724
0,266983	3,964783	7,829529
0,293320	3,833099	6,873047
0,314865	3,739731	5,833969
0,161636	3,742126	4,682358
-0,274109	3,871414	3,670807
-1,074966	4,161102	2,618546
-2,011108	4,539398	1,630951
-2,659927	4,753677	0,862411
-3,099274	4,788391	0,467361
-3,517059	4,706985	0,405106
-3,812744	4,582489	0,539185
-3,876190	4,428055	0,591858
-3,701416	4,208984	0,460175
-3,398544	4,005478	0,099854
-3,009491	3,925278	-0,323929
-1,926102	3,803177	0,261459
-0,284882	3,708603	1,109009
0,670410	4,114426	0,754669
1,035522	4,958374	0,139359
1,022354	5,828674	-0,623199
0,675186	6,521790	-1,515045
0,216705	6,733673	-2,005844
-0,335159	6,635513	-2,277588
-1,121658	6,449966	-2,485886
-2,015884	6,299133	-2,405685
-2,762878	6,185410	-2,185410
-3,245316	5,944794	-2,106400
-3,489517	5,717331	-2,284775
-3,609238	5,562912	-2,649887
-3,676270	5,458771	-3,101196
-3,824707	5,596436	-3,546524
-4,169479	5,979507	-3,943954
-4,615997	6,567276	-4,055283
-4,720139	6,961121	-3,846985
-4,174271	6,999435	-3,200562
-3,208206	6,878525	-2,540955
-2,458817	6,886902	-2,452362
-2,194260	7,121536	-2,613983
-2,307983	7,471085	-2,569687
-2,487549	7,752411	-2,372162
-2,628799	7,783539	-2,169846
-2,881393	7,603973	-1,995071
-3,317139	7,337021	-1,793961
-3,894135	7,089218	-1,608414
-4,484314	6,946762	-1,597641
-5,027802	6,999435	-1,755661
-5,535370	7,258011	-1,947189
-5,778381	7,546509	-2,124359
-5,701767	7,964294	-2,228516
-5,523392	8,585587	-2,059723
-5,212143	9,269135	-1,874161
-4,606415	9,779099	-1,615601
-3,824707	10,042465	-1,188232
-3,181870	10,217239	-0,843460
-2,695847	10,284271	-0,471161
-1,990753	10,164566	0,047180
-1,137222	9,995773	0,357224
-0,670349	9,909592	0,290192
-0,943283	10,018524	-0,126404
-1,796814	10,204071	-0,892548
-2,788025	10,202881	-1,895721
-3,749298	10,018524	-2,862976
-4,929626	9,841354	-3,799103
-6,494247	9,979019	-4,271957
-8,061249	10,342941	-4,014587
-8,950699	10,820572	-2,989868
-8,732819	11,155762	-1,309143
-7,732040	11,451447	0,451797
-6,477478	11,713623	1,800934
-5,092438	11,859665	2,944168
-3,508682	11,941071	3,812057
-1,750137	12,021271	4,284912
-0,233414	12,136200	4,147247
0,681183	12,459412	3,438568
1,084595	12,786224	2,278580
1,121704	12,971771	0,877960
0,780533	13,024445	-0,618408
0,197556	12,814941	-1,959167
-0,524307	12,489334	-3,096405
-1,418533	12,035629	-3,858963
-2,558182	11,635803	-4,121124
-3,987518	11,407166	-3,835022
-5,476715	11,338928	-2,962326
-6,837814	11,305405	-1,537781
-7,684158	11,343719	0,318924
-7,864929	11,384415	2,421036
-7,430374	11,438278	4,392654
-6,429596	11,540039	6,144012
-4,984695	11,686081	7,564972
-3,338684	11,924301	8,437653
-1,865051	12,152954	8,783615
-0,712250	12,458206	8,582504
0,207123	12,707214	8,055786
0,899048	12,777832	7,400970
1,318039	12,779037	6,443283
1,377884	12,751495	5,428146
1,171982	12,676086	4,471664
0,782928	12,425888	3,589401
0,213104	12,144577	2,938171
-0,451279	11,905151	2,725098
-1,010330	11,592712	2,823257
-1,606476	11,307800	3,112961
-2,225388	11,098312	3,549896
-2,747314	10,960632	4,039505
-2,934067	10,849304	4,616516
-2,905334	10,820572	5,148026
-2,638382	10,874451	5,519135
-2,249329	10,930710	5,735809
-1,893784	10,954651	5,810028
-1,493958	10,910355	5,881851
-1,041443	10,787064	5,830368
-0,582962	10,698471	5,850723
-0,241791	10,660172	5,782486
0,021576	10,597916	5,796860
0,050308	10,579956	5,716644
-0,177139	10,545242	5,606522
-0,429733	10,429123	5,403015
-0,697876	10,218445	5,057053
-0,987579	9,967041	4,745804
-1,242569	9,787476	4,529129
-1,429306	9,624680	4,432159
-1,492752	9,433136	4,319626
-1,517899	9,234421	4,284912
-1,601700	9,088379	4,365128
-1,768097	9,064438	4,446518
-1,878220	9,023727	4,634476
-1,866257	8,960281	4,822418
-1,659149	8,924377	5,015152
-1,382629	8,886063	5,131271
-1,083344	8,893250	5,126480
-0,855896	8,948318	4,986420
-0,689499	8,992599	4,662003
-0,570984	8,999786	4,453705
-0,501556	8,993805	4,294495
-0,487198	8,901627	4,162811
-0,491974	8,792694	4,011978
-0,508743	8,718475	3,879105
-0,511139	8,677765	3,747421
-0,584152	8,631088	3,632492
-0,654785	8,617920	3,479263
-0,701477	8,589188	3,444550
-0,746964	8,550873	3,426590
-0,803223	8,516159	3,445755
-0,928925	8,477859	3,490036
-1,100113	8,440735	3,557083
-1,235382	8,388077	3,658829
-1,280869	8,338989	3,745026
-1,232986	8,337799	3,880295
-1,158768	8,365326	4,146057
-1,058212	8,432358	4,404633
-0,968430	8,505386	4,684753
-0,865479	8,564041	5,005569
-0,846329	8,566437	5,262955
-0,858292	8,609528	5,471237
-0,909775	8,650238	5,644821
-0,997162	8,706497	5,611298
-1,073776	8,664597	5,357513
-1,171936	8,591583	5,031906
-1,303619	8,608337	4,644043
-1,450851	8,613129	4,377090
-1,533463	8,561646	4,083801
-1,458038	8,522141	3,656433
-1,381424	8,520950	3,353577
-1,351501	8,548477	3,140488
-1,419739	8,546082	3,047119
-1,428116	8,493408	2,999237
-1,441284	8,491028	2,970505
-1,413742	8,473068	3,114151
-1,259323	8,459900	3,408646
-1,074966	8,502991	3,645660
-0,975616	8,626297	3,856354
-0,958847	8,711288	4,149643
-0,865479	8,748398	4,484833
-0,837936	8,694534	4,694321
-0,841537	8,599960	4,848755
-0,808014	8,523346	4,991211
-0,790054	8,439545	5,158798
-0,797241	8,431168	5,213867
-0,902588	8,427582	5,119293
-1,066589	8,365326	4,985214
-1,216232	8,330612	4,861923
-1,365860	8,250397	4,683548
-1,464020	8,196533	4,591370
-1,545425	8,157028	4,535110
-1,620850	8,164215	4,521942
-1,681900	8,134277	4,541092
-1,733368	8,110336	4,555466
-1,782455	8,111542	4,543488
-1,734573	8,124710	4,549469
-1,642395	8,157028	4,584198
-1,504730	8,182175	4,641647
-1,368256	8,201324	4,702698
-1,194687	8,227661	4,712280
-1,037857	8,276733	4,699112
-0,924133	8,318634	4,691925
-0,858292	8,359344	4,624893
-0,787659	8,353348	4,663193
-0,724213	8,368912	4,762558
-0,712250	8,365326	4,790100
-0,787659	8,379684	4,806854
-0,882233	8,382080	4,809250
-1,009125	8,386871	4,760162
-1,216232	8,370117	4,792480
-1,317978	8,367722	4,889450
-1,314392	8,337799	4,982819
-1,313187	8,301880	4,998383
-1,298828	8,309067	4,962479
-1,217422	8,334198	4,931351
-1,146790	8,398849	4,861923
-1,102509	8,459900	4,787704
-1,023499	8,471863	4,697922
-0,930115	8,526932	4,645248
-0,841537	8,520950	4,575806
-0,690704	8,535309	4,495605
-0,520706	8,566437	4,505188
-0,353119	8,568832	4,584198
-0,264526	8,602356	4,620102
-0,301636	8,671783	4,670380
-0,343536	8,661011	4,636856
-0,392624	8,591583	4,616516
-0,411774	8,504196	4,604538
-0,497971	8,487427	4,644043
-0,647598	8,475464	4,580597
-0,839142	8,446732	4,563843
-1,003143	8,378494	4,615311
-1,109680	8,343781	4,688339
-1,150391	8,270752	4,797272
-1,197067	8,231247	4,890656
-1,211441	8,194138	4,937332
-1,248550	8,177383	4,961273
-1,272491	8,207306	4,963669
-1,270096	8,182175	4,928955
-1,268906	8,129501	4,958878
-1,149185	8,115128	5,011551
-0,948074	8,084000	5,089371
-0,808014	8,143860	5,013947
-0,760132	8,253998	4,895432
-0,768509	8,291107	4,757767
-0,781677	8,295898	4,695526
-0,847519	8,292297	4,705093
-0,904984	8,282730	4,724258
-0,951675	8,255188	4,836777
-0,908569	8,246811	4,864319
-0,918152	8,255188	4,899033
-1,003143	8,282730	4,741013
-1,122849	8,283920	4,572220
-1,152786	8,249207	4,535110
-1,149185	8,313843	4,501587
-1,144394	8,273148	4,535110
-1,161163	8,276733	4,585388
-1,167145	8,263565	4,646439
-1,232986	8,264771	4,695526
-1,295242	8,288712	4,760162
-1,218628	8,312653	4,840378
-1,108490	8,319839	4,919373
-0,999557	8,321030	4,928955
-0,883438	8,355743	4,970856
-0,782883	8,359344	4,913391
-0,760132	8,335403	4,859528
-0,751755	8,377289	4,845154
-0,761322	8,371307	4,924164
-0,779282	8,365326	4,999588
-0,751755	8,338989	4,997192
-0,778091	8,330612	5,011551
-0,815201	8,366516	4,955292
-0,900192	8,315048	4,967270
-0,956451	8,276733	4,924164
-1,019897	8,226456	4,808044
-1,092926	8,209702	4,707489
-1,136017	8,251602	4,671585
-1,120453	8,309067	4,638062
-1,011520	8,329407	4,646439
-0,896606	8,394058	4,683548
-0,788864	8,420395	4,708694
-0,727814	8,433563	4,720657
-0,655991	8,425186	4,677567
-0,621262	8,440735	4,614120
-0,561417	8,451523	4,737427
-0,503952	8,453903	4,872696
-0,460861	8,441940	5,007965
-0,383041	8,426376	5,097748
-0,332764	8,400040	5,086975
-0,398605	8,374908	5,023529
-0,517120	8,377289	4,949310
-0,702667	8,382080	4,918182
-0,865479	8,328217	4,946915
-0,982788	8,291107	4,968460
-1,095322	8,221680	5,041489
-1,195877	8,186951	5,120499
-1,294037	8,176178	5,102539
-1,304810	8,124710	5,066620
-1,285660	8,099564	5,042679
-1,193481	8,113937	5,033112
-1,085739	8,123505	5,048660
-0,902588	8,125900	5,088165
-0,756546	8,163010	5,085770
-0,678726	8,189346	5,122879
-0,579376	8,232452	5,128876
-0,495575	8,251602	5,199509
-0,398605	8,294693	5,210281
-0,354309	8,334198	5,207886
-0,354309	8,334198	5,279709
-0,406982	8,335403	5,248581
-0,471634	8,341385	5,137253
-0,555420	8,328217	5,076202
-0,675140	8,292297	4,930161
-0,800827	8,293503	4,845154
-0,870270	8,292297	4,885864
-0,955261	8,268356	4,919373
-1,031876	8,213287	4,955292
-1,070175	8,203720	4,960083
-1,188690	8,163010	4,909805
-1,327560	8,190552	4,828400
-1,320374	8,171402	4,764954
-1,282074	8,224060	4,774536
-1,198273	8,252792	4,810440
-1,082153	8,240829	4,799667
-0,964828	8,238434	4,756577
-0,836746	8,206116	4,641647
-0,684708	8,251602	4,541092
-0,581757	8,316238	4,495605
-0,444092	8,344971	4,514755
-0,341141	8,391663	4,493210
-0,300446	8,403625	4,517151
-0,304031	8,341385	4,490814
-0,373474	8,305466	4,483627
-0,520706	8,303070	4,505188
-0,622467	8,277939	4,630875
-0,706268	8,263565	4,778122
-0,786469	8,231247	4,937332
-0,866669	8,215683	5,110916
-0,955261	8,191742	5,237808
-1,049835	8,195343	5,240204
-1,126450	8,178574	5,306046
-1,182709	8,202515	5,326401
-1,235382	8,207306	5,383850
-1,247345	8,167801	5,380264
-1,187500	8,148651	5,307236
-1,121658	8,116333	5,212662
-0,961243	8,135483	5,035492
-0,829559	8,170197	4,846359
-0,712250	8,250397	4,761368
-0,622467	8,274353	4,781708
-0,587753	8,309067	4,724258
-0,572189	8,323425	4,685944
-0,542267	8,276733	4,614120
-0,550644	8,285126	4,618912
-0,600922	8,275543	4,752975
-0,621262	8,276733	4,893036
-0,647598	8,276733	5,098938
-0,699081	8,238434	5,191116
-0,804428	8,244415	5,285690
-0,903778	8,224060	5,319214
-1,024689	8,207306	5,248581
-1,103699	8,251602	5,256958
-1,120453	8,197723	5,221054
-1,125244	8,115128	5,119293
-1,181519	8,088791	4,962479
-1,215027	8,104355	4,895432
-1,206650	8,145065	4,855927
-1,161163	8,147446	4,782913
-1,063004	8,139069	4,709885
-0,870270	8,140274	4,684753
-0,690704	8,137878	4,718262
-0,539871	8,180969	4,727844
-0,471634	8,261185	4,732635
-0,500366	8,313843	4,724258
-0,485992	8,277939	4,725449
-0,505142	8,255188	4,809250
-0,578171	8,263565	4,918182
-0,676331	8,224060	5,040283
-0,767319	8,234848	5,127670
-0,792450	8,234848	5,175552
-0,817596	8,236038	5,162384
-0,848724	8,244415	5,170776
-0,857101	8,227661	5,064224
-0,864273	8,206116	4,900223
-0,853500	8,170197	4,831985
-0,901382	8,184570	4,785309
-0,925339	8,191742	4,818817
-0,949280	8,184570	4,823608
-0,962448	8,191742	4,867905
-0,979202	8,237228	4,931351
-0,912170	8,267166	4,980438
-0,810410	8,245621	5,028320
-0,681122	8,275543	5,100143
-0,520706	8,324631	5,187531
-0,436920	8,371307	5,186340
-0,381851	8,392853	5,128876
-0,380646	8,370117	5,040283
-0,402191	8,366516	4,940933
-0,458466	8,347366	4,883469
-0,597321	8,349762	4,915787
-0,688309	8,313843	4,982819
-0,720627	8,283920	5,040283
-0,754150	8,265961	5,064224
-0,829559	8,238434	5,088165
-0,859497	8,207306	5,084579
-0,888214	8,184570	5,098938
-0,940887	8,184570	5,083389
-0,962448	8,163010	5,047470
-0,980392	8,197723	5,040283
-1,018707	8,212097	5,061829
-0,970825	8,244415	4,982819
-0,919342	8,227661	4,905014
-0,843933	8,212097	4,760162
-0,768509	8,227661	4,673981
-0,736191	8,268356	4,602142
-0,706268	8,327011	4,489624
-0,570984	8,328217	4,513565
-0,470428	8,329407	4,562637
-0,481201	8,367722	4,596161
-0,499161	8,322235	4,659607
-0,506348	8,315048	4,681152
-0,579376	8,292297	4,811646
-0,688309	8,253998	4,930161
-0,810410	8,276733	5,016342
-0,925339	8,242020	5,127670
-0,976807	8,171402	5,227036
-1,028290	8,125900	5,285690
-1,076172	8,109146	5,304840
-1,115677	8,098373	5,210281
-1,119263	8,103165	5,116898
-1,112076	8,111542	4,998383
-1,057007	8,124710	4,967270
-0,979202	8,124710	4,922974
-0,914551	8,148651	4,867905
-0,831955	8,129501	4,847549
-0,730209	8,111542	4,804459
-0,644012	8,124710	4,719467
-0,542267	8,212097	4,660812
-0,487198	8,213287	4,620102
-0,491974	8,234848	4,707489
-0,430923	8,218079	4,792480
-0,409378	8,219284	4,899033
-0,475220	8,243225	4,991211
-0,559021	8,283920	4,980438
-0,666763	8,310257	5,028320
-0,769714	8,337799	5,057053
-0,849915	8,303070	5,098938
-0,914551	8,277939	5,169571
-1,001953	8,287506	5,186340
-1,021103	8,221680	5,160004
-1,034271	8,218079	5,084579
-1,119263	8,204910	4,951706
-1,103699	8,216888	4,893036
-1,106094	8,226456	4,845154
-1,071381	8,210892	4,870300
-0,979202	8,210892	4,824814
-0,881042	8,212097	4,797272
-0,816391	8,212097	4,706299
-0,772110	8,222870	4,677567
-0,696686	8,267166	4,738617
-0,636826	8,277939	4,796082
-0,542267	8,283920	4,823608
-0,465652	8,280334	4,873886
-0,468033	8,299484	4,932541
-0,422546	8,337799	4,995987
-0,432129	8,338989	5,041489
-0,472824	8,307861	5,094162
-0,500366	8,344971	5,124084
-0,548248	8,334198	5,152817
-0,581757	8,285126	5,176758
-0,611694	8,304276	5,186340
-0,679932	8,259979	5,091766
-0,782883	8,267166	5,017548
-0,852310	8,265961	4,950500
-0,919342	8,236038	4,860718
-0,988785	8,238434	4,806854
-0,962448	8,221680	4,772141
-0,915756	8,232452	4,776932
-0,816391	8,195343	4,791290
-0,744568	8,225266	4,815231
-0,660767	8,234848	4,839172
-0,584152	8,261185	4,855927
-0,584152	8,249207	4,878677
-0,541061	8,288712	4,968460
-0,537476	8,293503	5,011551
-0,562607	8,288712	5,065430
-0,645203	8,292297	5,079788
-0,712250	8,292297	5,142044
-0,772110	8,282730	5,152817
-0,828369	8,274353	5,126480
-0,825974	8,259979	5,120499
-0,778091	8,226456	5,138443
-0,723022	8,210892	5,162384
-0,644012	8,196533	5,088165
-0,653595	8,189346	4,973251
-0,683517	8,176178	4,821213
-0,762527	8,145065	4,786499
-0,800827	8,153442	4,815231
-0,863083	8,183365	4,861923
-0,926529	8,201324	4,943329
-0,887024	8,221680	5,013947
-0,793655	8,190552	5,069016
-0,733795	8,195343	5,069016
-0,697876	8,275543	5,046265
-0,664368	8,323425	5,025925
-0,658371	8,355743	4,960083
-0,664368	8,354553	4,963669
