0,229874	0,523117	9,374985
0,187973	0,544662	9,430054
0,099380	0,581772	9,365417
0,102982	0,596146	9,390549
0,112549	0,557831	9,404922
0,134109	0,507553	9,343857
0,158051	0,509949	9,257675
0,124527	0,539871	9,304367
0,187973	0,517136	9,465973
0,259796	0,464462	9,667084
0,318451	0,476425	9,746094
0,306488	0,555435	9,809540
0,357956	0,494385	9,917282
0,456116	0,446503	10,004669
0,441757	0,466858	10,033401
0,369934	0,500366	9,913681
0,311279	0,390244	9,746094
0,259796	0,378265	9,562927
0,261002	0,496780	9,493500
0,302887	0,486008	9,558151
0,389084	0,466858	9,619202
0,429779	0,531494	9,671875
0,416626	0,568604	9,659897
0,435776	0,581772	9,604828
0,441757	0,519531	9,538986
0,421402	0,458481	9,394150
0,416626	0,462067	9,337875
0,402252	0,563812	9,298370
0,430984	0,542267	9,369003
0,494431	0,476425	9,467163
0,502808	0,506363	9,512650
0,565063	0,470444	9,688629
0,594986	0,401016	9,852631
0,572235	0,424957	9,835876
0,478867	0,423752	9,837067
0,375916	0,435730	9,795166
0,281342	0,418976	9,719757
0,271774	0,399811	9,717361
0,250229	0,377075	9,771225
0,195160	0,367493	9,861008
0,238251	0,347137	9,989105
0,287338	0,338760	10,011841
0,401062	0,276520	10,130356
0,493240	0,277710	10,239288
0,451340	0,308838	10,157898
0,391479	0,339966	9,929245
0,362747	0,324402	9,718552
0,284943	0,342361	9,596451
0,249023	0,292084	9,627579
0,143677	0,278915	9,734116
0,146072	0,333969	9,835876
0,170013	0,312424	9,908890
0,141281	0,231018	9,924454
0,203537	0,183136	9,905304
0,253815	0,211868	9,966354
0,377121	0,185532	10,110016
0,511185	0,156799	10,294357
0,580627	0,175964	10,282394
0,632095	0,225037	10,104019
0,592590	0,211868	9,983109
0,579422	0,193909	9,905304
0,556686	0,220245	9,843048
0,471680	0,256165	9,728134
0,357956	0,250183	9,583282
0,328033	0,268127	9,487518
0,380707	0,253769	9,549759
0,505203	0,227432	9,698212
0,608154	0,229828	9,956787
0,714691	0,220245	10,142334
0,712296	0,253769	10,141129
0,714691	0,239410	10,108810
0,702728	0,262146	10,095642
0,665619	0,232224	10,044174
0,670410	0,252579	10,062119
0,584213	0,299255	10,121979
0,600967	0,292084	10,186630
0,738632	0,247787	10,366196
0,846375	0,324402	10,410477
0,924194	0,350739	10,341049
1,006790	0,337570	10,252457
1,094177	0,372284	10,159088
1,029541	0,369888	10,019028
1,006790	0,409393	9,861008
0,946930	0,456085	9,796371
0,888275	0,463257	9,785599
0,894257	0,451294	9,895721
0,937363	0,530304	10,017838
1,004395	0,547058	10,046570
1,071426	0,523117	10,021423
1,119324	0,518326	10,005859
1,108536	0,555435	10,046570
1,155228	0,478821	10,036987
1,230652	0,441711	10,129166
1,234238	0,490799	10,211761
1,204315	0,553040	10,195007
1,183960	0,570999	10,027405
1,211487	0,499176	9,878967
1,173187	0,499176	9,858612
1,130096	0,518326	9,814331
1,132492	0,505157	9,796371
1,104950	0,593750	9,750885
1,114532	0,609314	9,747284
1,207901	0,556641	9,700607
1,242615	0,512344	9,634766
1,267761	0,549454	9,619202
1,355148	0,544662	9,688629
1,429367	0,503967	9,729324
1,386276	0,554245	9,560547
1,289307	0,580582	9,370193
1,294098	0,484818	9,245697
1,227051	0,549454	9,260071
1,212692	0,670364	9,231339
1,237823	0,702682	9,045792
1,231842	0,669159	8,888962
1,273743	0,606918	8,884171
1,289307	0,580582	8,961990
1,222275	0,618881	9,103241
1,182770	0,629654	9,189438
1,128891	0,588959	9,480331
1,125305	0,444107	9,871780
1,092987	0,480026	10,026215
1,023544	0,592545	10,010651
0,955307	0,575790	9,852631
0,888275	0,549454	9,779602
0,829620	0,580582	9,825104
0,751801	0,620087	9,840668
0,737442	0,652405	9,725739
0,806870	0,685928	9,663483
0,906235	0,701492	9,780807
0,980453	0,689514	9,973541
1,066650	0,651215	10,076492
1,156433	0,667969	10,121979
1,250992	0,688324	10,056137
1,314438	0,684723	9,944809
1,237823	0,651215	9,926849
1,150436	0,689514	9,893341
1,191147	0,754150	9,923264
1,233047	0,766129	9,922058
1,277328	0,719437	9,883759
1,349167	0,720642	9,947205
1,349167	0,803238	9,999878
1,379089	0,852325	9,980728
1,403030	0,825989	9,916077
1,420990	0,808029	9,847839
1,370712	0,810425	9,767639
1,295288	0,870270	9,771225
1,270157	0,876266	9,884949
1,330002	0,873871	10,060928
1,458099	0,847534	10,175842
1,565842	0,818802	10,291962
1,631683	0,885834	10,321899
1,667587	0,906189	10,252457
1,702301	0,927734	10,179443
1,738220	0,938507	10,240494
1,770538	0,950485	10,247681
1,794479	0,854721	10,254852
1,788498	0,855911	10,259644
1,725052	0,982803	10,307526
1,738220	1,041458	10,391327
1,748993	1,060623	10,460754
1,729843	1,139618	10,414078
1,709488	1,193497	10,296753
1,745407	1,206665	10,192612
1,798065	1,174347	10,203384
1,862717	1,132446	10,232117
1,879471	1,159973	10,186630
1,863907	1,262924	10,083679
1,918976	1,321579	9,936432
1,988419	1,320389	9,814331
2,140442	1,254547	9,764053
2,256561	1,267715	9,787994
2,448105	1,043854	10,142334
2,634842	1,004349	10,634338
2,614502	1,315598	10,669052
2,603729	1,499954	10,415268
2,738998	1,547836	10,131561
2,901794	1,571777	9,874176
2,980804	1,584946	9,950790
2,934128	1,605301	10,130356
2,744980	1,674728	10,185425
2,489990	1,839935	10,115997
2,302048	1,933304	10,001068
2,275711	1,946472	10,062119
2,379868	1,947662	10,241684
2,517532	2,051819	10,274017
2,632446	2,051819	10,227325
2,667175	2,053009	10,112396
2,598938	2,134415	9,883759
2,503159	2,256516	9,601242
2,547455	2,310394	9,315140
2,592941	2,370239	9,111633
2,664780	2,461227	9,055359
2,709061	2,461227	9,110428
2,813217	2,463623	9,151138
2,874268	2,540237	9,249298
2,966446	2,561783	9,452805
3,051437	2,572556	9,653915
3,227417	2,604874	9,792770
3,149597	2,704239	9,741302
3,134033	2,656357	9,568924
3,075378	2,612061	9,650330
2,967636	2,680298	9,898117
2,746170	2,884995	9,977127
2,640839	2,965210	9,914886
2,688721	2,972382	9,604828
2,760544	3,044205	9,340271
2,870682	3,080124	9,210983
2,970032	3,099274	9,357025
3,122070	3,133987	9,541382
3,202271	3,130402	9,635956
3,266922	3,179489	9,756866
3,213043	3,264481	9,832275
3,199875	3,239334	9,865799
3,135239	3,281235	9,813126
3,001160	3,380600	9,772430
2,892227	3,418900	9,706589
2,917358	3,495514	9,776016
3,089752	3,588898	9,764053
3,177139	3,685852	9,544983
3,234589	3,690643	9,307953
3,324371	3,654739	9,191833
3,344727	3,713394	9,193024
3,317200	3,803177	9,250488
3,384232	3,799576	9,266052
3,403381	3,836685	9,264862
3,356705	3,860641	9,209793
3,330368	3,793594	9,032623
3,134033	3,798386	8,701019
2,806030	3,626007	8,404144
2,296066	3,460800	8,381393
1,632874	3,829514	9,114014
1,534714	4,633957	10,807922
2,482819	4,835068	11,933197
3,247757	4,517838	11,381332
3,409378	4,284409	9,995087
3,506332	4,337082	9,114014
3,786453	4,413696	9,015854
3,979187	4,485519	9,105637
3,775681	4,485519	9,014664
3,446487	4,519043	8,818344
3,256134	4,681839	8,726166
3,314804	4,851837	8,601669
3,339935	4,947601	8,559769
3,331558	4,987106	8,772842
3,414154	5,058929	9,097260
3,399796	5,105621	9,243301
3,198685	5,169067	9,175079
2,984406	5,312714	8,990723
2,871872	5,294754	8,781219
2,829971	5,257645	8,623215
2,754562	5,371368	8,566940
2,699493	5,494675	8,560959
2,693497	5,518616	8,428085
2,825180	5,467148	8,248520
3,185516	5,481506	7,977966
3,457260	5,583267	7,673904
3,664352	5,600021	7,519485
3,927719	5,598831	7,673904
4,344299	5,736496	7,768478
4,686676	5,882538	7,511108
4,744141	5,985489	6,701859
4,534653	5,943588	5,836365
4,181503	6,041748	5,629257
3,811600	6,223709	5,800446
3,409378	6,308701	6,245773
2,989182	6,279968	6,693481
2,701889	6,311096	7,100494
2,574997	6,459534	7,264496
2,515137	6,564880	7,254929
2,573792	6,556503	6,980789
2,576187	6,512207	6,606094
2,583374	6,596008	6,384628
2,573792	6,720505	6,402588
2,571396	6,734879	6,487579
2,618088	6,774384	6,312805
2,541473	6,834229	5,824387
2,311630	6,848602	5,423355
2,178757	6,938385	5,203094
2,092560	6,975494	5,246185
1,980026	6,989853	5,314423
2,020737	7,129913	5,304840
2,067413	7,195755	5,310837
2,138046	7,234070	5,158798
2,250580	7,289139	4,766144
2,305649	7,304688	4,477646
2,346344	7,249634	4,521942
2,335571	7,299911	4,851151
2,220642	7,387299	5,189926
2,059036	7,442368	5,100143
1,816025	7,433975	4,861923
1,561050	7,407639	4,779312
1,483231	7,430389	4,695526
1,462891	7,618332	4,685944
1,418594	7,684174	4,664398
1,370712	7,674591	4,770935
1,516754	7,659042	5,193512
1,720261	7,739243	5,297668
1,810043	7,825439	5,011551
1,729843	7,873322	4,662003
1,596954	7,862549	4,369904
1,517944	7,836212	4,301682
1,389862	7,898453	4,535110
1,113327	7,947540	4,517151
0,799698	8,002609	4,359131
0,498016	8,128296	4,276535
0,368729	8,146255	4,219070
0,354370	8,118729	4,215485
0,468094	8,091187	4,337585
0,685959	8,070831	4,603348
0,994812	8,093582	4,690735
1,176773	8,119919	4,247803
1,272552	8,155838	3,940155
1,343170	8,191742	3,996414
1,180374	8,321030	3,722275
0,851166	8,427582	3,267380
0,524353	8,450317	3,013596
0,202332	8,429962	3,087814
-0,028702	8,471863	3,393082
-0,222641	8,544891	3,604965
-0,180740	8,519745	3,886276
0,041931	8,463486	4,252594
0,148468	8,568832	4,324417
0,150864	8,695724	3,980850
0,076645	8,722061	3,438568
-0,021515	8,738815	3,018387
-0,074188	8,713684	2,850784
-0,196304	8,753189	2,862762
-0,511139	8,816635	2,965714
-0,822388	8,832199	2,968109
-0,970825	8,829803	2,981277
-0,979202	8,816635	3,117737
-0,858292	8,791489	3,241043
-0,792450	8,810654	3,225479
-0,904984	8,775925	2,901062
-1,007935	8,677765	2,625732
-1,006729	8,704102	2,673615
-1,028290	8,767548	2,861557
-0,958847	8,755585	2,902267
-0,890610	8,719666	2,808884
-0,837936	8,681366	2,607773
-0,829559	8,713684	2,394699
-0,836746	8,686142	2,205551
-0,928925	8,695724	2,033173
-1,130035	8,655029	1,824875
-1,345520	8,665802	1,713547
-1,480789	8,565247	1,697983
-1,540634	8,530518	1,919449
-1,440079	8,622696	2,150482
-1,351501	8,687347	2,333649
-1,285660	8,726852	2,191193
-1,247345	8,602356	1,899094
-1,304810	8,544891	1,820084
-1,471207	8,570023	2,000854
-1,538254	8,535309	2,386307
-1,547821	8,471863	2,842407
-1,647186	8,479050	3,239853
-1,898575	8,518555	3,412231
-2,130814	8,434753	3,460114
-2,456421	8,404831	3,336807
-2,740143	8,416794	3,164429
-2,999908	8,404831	2,992050
-3,093277	8,395248	2,886703
-3,039413	8,373703	2,715515
-2,997513	8,316238	2,316879
-3,175888	8,322235	1,694397
-3,518250	8,383286	1,109009
-3,748093	8,382080	0,834869
-3,859421	8,353348	0,743896
-4,072510	8,382080	0,709183
-4,349045	8,398849	0,686432
-4,420868	8,334198	0,723541
-4,384949	8,230057	0,913879
-4,265244	8,130692	1,113800
-4,159897	7,979858	1,263428
-4,110825	7,916412	1,416656
-3,949203	7,838608	1,495667
-3,851044	7,726074	1,634537
-3,833084	7,699738	1,906281
-3,766052	7,675797	1,993668
-3,718170	7,637482	1,713547
-3,804352	7,712906	1,387939
-3,924072	7,747620	1,247864
-4,065323	7,672211	1,404694
-4,177856	7,623123	1,544754
-4,419662	7,626709	1,580658
-4,618393	7,581223	1,526794
-4,808731	7,586014	1,522003
-4,847031	7,583618	1,721924
-4,778793	7,522568	1,754242
-4,762039	7,493835	1,555527
-4,793167	7,479477	1,284988
-4,922455	7,389694	1,159286
-5,057724	7,350189	1,170059
-5,164261	7,325043	1,258652
-5,279190	7,298706	1,428635
-5,353409	7,246033	1,545944
-5,507828	7,232864	1,602219
-5,615570	7,192169	1,675232
-5,627548	7,150269	1,626160
-5,558105	7,094009	1,537567
-5,542557	7,031754	1,499268
-5,480301	7,020981	1,331665
-5,440796	6,941971	1,038376
-5,510223	6,864166	0,852829
-5,604797	6,777969	0,870789
-5,728104	6,731277	1,003662
-5,874146	6,643890	1,273010
-6,129135	6,616364	1,434616
-6,206940	6,685791	1,381943
-6,002243	6,576859	1,428635
-5,878937	6,511017	1,360397
-5,906464	6,476303	0,814514
-5,980682	6,382919	0,310547
-6,066879	6,259628	0,172882
-6,075256	6,229691	0,341660
-6,036957	6,119568	0,520035
-5,987869	6,069290	0,588272
-6,103989	5,985489	0,367996
-6,263199	5,896896	0,117813
-6,405655	5,852615	0,117813
-6,495438	5,803528	0,300964
-6,538544	5,767609	0,467361
-6,580429	5,707764	0,529617
-6,708527	5,562912	0,423065
-6,855774	5,491089	0,312943
-6,993439	5,534180	0,432648
-6,976669	5,506653	0,785797
-6,861755	5,458771	1,031189
-6,882111	5,397705	0,909088
-7,029343	5,319901	0,624176
-7,173004	5,250473	0,470947
-7,236450	5,239700	0,441025
-7,167023	5,191818	0,432648
-7,180191	5,187027	0,376389
-7,206512	5,151108	0,344055
-7,290314	5,070908	0,247101
-7,308273	5,019424	0,181259
-7,217300	4,899719	0,101044
-7,151459	4,808731	-0,054581
-7,147858	4,766846	-0,183868
-7,232849	4,705795	-0,271255
-7,290314	4,629181	-0,292801
-7,345383	4,630371	-0,211395
-7,468689	4,647125	-0,084503
-7,603958	4,668671	-0,030640
-7,681763	4,631561	-0,144363
-7,732040	4,651917	-0,346664
-7,790710	4,610016	-0,355042
-7,773941	4,509460	-0,288010
-7,757187	4,478333	-0,340683
-7,657822	4,481934	-0,477158
-7,675781	4,489105	-0,571716
-7,684158	4,471161	-0,592072
-7,650650	4,474747	-0,568130
-7,641068	4,432846	-0,392151
-7,661423	4,392151	-0,128799
-7,682968	4,332291	-0,073730
-7,691345	4,303558	-0,122803
-7,667404	4,279617	-0,219772
-7,613541	4,212585	-0,280823
-7,596771	4,164703	-0,199417
-7,642258	4,189835	-0,137177
-7,772751	4,236526	-0,193436
-7,963089	4,283218	-0,232941
-8,104340	4,272430	-0,226959
-8,256378	4,197021	-0,124008
-8,376083	4,159912	-0,137177
-8,491013	4,282013	-0,225754
-8,580795	4,266449	-0,278427
-8,562836	4,170685	-0,333496
-8,495804	4,175476	-0,487930
-8,340179	4,199417	-0,592072
-8,245605	4,173080	-0,782410
-8,300674	4,144348	-1,051758
-8,348557	4,106033	-1,166687
-8,332993	4,094070	-1,169083
-8,415588	4,107239	-1,018234
-8,437134	4,037811	-0,750092
-8,531708	4,033020	-0,502289
-8,672974	3,983932	-0,335892
-8,663391	3,954010	-0,150345
-8,593964	3,965973	0,051971
-8,523331	3,906128	0,229141
-8,367706	3,799576	0,266251
-8,258774	3,754089	0,177658
-8,224060	3,763672	0,127380
-8,197723	3,793594	0,063934
-8,262360	3,774445	0,002884
-8,310242	3,758881	-0,078522
-8,316238	3,721771	-0,129990
-8,353348	3,678680	-0,129990
-8,488617	3,709793	-0,094086
-8,659805	3,799576	-0,144363
-8,712479	3,757690	-0,171890
-8,768738	3,726562	-0,173080
-8,789093	3,718185	-0,135971
-8,790283	3,746902	-0,225754
-8,738815	3,738525	-0,273651
-8,756760	3,703812	-0,284424
-8,749588	3,666702	-0,198227
-8,741196	3,713394	-0,180267
-8,644241	3,750504	-0,225754
-8,626282	3,737335	-0,203018
-8,596359	3,660721	-0,033020
-8,644241	3,646347	0,114212
-8,633469	3,706207	0,138153
-8,566422	3,670288	0,162094
-8,530518	3,612839	0,148926
-8,530518	3,667908	0,091476
-8,476639	3,706207	0,073517
-8,496994	3,710999	0,028030
-8,552063	3,726562	0,007675
-8,664581	3,756485	0,069931
-8,731628	3,784027	0,157318
-8,801056	3,805573	0,120209
-8,821411	3,815140	-0,073730
-8,901611	3,807968	-0,313141
-8,918381	3,818741	-0,504684
-8,937531	3,854645	-0,625595
-8,921967	3,853455	-0,695023
-8,883652	3,843872	-0,672272
-8,833374	3,866623	-0,701004
-8,809433	3,842682	-0,752487
-8,695709	3,863022	-0,708191
-8,605927	3,861832	-0,654327
-8,579590	3,829514	-0,621994
-8,540085	3,829514	-0,636368
-8,493408	3,831909	-0,722549
-8,491013	3,841476	-0,716568
-8,502975	3,873810	-0,575317
-8,473053	3,852249	-0,383774
-8,458694	3,865417	-0,238922
-8,461075	3,882187	-0,213791
-8,447906	3,854645	-0,207809
-8,476639	3,876190	-0,216187
-8,514954	3,882187	-0,188644
-8,489807	3,871414	-0,132385
-8,512558	3,925278	-0,283218
-8,556854	3,927673	-0,485535
-8,637054	3,900146	-0,569321
-8,724442	3,914505	-0,523834
-8,813034	3,927673	-0,468765
-8,889648	3,939636	-0,323929
-8,894424	3,920486	-0,137177
-8,824997	3,885773	-0,134781
-8,716064	3,879791	-0,170700
-8,623886	3,904922	-0,230545
-8,560440	3,867813	-0,377792
-8,589172	3,827118	-0,535812
-8,602341	3,835495	-0,588486
-8,501785	3,845078	-0,532211
-8,481430	3,885773	-0,457993
-8,447906	3,871414	-0,489120
-8,425171	3,831909	-0,471161
-8,428757	3,833099	-0,410110
-8,438339	3,822327	-0,286819
-8,456299	3,852249	-0,285614
-8,496994	3,847473	-0,364624
-8,574799	3,847473	-0,323929
-8,568817	3,835495	-0,157532
-8,512558	3,818741	-0,022247
-8,531708	3,825912	-0,022247
-8,580795	3,853455	-0,141968
-8,629868	3,823532	-0,169495
-8,610718	3,880981	-0,068939
-8,549667	3,879791	-0,103653
-8,486221	3,840286	-0,187454
-8,489807	3,864227	-0,237732
-8,471863	3,839081	-0,250900
-8,489807	3,863022	-0,232941
-8,514954	3,827118	-0,200623
-8,548477	3,792404	-0,149139
-8,571213	3,807968	-0,079712
-8,629868	3,817535	-0,034225
-8,704086	3,834305	-0,091690
-8,666977	3,852249	-0,103653
-8,599945	3,835495	-0,125198
-8,561646	3,825912	-0,097672
-8,475449	3,839081	-0,152740
-8,443130	3,863022	-0,368210
-8,455093	3,836685	-0,478348
-8,453903	3,898941	-0,489120
-8,510162	3,928864	-0,503494
-8,530518	3,913300	-0,547775
-8,535309	3,872604	-0,633972
-8,595154	3,848663	-0,697418
-8,644241	3,930069	-0,655518
-8,626282	3,968369	-0,515457
-8,651413	3,936050	-0,435257
-8,643036	3,827118	-0,411316
-8,643036	3,805573	-0,357437
-8,571213	3,829514	-0,325119
-8,558044	3,866623	-0,254486
-8,520935	3,866623	-0,232941
-8,532913	3,853455	-0,380188
-8,576004	3,855850	-0,474762
-8,558044	3,839081	-0,428070
-8,620300	3,857040	-0,390961
-8,716064	3,880981	-0,446030
-8,735214	3,916901	-0,418488
-8,726837	3,936050	-0,422089
-8,688538	3,921692	-0,399338
-8,731628	3,934860	-0,428070
-8,704086	3,930069	-0,412506
-8,686142	3,970764	-0,393356
-8,591568	3,975555	-0,246109
-8,481430	3,924088	-0,186249
-8,433548	3,914505	-0,186249
-8,367706	3,921692	-0,212585
-8,331787	3,944427	-0,218582
-8,282715	3,908524	-0,225754
-8,310242	3,894150	-0,228149
-8,344955	3,921692	-0,331100
-8,362915	3,985138	-0,417297
-8,359329	4,015060	-0,371811
-8,412003	4,041397	-0,422089
-8,447906	4,062943	-0,534607
-8,516144	4,067734	-0,647141
-8,558044	4,065338	-0,631577
-8,517349	4,067734	-0,625595
-8,458694	4,054565	-0,617218
-8,465866	4,054565	-0,528625
-8,514954	4,059357	-0,548981
-8,542480	4,094070	-0,520248
-8,578400	4,103653	-0,457993
-8,650223	4,098862	-0,437653
-8,701706	4,071320	-0,412506
-8,710083	4,043793	-0,373001
-8,787888	4,022247	-0,386169
-8,799866	4,003082	-0,352646
-8,816620	4,027039	-0,358643
-8,711273	4,016251	-0,479538
-8,535309	3,939636	-0,572922
-8,467072	3,907318	-0,592072
-8,361725	3,922882	-0,616013
-8,282715	3,955200	-0,692627
-8,242020	3,937256	-0,729736
-8,288696	3,934860	-0,734528
-8,429962	3,942032	-0,708191
-8,506577	3,906128	-0,611221
-8,580795	3,903732	-0,495102
-8,647827	3,907318	-0,387375
-8,704086	3,886978	-0,335892
-8,725647	3,891754	-0,295197
-8,728043	3,920486	-0,270050
-8,678955	3,910919	-0,297592
-8,579590	3,879791	-0,335892
-8,532913	3,842682	-0,381378
-8,570023	3,846268	-0,370605
-8,544876	3,819931	-0,419693
-8,574799	3,824722	-0,431656
-8,610718	3,817535	-0,405319
-8,651413	3,848663	-0,323929
-8,645432	3,788803	-0,313141
-8,623886	3,760071	-0,374207
-8,670578	3,813950	-0,387375
-8,626282	3,781631	-0,359833
-8,601135	3,773239	-0,346664
-8,655014	3,732544	-0,401733
-8,647827	3,755295	-0,490326
-8,632263	3,767258	-0,505875
-8,657410	3,781631	-0,485535
-8,635864	3,751694	-0,527435
-8,682541	3,762466	-0,534607
-8,693314	3,807968	-0,484329
-8,664581	3,830704	-0,550171
-8,591568	3,817535	-0,650726
-8,529312	3,830704	-0,662704
-8,444321	3,852249	-0,582489
-8,410797	3,834305	-0,560944
-8,482635	3,815140	-0,588486
-8,601135	3,794800	-0,598053
-8,625092	3,834305	-0,440048
-8,649033	3,839081	-0,274841
-8,675369	3,822327	-0,201813
-8,678955	3,836685	-0,255692
-8,615509	3,864227	-0,400543
-8,491013	3,877396	-0,450821
-8,394043	3,883377	-0,490326
-8,374893	3,916901	-0,645935
-8,319824	3,884583	-0,753677
-8,358124	3,883377	-0,800369
-8,425171	3,890564	-0,672272
-8,530518	3,938446	-0,526230
-8,633469	3,900146	-0,492706
-8,686142	3,860641	-0,423279
-8,705292	3,860641	-0,305969
-8,694519	3,859436	-0,252090
-8,722046	3,848663	-0,268860
-8,787888	3,879791	-0,339478
-8,817810	3,846268	-0,398148
-8,786697	3,866623	-0,443634
-8,741196	3,854645	-0,413712
-8,689728	3,849854	-0,383774
-8,640640	3,861832	-0,434052
-8,625092	3,921692	-0,526230
-8,610718	3,918091	-0,630386
-8,592758	3,839081	-0,660309
-8,559250	3,863022	-0,633972
-8,530518	3,871414	-0,523834
-8,555649	3,904922	-0,467575
-8,532913	3,904922	-0,509476
-8,487411	3,898941	-0,503494
-8,502975	3,920486	-0,523834
-8,517349	3,968369	-0,499893
-8,567627	3,987534	-0,419693
-8,572418	3,969574	-0,399338
-8,631073	3,938446	-0,393356
-8,655014	3,954010	-0,484329
-8,696915	3,945633	-0,531021
-8,682541	3,920486	-0,553772
-8,593964	3,892960	-0,519043
-8,520935	3,918091	-0,448425
-8,541290	3,901337	-0,472366
-8,597549	3,886978	-0,531021
-8,580795	3,876190	-0,525040
-8,554459	3,853455	-0,440048
-8,511353	3,818741	-0,419693
-8,502975	3,852249	-0,455597
-8,496994	3,817535	-0,475952
-8,537689	3,816345	-0,479538
-8,549667	3,824722	-0,497498
-8,601135	3,823532	-0,414902
-8,670578	3,798386	-0,334702
-8,704086	3,776840	-0,293991
-8,726837	3,764862	-0,192245
-8,725647	3,758881	-0,218582
-8,665787	3,743317	-0,274841
-8,610718	3,755295	-0,347870
-8,520935	3,764862	-0,384979
-8,512558	3,750504	-0,431656
-8,536499	3,776840	-0,453217
-8,535309	3,793594	-0,393356
-8,487411	3,816345	-0,302368
-8,462280	3,858246	-0,311951
-8,449112	3,799576	-0,352646
-8,404816	3,794800	-0,368210
-8,395248	3,818741	-0,353851
-8,462280	3,853455	-0,384979
-8,496994	3,859436	-0,502289
-8,548477	3,858246	-0,533417
-8,631073	3,865417	-0,466370
-8,740005	3,876190	-0,389755
-8,796265	3,851059	-0,432861
-8,769928	3,836685	-0,422089
-8,680145	3,861832	-0,252090
-8,615509	3,864227	-0,236526
-8,608322	3,821136	-0,390961
-8,549667	3,822327	-0,594467
-8,492203	3,805573	-0,599258
-8,439529	3,841476	-0,413712
-8,404816	3,846268	-0,264069
-8,455093	3,815140	-0,258087
-8,547272	3,804367	-0,290405
-8,576004	3,769653	-0,335892
-8,543686	3,800781	-0,278427
-8,534103	3,845078	-0,189850
-8,536499	3,860641	-0,258087
-8,568817	3,867813	-0,426880
-8,593964	3,846268	-0,525040
-8,598755	3,852249	-0,462784
-8,637054	3,892960	-0,370605
-8,693314	3,925278	-0,237732
-8,702896	3,898941	-0,250900
-8,702896	3,871414	-0,297592
-8,681351	3,858246	-0,355042
-8,598755	3,872604	-0,431656
-8,553253	3,841476	-0,428070
-8,573608	3,895355	-0,367020
-8,604736	3,892960	-0,411316
-8,564026	3,891754	-0,496307
-8,536499	3,902527	-0,472366
-8,488617	3,931259	-0,384979
-8,433548	3,896545	-0,356247
-8,456299	3,944427	-0,447220
-8,451508	3,952805	-0,516663
-8,480240	3,986328	-0,504684
-8,474243	4,021042	-0,478348
-8,519745	3,985138	-0,462784
-8,568817	3,997101	-0,534607
-8,547272	4,035416	-0,499893
-8,524521	4,019852	-0,511871
-8,467072	4,003082	-0,485535
-8,465866	4,001892	-0,465179
-8,428757	3,986328	-0,455597
-8,451508	3,967178	-0,481934
-8,508972	3,998306	-0,425674
-8,547272	4,041397	-0,390961
-8,528122	4,000702	-0,431656
-8,491013	3,946823	-0,514267
-8,462280	3,934860	-0,534607
-8,461075	3,993515	-0,602844
-8,471863	3,999496	-0,679459
-8,474243	3,967178	-0,730942
-8,502975	3,999496	-0,746506
-8,522141	4,034210	-0,780014
-8,524521	4,015060	-0,848251
-8,589172	3,979141	-0,862625
-8,607132	3,964783	-0,851837
-8,651413	3,955200	-0,763260
-8,660995	4,013870	-0,732132
-8,662201	4,016251	-0,651932
-8,668182	3,997101	-0,689041
-8,625092	3,965973	-0,765656
-8,653809	3,961197	-0,829102
-8,616699	3,925278	-0,715378
-8,554459	3,955200	-0,537003
-8,584381	3,981537	-0,501099
-8,646637	3,956406	-0,513062
-8,645432	3,901337	-0,568130
-8,644241	3,892960	-0,484329
-8,622696	3,919296	-0,350266
-8,610718	3,855850	-0,320328
-8,629868	3,848663	-0,420883
-8,593964	3,840286	-0,525040
-8,536499	3,871414	-0,552567
-8,511353	3,873810	-0,554962
-8,476639	3,843872	-0,528625
-8,489807	3,876190	-0,551376
-8,524521	3,875000	-0,605240
-8,572418	3,859436	-0,651932
-8,604736	3,840286	-0,636368
-8,604736	3,882187	-0,558548
-8,649033	3,952805	-0,513062
-8,650223	3,956406	-0,511871
-8,651413	3,945633	-0,533417
-8,664581	3,969574	-0,584885
-8,663391	3,949219	-0,576508
-8,641846	3,975555	-0,540604
-8,629868	4,061752	-0,440048
-8,637054	4,073715	-0,325119
-8,692123	4,061752	-0,326309
-8,653809	4,054565	-0,462784
-8,579590	4,118011	-0,582489
-8,452698	4,088089	-0,668686
-8,328201	4,078506	-0,711777
-8,228851	4,149139	-0,765656
-8,145050	4,197021	-0,886566
-8,123505	4,144348	-0,979935
-8,204895	4,187439	-1,019440
-8,239624	4,258072	-0,882965
-8,380875	4,303558	-0,774033
-8,455093	4,341873	-0,655518
-8,455093	4,337082	-0,565735
-8,493408	4,308350	-0,472366
-8,477844	4,340668	-0,424484
-8,420380	4,368210	-0,487930
-8,368912	4,353836	-0,550171
-8,354538	4,377777	-0,566940
-8,292297	4,474747	-0,630386
-8,264755	4,523834	-0,665100
-8,240814	4,463974	-0,707001
-8,196518	4,472351	-0,740509
-8,192932	4,526230	-0,705795
-8,190536	4,545380	-0,663895
-8,157013	4,548965	-0,701004
-8,200119	4,548965	-0,720169
-8,207291	4,667480	-0,746506
-8,198914	4,690231	-0,782410
-8,136673	4,714172	-0,723755
-8,072021	4,736908	-0,672272
-8,000198	4,736908	-0,671082
-7,942734	4,753677	-0,635162
-7,910416	4,746490	-0,586090
-7,929565	4,830292	-0,574112
-7,903229	4,825500	-0,557358
-7,886475	4,812332	-0,420883
-7,854156	4,866196	-0,308365
-7,885269	4,914078	-0,262863
-7,838593	4,935638	-0,303574
-7,796692	4,951187	-0,334702
-7,702118	4,902115	-0,328705
-7,692535	4,949997	-0,386169
-7,716492	5,051743	-0,487930
-7,697327	5,048157	-0,544189
-7,740433	5,054138	-0,655518
-7,682968	5,121185	-0,630386
-7,631485	5,136749	-0,522644
-7,615921	5,170258	-0,544189
-7,565643	5,178650	-0,620804
-7,536926	5,195404	-0,553772
-7,495026	5,215759	-0,496307
-7,490234	5,207367	-0,475952
-7,443542	5,209763	-0,375397
-7,425583	5,248077	-0,243713
-7,468689	5,311523	-0,163513
-7,451920	5,281586	-0,100067
-7,423203	5,238495	-0,077316
-7,420807	5,304337	-0,039017
-7,369324	5,318710	-0,024643
-7,342987	5,330673	-0,010284
-7,331024	5,346237	0,024429
-7,334610	5,376160	0,014862
-7,337006	5,398911	-0,004303
-7,371719	5,433624	-0,000702
-7,352570	5,473129	-0,013870
-7,381302	5,540161	-0,110840
-7,360947	5,559326	-0,158722
-7,329819	5,600021	-0,193436
-7,286728	5,616776	-0,170700
-7,255600	5,673050	-0,106049
-7,167023	5,764023	-0,058167
-7,038925	5,803528	-0,052185
-6,999420	5,862183	-0,234146
-6,941956	5,868179	-0,302368
-6,833023	5,905289	-0,295197
-6,786331	5,996262	-0,290405
-6,763596	6,034576	-0,323929
-6,757614	6,119568	-0,347870
-6,780350	6,186600	-0,424484
-6,783951	6,226105	-0,401733
-6,829437	6,276382	-0,399338
-6,843796	6,350601	-0,452011
-6,798309	6,391312	-0,471161
-6,776764	6,416443	-0,398148
-6,698944	6,432007	-0,362228
-6,628326	6,484680	-0,331100
-6,506210	6,586426	-0,347870
-6,414032	6,591217	-0,384979
-6,282364	6,578049	-0,290405
-6,163849	6,593613	-0,183868
-6,101593	6,679810	-0,159912
-6,082443	6,689377	-0,092880
-6,138702	6,672623	0,011261
-6,141098	6,748047	0,215973
-6,141098	6,782761	0,401520
-6,121948	6,787552	0,527222
-6,130325	6,807892	0,590668
-6,129135	6,837830	0,479340
-6,090820	6,898880	0,457779
-6,039352	6,998230	0,479340
-6,035751	7,034149	0,412292
-5,956741	7,055695	0,239914
-5,887314	7,076050	0,059143
-5,846619	7,085617	-0,030640
-5,799927	7,133514	-0,066544
-5,716125	7,179001	0,047180
-5,629944	7,180191	0,151321
-5,603607	7,169418	0,166885
-5,568893	7,175400	0,102249
-5,535370	7,169418	0,083099
-5,525787	7,137100	0,110626
-5,518600	7,173019	0,081894
-5,451569	7,219696	0,073517
-5,400101	7,211319	0,051971
-5,309113	7,210129	0,057953
-5,206161	7,217300	-0,006683
-5,115189	7,259201	-0,134781
-5,014633	7,211319	-0,194641
-4,912872	7,167023	-0,133591
-4,842239	7,165833	-0,021057
-4,739288	7,179001	0,104645
-4,588455	7,212524	0,200409
-4,548950	7,238846	0,267441
-4,588455	7,289139	0,346451
-4,601624	7,374130	0,470947
-4,683029	7,378922	0,688828
-4,751266	7,398071	0,882751
-4,793167	7,438766	0,982117
-4,772812	7,479477	1,079086
-4,742889	7,518982	1,131760
-4,683029	7,523758	1,235901
-4,592056	7,651855	1,135345
-4,449600	7,738037	0,906693
-4,414886	7,787125	0,733124
-4,353836	7,830215	0,617004
-4,311935	7,854156	0,537994
-4,295166	7,886490	0,585876
-4,280807	7,912827	0,706787
-4,228134	7,972672	0,798965
-4,267639	8,037323	0,852829
-4,256866	8,080414	0,855225
-4,147934	8,137878	0,757065
-4,076096	8,227661	0,778610
-4,006668	8,270752	0,871979
-3,882172	8,261185	0,977325
-3,746902	8,273148	1,020416
-3,670288	8,295898	0,930634
-3,542191	8,348572	0,759460
-3,423676	8,397644	0,650513
-3,339890	8,455109	0,585876
-3,272842	8,501801	0,488907
-3,230942	8,554474	0,432648
-3,163910	8,589188	0,384766
-3,029831	8,591583	0,394333
-2,930481	8,611923	0,449402
-2,887375	8,672974	0,503281
-2,895767	8,656219	0,584671
-2,924484	8,641861	0,646927
-2,935257	8,645447	0,745087
-2,894562	8,686142	0,937820
-2,865829	8,645447	1,211960
-2,803589	8,681366	1,414261
-2,753311	8,724457	1,587845
-2,655136	8,724457	1,632141
-2,456421	8,732834	1,680023
-2,327133	8,766357	1,706360
-2,194260	8,771149	1,749451
-2,126022	8,792694	1,687210
-2,084122	8,793884	1,612991
-2,078140	8,797485	1,496872
-2,099686	8,825012	1,575882
-2,049408	8,821426	1,760223
-2,047012	8,796280	1,920639
-2,058990	8,816635	1,931412
-2,070953	8,848953	1,893112
-2,038635	8,825012	1,851212
-1,971603	8,856140	1,800934
-1,896179	8,870499	1,739883
-1,796814	8,839371	1,755447
-1,763306	8,850143	1,747055
-1,693863	8,833389	1,747055
-1,641205	8,826202	1,786560
-1,574158	8,858536	1,842834
-1,544235	8,853745	1,863174
-1,531067	8,833389	1,767410
-1,515503	8,817825	1,750656
-1,477188	8,804657	1,842834
-1,459244	8,846558	2,036758
-1,440079	8,875290	2,121750
-1,435303	8,889648	2,130127
-1,365860	8,889648	2,057114
-1,185104	8,919586	1,955353
-1,016312	8,923172	1,761429
-0,791260	8,962677	1,528000
-0,699081	9,062042	1,332870
-0,672745	9,075211	1,274200
-0,689499	9,120697	1,311325
-0,701477	9,169769	1,446594
-0,496765	9,155411	1,554337
-0,271713	9,277512	1,771011
-0,312408	9,293076	1,759033
-0,372269	9,137451	1,395111
-0,494370	9,279907	1,612991
-0,594925	9,362503	2,020004
-0,731400	9,323013	2,373138
-0,869064	9,278717	2,579041
-0,940887	9,267944	2,731079
-0,831955	9,259552	2,840012
-0,666763	9,200897	2,990845
-0,383041	9,162598	3,279358
-0,104126	9,136261	3,178802
0,017990	9,151825	2,734665
0,019180	9,123093	2,359985
-0,028702	9,097946	2,194778
-0,140030	9,083588	2,186401
-0,227417	9,035706	2,207947
-0,316010	9,081192	2,310898
-0,353119	9,091965	2,413849
-0,245377	9,034500	2,513214
-0,093353	9,020142	2,480881
0,016785	9,044083	2,236679
0,051498	9,085983	2,030777
0,108963	9,045273	1,962540
0,232269	8,993805	2,089432
0,335220	8,961487	2,353989
0,519562	8,943527	2,630524
0,738632	8,911209	2,829239
0,942139	8,921982	2,915436
1,072632	8,943527	3,001617
1,241425	8,887268	3,178802
1,265366	8,854935	3,318863
1,218674	8,848953	3,595383
1,216278	8,835785	3,876709
1,198318	8,864517	3,944946
1,108536	8,878876	3,791718
1,154037	8,790298	3,496033
1,139664	8,793884	3,357162
1,075027	8,841766	3,272171
0,969681	8,914795	3,121338
0,939758	8,932755	3,027954
0,986435	8,936340	2,853180
1,031921	8,948318	2,660446
1,137268	8,933945	2,515594
1,282120	8,877686	2,480881
1,531113	8,792694	2,638901
1,714279	8,737625	2,945358
1,909409	8,728043	3,160843
1,970459	8,719666	3,164429
1,997986	8,680161	3,257797
1,995590	8,599960	3,275757
1,880676	8,561646	3,393082
1,757370	8,547287	3,552292
1,732239	8,453903	3,530746
1,642456	8,455109	3,513977
1,667587	8,446732	3,590591
1,863907	8,344971	3,663620
2,085373	8,299484	3,753403
2,170364	8,219284	3,790512
2,276917	8,155838	3,822830
2,381058	8,054077	3,983246
2,455276	7,978668	4,312454
2,473236	7,994217	4,872696
2,495987	7,988235	5,405396
2,484009	7,982254	5,672363
2,430145	7,967880	5,650803
2,428940	7,937958	5,442520
2,355927	7,982254	5,171967
2,320007	7,951126	4,954102
2,315216	7,936768	4,830795
2,327194	7,849380	4,786499
2,311630	7,845779	4,837982
2,310425	7,805084	5,040283
2,432541	7,727264	5,254562
2,577393	7,697342	5,369492
2,682724	7,667419	5,388641
2,761734	7,617142	5,339569
2,857513	7,533340	5,298859
2,952072	7,457916	5,346741
2,853912	7,468689	5,339569
2,767731	7,378922	5,428146
2,806030	7,274765	5,764526
2,887436	7,228073	6,171555
2,928131	7,222092	6,360687
2,953278	7,176605	6,450470
3,022705	7,155060	6,625244
3,053833	7,187378	6,851501
3,081360	7,170624	6,959244
2,985596	7,174210	6,804810
2,846741	7,176605	6,669540
2,712662	7,153854	6,523499
2,646820	7,091614	6,357101
2,541473	7,076050	6,369064
2,425354	7,085617	6,363083
2,434937	7,047318	6,173935
2,632446	6,975494	6,044647
2,849121	6,976685	5,893814
2,985596	6,979080	5,745377
3,003555	6,940781	5,525116
2,932922	6,883316	5,505966
2,814407	6,886902	5,721436
2,662384	6,847397	5,947693
2,648010	6,675018	6,312805
2,809616	6,555313	6,750946
3,039459	6,488266	7,242950
3,256134	6,420029	7,574554
3,429718	6,331451	7,659546
3,547043	6,303925	7,623627
3,551819	6,273987	7,756516
3,624847	6,216522	8,003113
3,635620	6,233292	8,001907
3,433319	6,303925	7,792419
3,197479	6,344620	7,555389
3,168747	6,355392	7,312378
3,201080	6,302719	7,035858
3,429718	6,193787	6,995148
3,645203	6,129135	7,007126
3,718216	6,129135	7,002335
3,766113	6,102798	7,027481
3,767303	6,142303	7,013107
3,683502	6,105194	6,961639
3,532669	6,057312	6,922134
3,411758	6,032181	6,869461
3,333954	5,974716	6,920929
3,165161	5,916061	7,064590
3,069397	5,838242	7,210632
3,156784	5,667053	7,293228
3,287262	5,494675	7,306396
3,357895	5,437210	7,398575
3,426132	5,380951	7,537445
3,421341	5,335464	7,588913
3,324371	5,252869	7,547012
3,204666	5,128357	7,586517
3,111298	5,066116	7,641586
2,961655	4,918869	7,734955
2,961655	4,835068	8,016281
2,946091	4,848236	8,401749
2,955673	4,844650	8,589691
3,142410	4,716568	8,697433
3,266922	4,675858	8,727356
3,319595	4,666290	8,600464
3,390213	4,568115	8,548996
3,294449	4,557343	8,638779
3,227417	4,631561	8,586105
3,165161	4,587280	8,430481
3,107697	4,507065	8,442444
3,132843	4,504669	8,614822
3,227417	4,502274	8,662720
3,270508	4,441223	8,459213
3,324371	4,345459	8,212601
3,416550	4,335876	8,157532
3,515915	4,309540	8,338303
3,626053	4,250885	8,562164
3,664352	4,270050	8,593277
3,615265	4,250885	8,546600
3,468033	4,197021	8,564545
3,270508	4,194626	8,594482
3,160370	4,151535	8,581314
3,051437	4,089279	8,481949
2,949677	4,064148	8,305984
2,857513	4,000702	8,109650
2,782089	3,940842	8,259293
2,753357	3,904922	8,674683
2,721039	3,822327	9,042191
2,716248	3,714584	9,178665
2,925735	3,626007	9,325912
3,280090	3,502701	9,380981
3,440491	3,537415	9,469559
3,441696	3,563751	9,561737
3,402191	3,529037	9,464767
3,310013	3,470383	9,191833
3,165161	3,539810	8,972763
3,009537	3,563751	8,892563
2,901794	3,485947	8,802780
2,850327	3,515869	8,732147
2,853912	3,572128	8,627991
2,876663	3,526642	8,459213
2,894623	3,479950	8,205414
2,850327	3,435669	8,065353
2,813217	3,339890	8,023468
2,796448	3,234558	8,152756
2,764130	3,148361	8,347870
2,810822	3,020264	8,599274
2,852722	2,887390	8,954803
2,814407	2,887390	9,497086
2,798843	2,871826	10,060928
2,926941	2,798813	10,256058
2,938904	2,796417	10,181839
2,889832	2,746140	10,144730
2,800049	2,766479	10,189011
2,740189	2,831131	10,259644
2,724625	2,880203	10,270416
2,630051	2,910141	9,963959
2,728226	2,598892	9,403717
2,545059	2,549805	8,289215
1,720261	3,008301	7,089722
1,503586	2,791626	6,931702
1,914185	2,327148	7,671509
2,191925	2,376236	8,571732
2,240997	2,504318	9,408508
2,150024	2,354675	10,089661
1,901016	2,154770	10,246475
1,596954	2,038651	10,173462
1,358734	2,054214	10,217743
1,174377	2,017105	10,192612
1,054672	1,951263	10,063324
1,075027	1,833939	9,977127
1,183960	1,786057	10,075287
1,466476	1,672333	10,241684
1,746597	1,594528	10,093246
1,820816	1,533478	9,748489
1,859131	1,448471	9,469559
1,899826	1,349121	9,546173
1,873489	1,268906	9,900513
1,851944	1,203064	10,364990
1,667587	1,161179	10,734894
1,369507	1,107300	11,004242
1,003204	1,120468	11,084442
0,641678	1,063004	11,123947
0,325638	1,028290	11,100006
-0,059830	1,012726	10,980301
-0,154404	0,916962	11,012619
-0,008347	0,882248	11,072479
0,123322	0,835556	11,084442
0,277756	0,743378	10,897705
0,597382	0,660782	10,885727
1,031921	0,642822	11,196976
1,343170	0,648819	11,460342
1,594559	0,559036	11,467514
1,792084	0,505157	11,331055
1,927353	0,590149	11,147888
2,013550	0,718246	10,938400
1,958481	0,793655	10,671448
1,838776	0,773315	10,320694
1,607727	0,875061	9,967560
1,383881	0,976822	9,623993
1,393448	0,986389	9,504272
1,519150	1,074982	9,477936
1,720261	1,144409	9,341476
1,902222	1,106110	9,145142
2,000381	1,025894	8,923676
1,934540	1,053436	8,703415
1,774124	1,088150	8,669891
1,649628	1,024704	8,912903
1,617310	0,986389	9,327103
1,652023	1,009140	9,623993
1,661606	1,017517	9,718552
1,577805	1,011536	9,767639
1,435349	0,980408	9,920868
1,347961	0,933716	10,144730
1,246216	0,909775	10,278793
1,081009	0,866684	10,169861
1,067841	0,809219	10,048950
1,125305	0,808029	10,160294
1,163605	0,798447	10,198593
1,183960	0,797256	10,137543
1,240219	0,790070	10,039383
1,306061	0,785278	9,968750
1,430557	0,778107	9,888550
1,508377	0,774506	9,730530
1,489227	0,762543	9,567719
1,395844	0,697891	9,456390
1,315643	0,689514	9,521042
1,215088	0,694305	9,610825
1,134872	0,622482	9,677856
0,872711	0,623672	9,724548
0,638077	0,600922	9,861008
0,493240	0,573395	10,003464
0,348389	0,578186	9,963959
0,237061	0,533890	10,019028
0,213104	0,451294	10,214157
0,216705	0,396225	10,387741
0,261002	0,379471	10,469131
0,193954	0,308838	10,458359
0,300507	0,199905	10,616379
0,688354	0,120895	10,876160
0,919403	0,163986	10,871368
0,852356	0,252579	10,605606
0,665619	0,258560	10,264435
0,475281	0,242996	10,031006
0,415421	0,271729	9,989105
0,462112	0,323196	9,941223
0,523163	0,316025	9,787994
0,593796	0,277710	9,671875
0,646469	0,281296	9,640747
0,681183	0,275314	9,695816
0,612946	0,288483	9,665878
0,482452	0,238205	9,596451
0,318451	0,269333	9,639542
0,128113	0,298065	9,839462
0,075439	0,247787	10,125565
0,132904	0,246582	10,297958
0,240646	0,202301	10,411682
0,238251	0,215469	10,285980
0,181992	0,217850	10,127960
0,172409	0,226242	9,954391
0,198746	0,283691	9,912491
0,332825	0,274124	9,894531
0,585403	0,240601	9,786789
0,706314	0,195114	9,609619
0,787720	0,197510	9,444427
0,902649	0,225037	9,373795
1,162415	0,275314	9,358231
1,297684	0,345947	9,056564
1,282120	0,333969	8,465195
1,241425	0,208282	8,100082
1,118118	0,215469	8,236542
1,039108	0,247787	8,707001
1,029541	0,222641	9,143951
0,861938	0,205887	9,345062
0,675186	0,123291	9,612015
0,527954	0,077789	9,965164
0,555481	0,025116	10,315903
0,586609	0,003571	10,481110
0,608154	0,044281	10,520615
0,629700	0,064621	10,332672
0,531540	0,002380	10,090851
0,399857	-0,002411	9,914886
0,306488	0,052658	9,858612
0,289719	0,046677	9,956787
0,348389	0,044281	10,044174
0,470490	0,061035	10,093246
0,478867	0,029907	10,032196
0,404648	-0,022766	10,022614
0,384293	-0,011993	10,124374
0,436966	-0,049103	10,254852
0,525558	-0,067047	10,206970
0,519562	-0,003601	10,048950
0,477676	0,020340	9,934036
0,438171	0,039490	9,882553
0,363953	0,031113	9,890945
0,344788	0,046677	9,872986
0,344788	0,068222	9,816727
0,428589	0,041885	9,845444
0,521957	0,034698	9,978333
0,548294	0,082581	10,001068
0,609344	0,102936	9,992691
0,600967	0,132858	9,771225
0,488449	0,173569	9,558151
0,393875	0,215469	9,385757
0,354370	0,275314	9,306747
0,366333	0,333969	9,228943
0,416626	0,347137	9,080505
0,457321	0,305252	9,033813
0,381897	0,269333	8,954803
0,372330	0,223846	8,910507
