0,101776	1,365875	9,840668
0,174805	1,340744	9,857422
0,261002	1,356293	9,748489
0,282547	1,443695	9,761658
0,299301	1,555023	9,821503
0,271774	1,571777	9,798767
0,154449	1,651978	9,784393
-0,124466	1,703461	9,807144
-0,429733	1,726196	9,742493
-0,675140	1,752533	9,767639
-0,885834	1,812393	9,941223
-1,024689	1,845917	10,123184
-1,268906	2,035049	10,367386
-1,291641	2,002731	10,530197
-1,592117	2,249344	10,780380
-1,854279	2,552200	11,101212
-1,972794	2,890976	11,323868
-1,836319	3,147156	11,678207
-1,581345	3,311172	11,906860
-1,443680	3,511078	12,133102
-1,189896	3,517059	12,376114
-0,817596	3,471573	12,525757
-0,518311	3,544601	12,869324
-0,208267	3,745712	13,386475
0,480072	3,776840	13,991013
0,924194	3,988724	14,790680
0,920593	4,513062	15,329361
1,127701	4,747681	15,547241
1,399445	4,959579	16,514496
1,683151	5,140335	17,352463
1,625687	5,352219	17,597870
1,437744	5,525803	17,481750
1,223465	5,571289	17,488937
0,932571	5,406097	17,603867
0,742233	5,239700	17,760681
0,796097	5,452774	18,024048
0,815247	5,747269	18,537598
0,707520	5,979507	18,876373
0,603363	6,149490	19,297760
0,707520	6,337433	19,549149
0,843979	6,394897	19,296555
0,166428	6,566086	17,573929
-1,426910	7,575241	16,847290
-2,499512	8,638260	17,443451
-1,394592	8,055283	17,450638
-0,471634	7,296310	18,429855
-0,189117	6,697769	19,538376
0,548294	6,060913	20,540344
1,176773	6,014221	21,574646
1,488022	6,056122	21,973282
1,737015	5,877747	21,611755
1,769348	5,556931	21,328033
1,860321	4,963165	21,014404
1,719070	4,699799	20,530777
1,398239	4,726135	20,031586
1,501190	4,495102	19,454575
1,842361	4,127594	18,585480
2,173965	3,773239	17,782227
2,561829	3,386581	16,733566
2,920959	3,143570	15,652588
3,210648	2,907745	14,600327
3,287262	2,633606	13,452316
3,035873	2,493546	12,218109
2,925735	2,143997	10,788773
3,313599	1,616074	9,671875
3,568588	1,229401	8,984741
3,312408	1,175537	8,491531
2,707870	1,375458	8,041412
2,199097	1,650787	7,481171
1,936935	1,875839	6,716232
1,634064	2,012314	5,842346
1,977631	1,634033	4,758972
2,343948	1,317993	3,920990
2,748566	0,706268	2,940567
2,673157	0,548264	2,095413
2,153610	0,970840	1,903885
2,054245	0,980408	1,926620
2,110519	0,683533	2,035568
1,091782	1,152786	1,671646
-0,360306	2,023087	1,657272
-1,054611	2,306793	1,668060
-0,304031	1,107300	1,046753
0,125717	0,307632	0,432648
0,304092	-0,005997	0,236328
0,345993	-0,092194	0,091476
0,074249	-0,007202	-0,327515
-1,158768	0,836761	-0,947617
-1,127640	0,634445	-1,407303
-0,602112	0,172363	-1,521027
-0,454865	-0,059875	-1,714951
-0,649994	-0,118530	-2,409271
-0,961243	-0,199936	-3,010223
-1,242569	-0,180771	-3,145493
-1,716614	0,227432	-2,834244
-1,385025	-0,283722	-3,111969
-1,401779	-0,519562	-3,360962
-1,499939	-0,459702	-2,985077
-1,827942	0,126877	-2,702560
-1,155182	-0,544693	-3,466309
-1,414948	-0,420197	-4,522156
-1,941666	-0,003601	-4,877701
-1,910553	0,104126	-4,877701
-1,922516	0,132858	-4,736435
-1,662750	-0,318451	-5,235626
-1,914139	-0,253799	-5,578003
-2,042221	-0,057480	-5,428360
-2,070953	0,120895	-5,478638
-1,707031	-0,063461	-5,323013
-1,454453	-0,067047	-4,828613
-1,826752	0,514740	-4,322235
-1,653168	0,618881	-3,730865
-1,200668	0,433334	-3,436386
-0,895401	0,362701	-2,933609
-1,065399	0,786484	-2,198578
-1,258133	1,294052	-1,476730
-0,756546	0,945694	-1,207382
-0,762527	0,942108	-0,888947
-1,068985	1,046249	-0,930847
-1,200668	0,993576	-1,456375
-1,526276	1,298843	-1,734100
-1,400574	1,250961	-1,275620
-1,444870	1,458054	-0,633972
-1,956039	1,871048	-0,540604
-2,169113	2,266098	-0,894943
-1,707031	2,091324	-0,994293
-1,760910	2,324753	-0,538208
-1,586136	2,129623	-0,643555
-1,402969	1,944077	-1,777206
-1,590927	2,173920	-1,859802
-1,333542	2,245743	-1,232529
-1,874634	2,802399	-0,973953
-2,321152	3,344681	-1,215759
-1,893784	3,338699	-1,522217
-1,562195	3,582901	-0,806351
-0,300446	2,585724	-0,480743
0,535126	1,856689	-0,941620
-0,871460	3,475174	-1,651505
-1,357483	4,410110	-1,382156
-0,568588	4,219772	-1,007462
0,690750	3,408127	-1,281601
0,577026	3,949219	-1,826279
0,385498	4,382568	-1,787979
0,650055	4,722549	-1,817902
0,713501	5,055344	-1,512650
0,567459	5,504257	-0,882965
0,428589	6,044144	-0,333496
1,016373	5,430038	-0,375397
1,173187	5,485107	-0,698608
1,250992	5,874161	-0,716568
1,301270	6,354202	-0,375397
1,820816	6,009430	0,001694
1,752579	6,030975	-0,361038
0,513580	7,341797	-0,747696
1,331207	7,420807	-0,102463
2,257767	7,186188	0,363220
2,583374	7,213715	0,312943
2,919754	7,322647	0,474548
3,311203	7,739243	0,734314
3,555420	8,178574	0,643341
3,933701	8,451523	0,997681
4,274872	8,801071	1,668060
4,957214	9,121887	2,255829
5,928070	9,348145	2,465317
6,706192	9,696503	2,502426
7,126373	10,128662	2,369553
7,405289	10,466232	1,672836
7,801529	10,649399	1,080276
8,149887	10,844528	0,658905
8,444382	11,137817	0,488907
8,780762	11,499329	0,174072
9,290726	11,688477	0,177658
9,750412	11,587921	-0,455597
10,061661	11,824951	-0,868607
10,560852	12,217590	-0,787201
11,125885	12,662918	-0,704605
11,555649	13,093872	-0,991898
12,091949	13,227951	-1,485107
12,749146	13,096268	-1,437225
13,425507	13,316528	-0,935638
14,204819	13,867203	-0,695023
14,577118	14,713547	-0,511871
15,439041	14,829666	-0,566940
16,801331	14,608200	-1,685028
17,161667	15,273788	-2,206955
17,541153	15,838821	-1,783188
17,790146	16,541519	-1,147522
18,314468	16,765381	-0,308365
20,275330	15,677216	-1,282806
20,276520	16,193161	-2,222519
19,784515	17,025146	-1,741287
19,586990	17,676376	-0,830292
19,926971	17,363937	-0,132385
20,748184	16,537933	-0,554962
20,494400	16,740250	-1,264847
20,128082	16,737854	-1,340256
19,583405	16,626511	-1,358215
19,322433	15,923813	-2,020218
18,893875	15,462936	-2,682205
18,230682	15,448578	-2,744461
17,439392	15,453354	-2,263229
16,865982	15,215134	-1,633545
16,306931	14,933823	-1,142746
15,647339	14,719543	-0,769241
14,991318	14,484909	-0,362228
14,429886	14,170074	0,018448
13,939072	13,865997	0,292587
13,473404	13,444626	0,463776
13,105881	12,937057	0,664886
12,782669	12,497711	0,996475
12,530075	12,108658	1,429825
12,285873	11,706436	1,972122
12,114685	11,203644	2,472504
11,919556	10,767914	3,059082
11,632263	10,444687	3,600174
11,315018	10,031693	3,803680
11,148621	9,555237	3,948532
11,034897	9,065628	4,080215
10,704498	8,651428	4,046692
10,167007	8,274353	3,815659
9,551697	8,027740	3,450531
8,919632	7,791916	3,068665
7,917648	8,161819	3,448135
8,014618	7,140686	3,267380
7,631546	6,391312	2,565872
6,600845	6,715714	2,725098
5,984329	6,721710	2,731079
5,371414	6,426025	2,799316
4,849487	5,963943	2,802902
4,328751	5,747269	2,763397
3,873840	5,716141	2,944168
3,442886	5,607208	3,314072
3,094528	5,333069	3,563065
2,894623	5,069702	3,861145
2,652802	4,993088	4,180771
2,300858	4,985916	4,270554
1,982422	4,874573	4,226257
1,701111	4,796768	4,093384
1,400635	4,733322	3,964096
0,911026	4,732117	3,760590
0,441757	4,703400	3,523560
0,077835	4,629181	3,497223
-0,301636	4,552551	3,529541
-0,549438	4,466370	3,492432
-1,054611	4,463974	3,328430
-1,555008	4,474747	3,072250
-1,800415	4,455597	2,872330
-2,166733	4,419678	2,642487
-2,709015	4,345459	2,173233
-3,044205	4,240112	1,796143
-3,295593	4,192230	1,535172
-3,511063	4,161102	1,223923
-3,736130	4,061752	0,942612
-4,117996	4,047379	0,493698
-4,425659	4,265259	0,124985
-4,610001	4,435242	-0,067749
-4,760849	4,412491	-0,302368
-4,984695	4,382568	-0,717773
-5,139130	4,388550	-1,042175
-5,244476	4,375381	-1,366592
-5,397705	4,304764	-1,737701
-5,606003	4,171875	-2,228516
-5,796341	4,024643	-2,479904
-5,995056	3,912109	-2,622360
-6,180603	3,817535	-2,771988
-6,315872	3,708603	-3,104782
-6,475098	3,637970	-3,545319
-6,599594	3,478760	-4,125916
-6,733658	3,300385	-4,693344
-6,904846	3,189056	-5,232040
-7,133499	3,220184	-5,666580
-7,328629	3,178284	-6,274704
-7,410034	3,019073	-6,917557
-7,405243	2,914932	-7,224014
-7,570435	3,019073	-7,414352
-7,831406	3,112442	-7,546036
-7,919998	3,084915	-7,619049
-7,964279	3,013092	-7,541245
-7,985840	2,929291	-7,416748
-8,085190	2,871826	-7,190491
-8,111526	2,801193	-6,896011
-8,216873	2,731766	-6,764328
-8,403625	2,693466	-6,777496
-8,463470	2,554596	-6,718842
-8,577194	2,483963	-6,500961
-8,677750	2,516296	-6,333374
-8,717255	2,612061	-6,280701
-8,692123	2,651566	-6,211258
-8,676559	2,768875	-6,123871
-8,681351	2,893372	-6,093948
-8,632263	3,003510	-6,085571
-8,586777	3,105270	-6,116699
-8,623886	3,271667	-6,132248
-8,728043	3,545792	-6,052048
-8,672974	3,790009	-5,892838
-8,528122	4,001892	-5,692917
-8,428757	4,236526	-5,549271
-8,346161	4,487915	-5,336182
-8,190536	4,788391	-4,860931
-7,958298	5,067307	-4,267166
-7,801483	5,377365	-3,644684
-7,747604	5,640717	-2,955154
-7,625504	5,887329	-2,544540
-7,657822	6,241669	-2,229706
-7,679367	6,648682	-1,863388
-7,475861	6,956345	-1,565323
-7,243637	7,319061	-1,312729
-7,055679	7,662628	-1,189423
-6,919220	8,042114	-1,140350
-6,645081	8,173782	-1,121185
-6,284760	8,152237	-1,178650
-5,957947	8,239624	-0,960785
-5,756836	8,475464	-0,630386
-5,610779	8,802261	-0,310760
-5,641907	9,157806	-0,015076
-5,494659	9,106323	-0,110840
-5,586838	9,434341	-0,144363
-5,938797	10,188507	0,646927
-5,802322	10,645798	1,340042
-5,526993	10,919937	2,033173
-5,018219	10,880432	2,589828
-4,604019	10,726013	2,938171
-4,358612	10,729599	3,334412
-4,293976	10,901978	3,667206
-4,307144	11,128235	3,879105
-4,237717	11,367661	3,733047
-3,974350	11,409546	3,450531
-3,555359	11,286255	3,154846
-3,111237	11,085144	2,945358
-2,856262	11,000137	2,828049
-2,899353	11,220413	2,868744
-2,981949	11,626221	3,037537
-2,913712	11,996140	3,336807
-2,509094	12,193649	3,622925
-1,963211	12,261887	4,046692
-1,271301	12,340897	4,562637
-0,628448	12,446243	4,878677
-0,025116	12,640167	5,092957
0,673996	12,570740	4,915787
0,914612	12,841278	4,913391
1,199524	13,129791	5,089371
1,695129	13,198029	5,373077
2,262543	12,956207	5,328781
2,577393	12,814941	5,076202
2,797653	12,695236	4,962479
3,116074	12,644958	4,926559
3,373459	12,795792	4,848755
3,647598	12,861633	4,854736
3,927719	12,731155	4,809250
4,127625	12,516876	4,665588
4,183899	12,430679	4,566238
4,181503	12,362442	4,464478
4,274872	12,190063	4,374695
4,329941	11,984161	4,300476
4,347900	11,780655	4,276535
4,379028	11,652557	4,258575
4,490356	11,579544	4,160416
4,629211	11,537643	4,064651
4,886597	11,428711	4,019165
5,178680	11,304214	3,882690
5,355850	11,177322	3,764175
5,480362	11,008530	3,683975
5,637177	10,819382	3,545105
5,883774	10,588348	3,464905
6,169891	10,274704	3,472092
6,467957	9,955078	3,522369
6,756470	9,610306	3,682770
7,049759	9,273926	3,715103
7,266434	8,899231	3,631302
7,542953	8,553268	3,445755
7,796738	8,319839	3,079437
7,973923	8,107956	2,573059
8,057709	7,948730	1,893112
8,115173	7,734451	1,154495
8,055313	7,461517	0,516449
7,941589	7,242447	-0,013870
7,835052	7,074844	-0,444824
7,836243	6,830643	-0,791992
7,923645	6,597214	-1,081680
8,043350	6,387711	-1,224136
8,178619	6,217728	-1,299561
8,336639	6,081253	-1,313919
8,433609	5,931625	-1,414474
8,560501	5,680222	-1,710159
8,677811	5,437210	-2,153091
8,779572	5,256454	-2,537369
8,835831	5,163086	-2,919235
8,886108	5,076889	-3,194565
8,951950	4,995483	-3,448349
9,003418	4,927246	-3,821854
9,016586	4,825500	-4,227661
8,987854	4,762054	-4,738831
8,912445	4,746490	-5,235626
8,884903	4,690231	-5,587570
8,802307	4,709381	-5,858124
8,668228	4,734512	-6,170563
8,619156	4,665085	-6,443497
8,552109	4,569321	-6,667358
8,468323	4,562134	-6,614685
8,279175	4,581284	-6,648209
8,044540	4,624390	-6,562012
7,826675	4,626785	-6,382446
7,715347	4,590866	-6,026917
7,638733	4,550171	-5,665390
7,462753	4,542984	-5,331390
7,157486	4,594452	-5,051270
6,810333	4,655502	-4,881287
6,484726	4,704590	-4,835800
6,123199	4,751282	-4,816635
5,783218	4,902115	-4,823822
5,482742	5,062531	-4,886078
5,212204	5,196594	-5,046478
5,037430	5,286377	-5,215271
4,878220	5,398911	-5,392441
4,668716	5,487488	-5,482224
4,568161	5,540161	-5,244003
4,466415	5,649109	-4,895645
4,323959	5,813110	-4,635880
4,267685	5,929230	-4,510178
4,278473	5,936401	-4,244431
4,252136	5,983093	-3,878113
4,153961	6,077667	-3,559692
4,051010	6,168640	-3,198166
3,975601	6,222519	-2,850998
3,910950	6,268005	-2,500244
3,900177	6,273987	-2,081268
3,840332	6,352997	-1,798752
3,860672	6,288361	-1,776001
3,702667	6,433197	-1,506653
3,562607	6,613968	-1,165482
3,380646	6,727692	-0,857834
3,137634	6,866562	-0,469971
2,889832	6,986267	-0,179077
2,651611	7,114349	-0,012680
2,420563	7,192169	0,077103
2,156006	7,269974	0,018448
1,890244	7,368134	-0,067749
1,722656	7,515381	-0,151535
1,677170	7,688965	-0,195831
1,644836	7,868530	-0,224564
1,550278	7,973877	-0,255692
1,571823	7,838608	-0,398148
1,576614	7,860153	-0,405319
1,438950	8,021759	0,071121
1,523941	8,012177	0,332092
1,672379	7,827820	0,648117
1,877075	7,667419	1,168869
2,073410	7,583618	1,732697
2,300858	7,589600	2,379135
2,461273	7,686569	3,055496
2,559433	7,809875	3,683975
2,610901	7,860153	4,377090
2,589355	7,989441	4,879868
2,480423	8,045700	5,227036
2,403809	7,960709	5,125275
2,250580	8,024155	5,019943
2,045868	8,237228	4,738617
1,745407	8,607132	4,171188
1,382675	8,924377	3,515182
0,976868	9,132660	2,822052
0,633301	9,148224	2,167252
0,345993	9,202103	1,739883
0,177200	9,229630	1,656082
0,156845	9,327789	1,692001
0,168823	9,421173	1,674042
0,173615	9,445114	1,701569
0,165222	9,380463	1,848816
0,134109	9,230835	1,946976
0,070663	9,027328	2,008026
0,113754	8,832199	2,270203
0,183182	8,620300	2,861557
0,304092	8,412018	3,576233
0,495621	8,164215	4,308853
0,633301	7,958313	4,951706
0,811661	7,862549	5,578979
0,897858	7,921204	6,251755
0,756592	8,038513	6,924530
0,585403	8,084000	7,397385
0,463303	8,040909	7,705032
0,225082	8,055283	7,773270
-0,052643	8,139069	7,594894
-0,286087	8,213287	7,236969
-0,469238	8,281525	6,829956
-0,590149	8,313843	6,505539
-0,731400	8,350967	6,243378
-0,841537	8,285126	6,163162
-0,713440	8,130692	6,183517
-0,565002	8,037323	6,248169
-0,428528	8,085205	6,428925
-0,379456	8,155838	6,735382
-0,314804	8,177383	7,156754
-0,284882	8,111542	7,655945
-0,262131	8,018173	8,072540
-0,374664	7,982254	8,462799
-0,582962	7,983444	8,805176
-0,707458	7,995422	9,108032
-0,790054	8,005005	9,231339
-0,883438	8,086395	9,196625
-0,952866	8,178574	8,988327
-0,885834	8,221680	8,638779
-0,782883	8,234848	8,224579
-0,694290	8,301880	7,798401
-0,652390	8,334198	7,496735
-0,605713	8,316238	7,202255
-0,557816	8,273148	7,070572
-0,529099	8,169006	7,203445
-0,526703	8,062454	7,531448
-0,609299	7,999008	8,010300
-0,730209	7,949936	8,384979
-0,813995	7,824234	8,929672
-0,790054	7,629105	9,467163
-0,751755	7,430389	9,778412
-0,709854	7,378922	9,935226
-0,675140	7,413635	9,924454
-0,768509	7,526154	9,619202
-0,799637	7,534531	9,154724
-0,762527	7,504608	8,718979
-0,629654	7,389694	8,236542
-0,451279	7,320251	7,706238
-0,241791	7,271179	7,195068
-0,043076	7,195755	6,817978
0,071854	7,175400	6,541458
0,231064	7,073654	6,303223
0,399857	6,922821	6,098526
0,468094	6,847397	5,814804
0,469284	6,745651	5,744186
0,383102	6,578049	5,794464
0,341202	6,342224	5,984802
0,402252	6,115967	6,468430
0,422607	6,028580	7,106476
0,365143	5,876556	7,782852
0,183182	5,723328	8,407730
-0,069397	5,693390	8,916504
-0,359100	5,704163	9,418091
-0,646408	5,716141	9,850235
-0,852310	5,702972	10,123184
-0,983994	5,683823	10,136353
-1,109680	5,706558	9,977127
-1,286850	5,778397	9,705383
-1,364670	5,839447	9,313934
-1,379028	5,876556	8,914108
-1,368256	5,884933	8,486740
-1,328751	5,945984	8,066559
-1,264114	5,950775	7,751724
-1,194687	5,896896	7,548218
-1,181519	5,801132	7,501526
-1,204254	5,723328	7,548218
-1,255737	5,592834	7,817566
-1,331146	5,511444	8,243729
-1,315582	5,385742	8,726166
-1,248550	5,210968	9,328308
-1,079758	5,074493	9,975937
-0,883438	5,020630	10,642715
-0,697876	5,034988	11,232895
-0,548248	5,081680	11,517807
-0,454865	5,128357	11,629135
-0,345932	5,079285	11,650681
-0,254959	5,003860	11,455551
-0,240585	5,015839	11,084442
-0,289673	5,025421	10,602020
-0,375870	5,023026	10,077682
-0,480011	4,989502	9,529419
-0,503952	4,957184	9,084091
-0,568588	4,983521	8,622009
-0,676331	4,975128	8,216202
-0,661972	4,951187	7,897766
-0,553040	4,888947	7,738556
-0,412979	4,841064	7,670319
-0,341141	4,790787	7,748123
-0,372269	4,777618	7,840302
-0,445297	4,705795	8,019867
-0,483597	4,527420	8,224579
-0,495575	4,381378	8,526245
-0,536270	4,303558	8,916504
-0,556625	4,250885	9,159515
-0,556625	4,231735	9,270844
-0,456070	4,211380	9,353439
-0,282486	4,159912	9,372589
-0,185516	4,165894	9,378586
-0,222641	4,217377	9,367813
-0,259750	4,237717	9,418091
-0,301636	4,169479	9,535400
-0,344742	4,144348	9,559341
-0,490784	4,187439	9,457596
-0,605713	4,219772	9,300766
-0,707458	4,244904	9,128387
-0,743378	4,301163	8,973953
-0,739777	4,297577	8,879395
-0,770905	4,327499	8,802780
-0,784073	4,334686	8,736938
-0,712250	4,316727	8,613632
-0,570984	4,241318	8,558563
-0,509933	4,197021	8,569336
-0,378250	4,186249	8,601669
-0,313614	4,211380	8,643555
-0,286087	4,211380	8,669891
-0,198685	4,168289	8,685455
-0,092148	4,110825	8,659119
0,010803	4,092865	8,608841
0,011993	4,060547	8,560959
-0,075394	4,073715	8,444839
-0,116089	4,110825	8,478363
-0,132858	4,139557	8,641159
-0,102921	4,135971	8,866226
-0,022720	4,047379	9,049377
0,116150	4,005478	9,120010
0,126923	4,017456	9,130783
0,125717	3,958801	9,237320
0,098190	3,938446	9,303162
0,080231	3,942032	9,245697
0,069458	3,877396	9,161911
0,075439	3,870209	9,027832
0,082626	3,866623	8,903336
0,028763	3,894150	8,777634
-0,028702	3,892960	8,723770
-0,019119	3,878586	8,666306
-0,011948	3,855850	8,629196
-0,037079	3,785217	8,662720
0,000031	3,728958	8,614822
0,083832	3,663116	8,647156
0,134109	3,683456	8,662720
0,038330	3,740921	8,625610
0,053894	3,721771	8,584900
0,128113	3,661911	8,625610
0,140091	3,629593	8,661514
0,171219	3,639175	8,745316
0,307678	3,677475	8,991913
0,368729	3,633179	9,135574
0,375916	3,526642	9,299576
0,341202	3,475174	9,340271
0,462112	3,378204	9,349854
0,506393	3,385391	9,493500
0,532730	3,434464	9,712570
0,481262	3,463196	9,932831
0,326843	3,441650	9,995087
0,199936	3,427277	9,920868
0,116150	3,438065	9,809540
0,092209	3,429672	9,655106
0,044327	3,428482	9,559341
-0,007156	3,426086	9,527023
-0,026306	3,438065	9,492310
-0,082565	3,488342	9,609619
-0,074188	3,535019	9,871780
0,019180	3,484741	10,115997
0,135300	3,428482	10,283585
0,222687	3,403336	10,420059
0,229874	3,381790	10,372177
0,179596	3,415314	10,265625
0,144882	3,467987	10,019028
0,068268	3,496719	9,724548
0,065872	3,506287	9,464767
0,034744	3,505096	9,272034
0,045517	3,512283	9,155914
0,105377	3,529037	9,062546
0,196350	3,529037	9,097260
0,261002	3,519455	9,092468
0,343597	3,550583	9,133179
0,419006	3,555374	9,190628
0,409439	3,552979	9,184647
0,411835	3,557770	9,118805
0,345993	3,515869	9,123596
0,281342	3,499115	9,093674
0,201141	3,509888	8,953613
0,149658	3,535019	8,844681
0,108963	3,518265	8,906921
0,113754	3,471573	9,069733
0,100586	3,450027	9,261261
0,104172	3,451233	9,450409
0,123322	3,432068	9,554550
0,124527	3,429672	9,567719
0,135300	3,417709	9,480331
0,138885	3,387787	9,413300
0,047913	3,412918	9,372589
0,027557	3,435669	9,352249
0,007217	3,417709	9,264862
0,033539	3,399750	9,220566
0,114944	3,378204	9,128387
0,131714	3,360245	9,131973
0,126923	3,391373	9,098465
0,187973	3,434464	9,135574
0,173615	3,466782	9,146347
0,207123	3,398560	9,121201
0,219101	3,335114	9,064941
0,192764	3,398560	8,900940
0,149658	3,430878	8,711792
0,214310	3,398560	8,667496
0,221497	3,391373	8,665115
