-0,112991	-0,006070	0,191387
0,636487	-1,037230	1,559946
0,484287	-0,754125	1,222102
0,378812	-0,585112	0,908724
0,293467	-0,440319	0,649404
0,160079	-0,303402	0,425675
0,043786	-0,231235	0,231360
-0,019561	-0,184036	0,019414
-0,087475	-0,161584	-0,078316
-0,139890	-0,140767	-0,153632
-0,126280	-0,102078	-0,154510
-0,138365	-0,034739	-0,157128
-0,129845	0,000944	-0,071113
-0,101007	-0,002113	0,012055
-0,050154	0,002131	0,083387
0,016371	-0,037553	0,086826
0,035130	-0,030043	0,102969
0,001286	-0,037450	0,010549
0,039334	-0,050065	-0,037520
0,097544	-0,021852	-0,018529
0,143160	0,003588	-0,006206
0,141347	0,058413	0,085062
0,097757	0,073549	0,156160
0,118428	0,052125	0,172804
0,129215	0,036915	0,293394
0,081351	0,020914	0,358251
-0,030696	0,019599	0,340226
-0,165328	0,020477	0,340186
-0,259643	0,007763	0,261614
-0,291027	-0,013906	0,211208
-0,278794	-0,036028	0,200558
-0,270911	-0,039357	0,076181
-0,258867	-0,013285	-0,014714
-0,225295	-0,013497	-0,133402
-0,140966	-0,018464	-0,207271
-0,026591	-0,003284	-0,249142
0,085990	0,051962	-0,292209
0,125299	0,071257	-0,265371
0,153864	0,115428	-0,332963
0,156612	0,140231	-0,489503
0,157858	0,134206	-0,528553
0,137773	0,114067	-0,492753
0,171510	0,092218	-0,384632
0,211903	0,103462	-0,241616
0,256681	0,102874	0,003985
0,202464	0,114868	0,223452
0,158138	0,127319	0,470851
0,170565	0,100903	0,648665
0,171889	0,055820	0,747814
0,207421	0,003481	0,770639
0,222443	-0,061387	0,792719
0,151136	-0,099866	0,680147
0,091221	-0,119151	0,449306
-0,094613	-0,137460	0,201425
-0,275849	-0,098481	0,012702
-0,441908	0,003576	-0,167011
-0,521116	0,112040	-0,238944
-0,518407	0,239022	-0,205523
-0,446329	0,344452	-0,114625
-0,253633	0,427832	0,081639
-0,011366	0,496453	0,254935
0,150831	0,536030	0,419427
0,252831	0,512136	0,609443
0,451264	0,414495	0,861040
0,644482	0,368949	1,086268
0,720530	0,369854	1,316256
0,746895	0,462522	1,562490
0,886725	0,504099	1,730754
1,144170	0,424349	1,692013
1,238078	0,331813	1,522165
0,992379	0,428255	1,216780
0,497980	0,771645	0,779966
-0,104399	1,247467	0,634508
-0,640893	1,738269	0,793946
-0,975275	2,059072	0,941614
-1,221712	2,178777	0,906527
-1,259877	2,048514	0,893776
-1,026102	1,776714	0,889313
-0,710750	1,538217	0,830200
-0,368441	1,295697	0,727368
0,025108	1,093052	0,755235
0,386883	0,924247	0,789027
0,734714	0,705877	0,825630
1,007229	0,395195	0,677740
1,110337	0,084393	0,355449
0,984986	-0,108695	0,040145
0,820557	-0,240191	-0,304981
0,737842	-0,361659	-0,661539
0,692752	-0,580465	-1,044465
0,589638	-0,804351	-1,430286
0,338593	-1,011230	-1,852921
-0,103588	-1,106824	-2,550146
-0,659397	-1,149778	-3,287016
-1,010183	-1,152537	-3,622728
-1,078215	-1,171981	-3,673903
-1,032079	-1,288097	-3,595140
-0,953996	-1,478671	-3,424855
-0,888648	-1,618679	-2,999418
-0,884258	-1,654074	-2,598729
-0,954489	-1,662285	-2,161344
-1,038445	-1,564460	-1,661082
-1,209040	-1,406707	-1,226399
-1,342647	-1,336059	-0,999308
-1,313534	-1,359985	-0,994820
-1,233750	-1,471057	-1,026654
-1,121069	-1,519692	-1,098094
-0,746502	-1,434114	-1,340071
-0,199765	-1,465235	-1,628478
0,201236	-1,549520	-1,743310
0,390835	-1,504887	-1,824653
0,429501	-1,386831	-1,836089
0,353184	-1,234917	-1,834704
0,162832	-1,211078	-1,939895
-0,099580	-1,274355	-1,950317
-0,087318	-0,947658	-1,637829
0,051764	-0,724606	-1,394528
0,024175	-0,596934	-1,380906
-0,128145	-0,560860	-1,485877
-0,261488	-0,727374	-1,705853
-0,469677	-0,937197	-1,938339
-0,686032	-0,961403	-1,971082
-0,784421	-0,899372	-1,661143
-0,707017	-0,765457	-1,166109
-0,590516	-0,637268	-0,568971
-0,502100	-0,544299	-0,082643
-0,442867	-0,423940	0,249926
-0,455807	-0,356388	0,350295
-0,484348	-0,328214	0,308007
-0,514859	-0,299912	0,296210
-0,535422	-0,260999	0,306878
-0,490582	-0,274888	0,265607
-0,419284	-0,299391	0,139708
-0,367996	-0,260582	0,024620
-0,335571	-0,181659	-0,079913
-0,357519	-0,100307	-0,329202
-0,321452	-0,160690	-0,660798
-0,196822	-0,215710	-0,925123
-0,046374	-0,235764	-1,176805
0,124754	-0,198194	-1,306312
0,252074	-0,104930	-1,309369
0,337646	-0,069576	-1,253403
0,410900	-0,006820	-1,088904
0,434067	-0,007373	-0,796429
0,505261	-0,022170	-0,492538
0,489450	0,003333	-0,131628
0,404964	0,048626	0,175301
0,343124	0,063803	0,536725
0,376013	0,000286	0,880442
0,439677	-0,108939	1,247359
0,412069	-0,135039	1,630919
0,357438	-0,125268	2,044066
0,281153	-0,140436	2,397558
0,153096	-0,143001	2,601835
-0,014461	-0,134506	2,713536
-0,163852	-0,117187	2,619022
-0,339846	-0,102368	2,526175
-0,491189	-0,014853	2,423174
-0,784638	0,126020	2,896217
-0,740723	0,316295	3,639533
0,280822	0,023190	2,650176
1,637243	-0,498587	0,902929
2,295244	-0,545403	0,037602
2,428041	-0,419086	-0,226583
2,346583	-0,205020	-0,329704
2,193294	0,047630	-0,640131
2,083127	0,142498	-0,913374
1,814939	0,154221	-0,882970
1,519944	0,153064	-0,748514
1,153712	0,155960	-0,600728
0,705575	0,187976	-0,565812
0,318329	0,161880	-0,370289
0,157935	0,031823	0,005441
0,196258	-0,080853	0,569380
0,420373	-0,127890	1,335619
0,687763	-0,110930	1,987868
0,911258	-0,024572	2,228099
1,076650	0,133565	2,352304
1,301847	0,366386	2,373139
1,847850	0,591900	2,368726
2,818075	0,531943	2,362327
3,736943	0,463860	1,979888
4,123454	0,649775	1,181689
4,216219	0,994832	0,052785
4,084536	1,356107	-1,209456
3,868093	1,658531	-2,251818
3,584806	1,799920	-2,907570
3,299767	1,800984	-3,103693
3,114814	1,629447	-2,729085
2,906536	1,539153	-1,765714
2,855783	1,504259	-0,626317
3,185799	1,198622	0,332125
3,640399	0,808544	0,906386
3,883400	0,708127	1,000927
3,972467	0,846140	0,752853
4,021687	1,155757	0,382971
4,075430	1,544222	-0,072859
3,972857	1,898085	-0,727708
3,610207	2,130431	-1,262123
3,027985	2,282787	-1,358294
2,201160	2,411373	-1,012893
1,380728	2,286313	-0,108337
0,641069	1,917149	1,086499
0,058912	1,479141	2,243467
-0,290932	1,167981	3,101048
-0,440557	0,895127	3,597502
-0,407036	0,701735	3,696813
-0,356268	0,637047	3,419059
-0,382708	0,737567	2,859735
-0,464174	0,885012	2,018683
-0,400074	1,012550	1,187823
-0,249186	1,111712	0,609328
-0,230000	1,122085	0,176208
-0,318069	1,009716	-0,092701
-0,499622	0,779050	-0,178555
-0,813419	0,604087	-0,252976
-1,173635	0,365472	-0,302930
-1,594913	0,210969	-0,317051
-2,042080	0,036622	-0,400162
-2,398849	-0,188097	-0,507837
-2,764709	-0,340101	-0,589180
-3,080383	-0,555552	-0,679169
-3,372192	-0,663754	-0,814356
-3,686071	-0,696676	-0,838228
-3,987944	-0,705778	-0,764442
-4,190171	-0,673802	-0,649860
-4,222670	-0,706633	-0,406875
-4,150988	-0,745360	0,052784
-4,095558	-0,724609	0,587137
-4,020563	-0,656311	1,130513
-3,973018	-0,566223	1,524027
-3,920613	-0,480749	1,739241
-3,801115	-0,454509	1,827147
-3,534105	-0,556100	1,719335
-3,148109	-0,606733	1,425261
-2,658307	-0,596483	1,056895
-2,116111	-0,608388	0,594601
-1,575091	-0,660050	0,051425
-1,048427	-0,740638	-0,351511
-0,627096	-0,799371	-0,529243
-0,382927	-0,768782	-0,627386
-0,283356	-0,784544	-0,584270
-0,208484	-0,767454	-0,511458
-0,204141	-0,733665	-0,340221
-0,217902	-0,655890	-0,119906
-0,246148	-0,587919	-0,080593
-0,275446	-0,598668	-0,082675
-0,345809	-0,706864	0,032505
-0,485424	-0,866199	0,288406
-0,659360	-0,996549	0,479724
-0,837778	-1,068259	0,629897
-1,010201	-1,085405	0,592980
-1,175910	-1,091469	0,363300
-1,321880	-0,999578	0,098147
-1,279684	-0,874370	-0,119724
-1,179851	-0,805794	-0,355313
-0,981234	-0,748065	-0,480577
-0,775405	-0,759341	-0,426600
-0,584899	-0,786562	-0,197627
-0,218920	-0,764284	0,044926
0,183043	-0,778066	0,134585
0,530455	-0,816862	0,094265
0,890758	-0,810545	-0,076871
1,187619	-0,769103	-0,340171
1,341782	-0,753185	-0,587225
1,449793	-0,747164	-0,763786
1,547700	-0,745217	-0,766169
1,550367	-0,728327	-0,703914
1,449059	-0,663106	-0,779574
1,324933	-0,646366	-0,971291
1,170078	-0,592752	-1,116046
1,119937	-0,549861	-1,179190
1,072158	-0,579708	-1,177983
1,045434	-0,641891	-1,035282
1,106416	-0,652380	-0,875150
1,264369	-0,664592	-0,729807
1,425215	-0,719381	-0,649935
1,579747	-0,774699	-0,530482
1,811588	-0,779696	-0,435873
2,209671	-0,721437	-0,577580
2,636353	-0,633656	-0,735966
3,014099	-0,552897	-0,756363
3,167847	-0,445186	-0,761194
3,015991	-0,388717	-0,869441
2,767127	-0,327246	-0,957967
2,441631	-0,359489	-1,031645
2,048117	-0,416876	-1,033128
1,685417	-0,456084	-1,102320
1,240118	-0,461584	-1,200765
0,790983	-0,459294	-1,341764
0,376122	-0,515872	-1,546507
0,023175	-0,533364	-1,745739
-0,220877	-0,515766	-2,044943
-0,356754	-0,513162	-2,299626
-0,356266	-0,436384	-2,283097
-0,282145	-0,369225	-2,189442
0,132463	-0,478290	-2,113565
0,348255	-0,493728	-2,350691
0,301590	-0,291552	-2,491551
0,383008	-0,136513	-2,490275
0,606163	-0,092939	-2,416475
0,864179	-0,115525	-2,292311
0,942246	-0,075184	-1,968883
0,885010	0,052866	-1,536801
0,743433	0,100703	-1,144199
0,555489	0,054708	-0,809061
0,273919	-0,018489	-0,504549
-0,005914	-0,104806	-0,246583
-0,217340	-0,123115	0,066101
-0,375948	-0,109027	0,361242
-0,412807	-0,115945	0,553325
-0,465280	-0,148310	0,580563
-0,475655	-0,075545	0,486472
-0,396795	0,023842	0,343206
-0,267644	0,080365	0,247758
-0,248588	0,085361	0,169471
-0,343474	0,097012	0,041729
-0,533360	0,155185	-0,165823
-0,736979	0,200760	-0,408464
-0,940096	0,219983	-0,743361
-1,037465	0,258347	-0,963402
-0,914237	0,253614	-0,730500
-0,577202	0,224912	-0,218567
-0,078693	0,292930	0,497449
0,421628	0,356927	1,381492
0,883176	0,393769	2,237175
1,104941	0,385877	2,880536
1,111883	0,369993	3,156761
0,963249	0,313231	2,740887
0,747614	0,249633	2,039487
0,404634	0,227477	1,473570
-0,136937	0,223168	0,956676
-0,713846	0,193854	0,450265
-1,019270	0,105279	0,077692
-1,049083	-0,025909	-0,094902
-1,019320	-0,086804	0,029425
-0,864297	-0,130734	0,466936
-0,825507	-0,070115	0,897402
-0,892169	0,023400	1,450551
-0,740542	0,118317	2,251236
-0,616384	0,208619	2,912854
-0,669315	0,325867	3,411509
-0,686770	0,399561	3,875557
-0,682534	0,611739	4,061957
-0,733735	0,810216	4,015703
-0,727759	0,961332	3,946144
-0,661700	0,963475	3,814850
-0,644278	0,996793	3,574768
-0,577678	1,102940	3,231397
-0,369246	1,185929	2,912644
-0,288695	1,332776	2,518775
-0,507727	1,572837	1,895318
-0,885979	1,822345	1,318012
-1,281476	1,975014	0,850418
-1,738645	1,983197	0,479223
-1,945420	1,909299	0,501177
-1,748829	1,691197	0,883608
-1,707438	1,545450	1,290113
-1,854365	1,539949	1,587547
-1,958505	1,699306	1,884870
-2,038935	1,828707	2,044199
-2,088924	1,981081	2,025129
-2,195944	2,110621	1,861436
-2,344768	2,190329	1,583008
-2,470541	2,253130	0,959949
-2,655425	2,283254	0,171317
-2,757372	2,093802	-0,762202
-2,634938	1,726750	-1,533920
-2,753422	1,563358	-2,057446
-2,960269	1,659622	-2,344114
-2,880569	1,577649	-2,521728
-3,007397	1,522605	-2,885998
-3,324326	1,581047	-3,528879
-3,178528	1,523419	-4,089156
-2,719031	1,186167	-4,410974
-2,113934	0,741120	-4,444318
-1,639438	0,402321	-4,280418
-1,316336	0,299824	-4,015216
-1,112443	0,302114	-3,754227
-0,985731	0,292448	-3,642151
-0,829759	0,261729	-3,704773
-0,578578	0,138509	-3,919580
-0,480099	0,033243	-4,232210
-0,458774	-0,053850	-4,550306
-0,248269	-0,304531	-4,790416
-0,025276	-0,565403	-4,741171
0,109064	-0,730057	-4,498747
0,214632	-0,788989	-4,260753
0,280873	-0,889761	-4,086642
0,354948	-1,115959	-3,868825
0,447716	-1,313177	-3,495378
0,374457	-1,263152	-3,077857
0,249761	-1,039257	-2,614556
0,327189	-0,795969	-2,168257
0,717598	-0,606124	-1,642674
1,104645	-0,578759	-1,217411
1,217945	-0,651667	-0,950943
1,143862	-0,766500	-0,888123
1,114284	-0,799955	-0,693262
1,245773	-0,772118	-0,248152
1,417041	-0,717291	0,243922
1,366347	-0,633208	0,628976
1,264501	-0,625317	0,918806
1,257731	-0,683176	1,115245
1,284859	-0,746699	1,207272
1,381281	-0,816671	1,233970
1,451705	-0,813261	1,274481
1,501342	-0,729136	1,154619
1,611913	-0,661849	0,948598
1,790397	-0,597472	0,894865
1,872857	-0,512450	0,919884
1,872737	-0,357287	0,891047
1,780697	-0,209219	0,786580
1,650571	-0,119487	0,682902
1,449753	0,077750	0,653573
1,210559	0,286297	0,633955
1,031643	0,469419	0,667101
0,888523	0,588132	0,692653
0,711782	0,702269	0,796407
0,639336	0,780162	0,953166
0,593829	0,832907	1,104427
0,617752	0,913408	1,230221
0,769067	0,956739	1,345224
0,890107	1,027794	1,396040
0,973524	1,040583	1,329442
0,970359	1,024971	1,246464
0,896954	0,943512	1,032608
0,788437	0,787365	0,831836
0,685328	0,590634	0,751663
0,586580	0,372910	0,701880
0,476918	0,107752	0,675468
0,351847	-0,159929	0,789374
0,148360	-0,357790	0,844097
-0,125514	-0,511280	0,925241
-0,437521	-0,623550	1,057185
-0,689031	-0,697083	1,173275
-0,958243	-0,768348	1,259445
-1,160198	-0,829205	1,315930
-1,411789	-0,987058	1,321848
-1,617847	-1,113339	1,355318
-1,724282	-1,107115	1,557350
-1,704072	-0,975706	1,676837
-1,586402	-0,854308	1,691982
-1,394573	-0,716967	1,608322
-1,104172	-0,665504	1,411157
-0,738733	-0,669354	1,232356
-0,443501	-0,701170	1,090267
-0,229337	-0,686387	0,927768
-0,038865	-0,631471	0,779556
0,084789	-0,544446	0,667700
0,199985	-0,402988	0,467119
0,324709	-0,259183	0,328688
0,561440	-0,168088	0,196873
0,810199	-0,152659	0,101957
0,899075	-0,172884	0,035594
0,922287	-0,171828	-0,102726
0,896802	-0,200671	-0,269889
0,821824	-0,218959	-0,345195
0,706312	-0,229757	-0,272323
0,632078	-0,232646	-0,136462
0,544933	-0,229208	0,050767
0,539376	-0,262859	0,286731
0,493745	-0,311801	0,451565
0,513758	-0,415115	0,787424
0,348750	-0,397217	1,515791
-0,007340	-0,267017	1,995055
-0,025989	-0,305545	1,953270
0,086472	-0,454177	1,693818
-0,021802	-0,528064	1,647144
-0,273142	-0,523000	1,623209
-0,485713	-0,474907	1,427864
-0,551376	-0,404828	1,175799
-0,560803	-0,367918	0,910000
-0,568357	-0,296250	0,776840
-0,628990	-0,255188	0,683728
-0,697601	-0,230005	0,591990
-0,709387	-0,212740	0,463057
-0,626884	-0,206581	0,323522
-0,556098	-0,227521	0,112284
-0,510955	-0,284483	0,015133
-0,465270	-0,305162	0,092550
-0,408605	-0,269032	0,213860
-0,349870	-0,147221	0,274518
-0,232972	0,022043	0,378587
-0,269691	0,143086	0,456104
-0,495404	0,158524	0,237515
-0,694162	0,148841	-0,129861
-0,813899	0,125787	-0,508027
-0,779452	0,179157	-0,805775
-0,613027	0,201736	-0,935758
-0,356339	0,216943	-1,110606
-0,151954	0,249201	-1,205477
-0,063152	0,269283	-1,301491
-0,108933	0,300656	-1,367755
-0,192493	0,322886	-1,258925
-0,240188	0,357906	-0,993737
-0,266845	0,368686	-0,647504
-0,380114	0,385928	-0,247935
-0,628750	0,415041	0,113859
-0,899472	0,395241	0,495225
-1,132346	0,417706	0,962172
-1,248724	0,454832	1,347215
-1,252763	0,511351	1,622694
-1,152565	0,571886	1,812425
-0,952703	0,664369	1,774598
-0,643413	0,738356	1,598768
-0,252316	0,729552	1,196653
0,240591	0,613329	0,620213
0,736431	0,394887	0,120756
1,136947	0,238346	-0,316152
1,442029	0,156192	-0,614921
1,692795	0,156557	-0,717950
1,884790	0,165467	-0,590644
2,014449	0,161109	-0,375787
2,011864	0,154741	-0,236469
1,909247	0,187965	-0,029239
1,573370	0,271039	0,230393
1,063322	0,372934	0,440968
0,436937	0,517647	0,556766
-0,201110	0,676532	0,653225
-0,718261	0,773940	0,743808
-0,990246	0,712048	0,773171
-1,082370	0,590708	0,724848
-1,085207	0,404561	0,577962
-0,968715	0,187662	0,333085
-0,797958	-0,011724	0,058643
-0,618262	-0,184623	-0,139829
-0,371062	-0,278912	-0,291904
-0,154162	-0,344748	-0,375259
0,065343	-0,394548	-0,416089
0,218900	-0,400881	-0,335752
0,247911	-0,417421	-0,203477
0,287391	-0,452700	-0,063185
0,309405	-0,465590	0,037562
0,360525	-0,479723	0,207223
0,421537	-0,493910	0,371675
0,442577	-0,516759	0,402686
0,453658	-0,550358	0,324065
0,365795	-0,612661	0,132836
0,204538	-0,668266	-0,039300
0,115742	-0,699335	-0,202863
-0,023288	-0,704072	-0,310728
-0,157485	-0,637001	-0,394151
-0,345300	-0,495233	-0,404384
-0,527155	-0,325325	-0,434603
-0,674556	-0,168317	-0,514308
-0,779061	-0,107834	-0,675777
-0,877998	-0,071912	-0,845163
-0,969586	-0,041245	-1,059199
-0,956674	-0,037782	-1,214156
-0,913777	0,009996	-1,306506
-0,817216	0,086525	-1,480947
-0,669092	0,124762	-1,600395
-0,481648	0,160149	-1,690204
-0,306779	0,153021	-1,607864
-0,114222	0,147307	-1,264269
0,022587	0,188720	-0,809340
0,117667	0,246740	-0,184911
0,131475	0,264433	0,442965
0,173185	0,252720	0,917482
0,202708	0,143765	1,270289
0,228243	0,092027	1,417501
0,169191	0,060218	1,361931
0,059694	0,118084	1,174774
-0,015453	0,167245	0,973340
-0,035348	0,224775	0,606285
-0,016779	0,284215	0,236029
-0,000020	0,273332	-0,149239
0,100545	0,253150	-0,448834
0,383061	0,045452	-0,620505
0,477872	-0,049820	-0,636224
0,300901	0,268506	-0,373957
0,256993	0,499241	-0,145931
0,390433	0,451114	0,020206
0,550811	0,236391	0,203872
0,643676	0,084719	0,353674
0,655712	-0,008837	0,444780
0,650034	-0,131569	0,558851
0,594722	-0,230707	0,657774
0,490145	-0,344502	0,651683
0,387331	-0,419254	0,527083
0,257192	-0,483841	0,378576
0,159782	-0,501038	0,268388
0,055999	-0,488940	0,067225
-0,073951	-0,425625	-0,106156
-0,175042	-0,362534	-0,260181
-0,235810	-0,311096	-0,335513
-0,314100	-0,246961	-0,403444
-0,411216	-0,143930	-0,439589
-0,577008	0,111821	-0,344018
-0,749863	0,457206	-0,234028
-0,871875	0,904937	-0,144132
-0,994387	1,381884	0,014944
-1,102920	1,853456	0,229350
-1,147619	2,270937	0,503341
-0,960234	2,421999	0,763721
-0,369786	2,079335	0,944252
0,460738	1,220060	0,945978
1,202734	0,086363	0,835310
1,737907	-0,864651	0,650047
2,029095	-1,400400	0,566010
2,026463	-1,573298	0,486328
1,748538	-1,566061	0,322021
1,279128	-1,385002	0,093860
0,650756	-1,157806	-0,252439
-0,014734	-0,866870	-0,526609
-0,529890	-0,624538	-0,637718
-0,859655	-0,472824	-0,539862
-1,082292	-0,329407	-0,260467
-1,237415	-0,252991	0,033912
-1,325125	-0,178455	0,211968
-1,338787	-0,100625	0,315144
-1,281711	-0,145624	0,306705
-1,156570	-0,173006	0,201309
-1,009533	-0,180543	0,129443
-0,784641	-0,210511	0,039382
-0,591323	-0,208631	-0,093946
-0,407934	-0,207127	-0,185289
-0,232500	-0,091959	-0,356044
-0,048097	-0,044844	-0,598007
0,180834	0,030214	-0,702502
0,313222	0,115150	-0,655849
0,379862	0,196503	-0,467221
0,436055	0,232862	-0,194688
0,446525	0,252366	0,019506
0,458734	0,255530	0,133403
0,424445	0,202508	0,146945
0,338604	0,161042	0,167348
0,249814	0,145118	0,204752
0,149094	0,118963	0,185823
0,084791	0,079850	0,061513
0,007505	0,043775	-0,038900
-0,041884	-0,004250	-0,088578
-0,100548	-0,041705	-0,118751
-0,154169	-0,063051	-0,159161
-0,169307	-0,102162	-0,194370
-0,236007	-0,127689	-0,163150
-0,229980	-0,114603	-0,132436
-0,219421	-0,104134	-0,058073
-0,196606	-0,106293	0,035903
-0,184104	-0,082166	0,079479
-0,128130	-0,039866	0,026241
-0,014394	-0,029024	0,005661
0,148421	-0,027052	0,023694
0,283459	-0,003441	0,071616
0,344553	0,030768	0,067828
0,403023	0,080156	0,087783
0,390411	0,105299	-0,010218
0,302746	0,104357	-0,114473
0,180906	0,089235	-0,212245
0,013523	0,031166	-0,318233
-0,141452	0,005767	-0,311093
-0,256814	0,037182	-0,194285
-0,305048	0,008677	-0,097017
-0,317781	0,026094	0,046885
-0,281032	0,005556	0,207980
-0,247811	-0,013756	0,307168
-0,185798	-0,035907	0,345331
-0,139068	-0,022012	0,378731
-0,071984	-0,033894	0,336505
-0,019282	-0,006046	0,275906
0,076506	0,011436	0,118258
0,204857	0,034051	-0,045213
0,338190	0,015754	-0,159718
0,392170	-0,013251	-0,306863
0,423868	0,023871	-0,372859
0,428169	0,055487	-0,411288
0,440216	0,102812	-0,383620
0,433569	0,082250	-0,302111
0,402410	0,047599	-0,194765
0,301811	0,039996	-0,065785
0,180157	0,060732	0,051754
0,064633	0,049538	0,142917
-0,021072	0,037714	0,232131
-0,108801	0,020600	0,229760
-0,169389	0,024134	0,252753
-0,215004	-0,003679	0,334368
-0,215094	-0,024013	0,376675
-0,149101	-0,020163	0,417221
-0,090546	-0,015178	0,329944
-0,058069	-0,023629	0,197866
-0,023469	-0,015070	0,035710
0,007079	-0,036959	-0,060494
0,028649	-0,057338	-0,108723
0,041108	-0,035336	-0,159769
0,078858	-0,001450	-0,188142
0,062134	-0,021277	-0,209888
0,076514	0,004048	-0,296244
0,059295	-0,008249	-0,350960
0,069469	0,025005	-0,335358
0,085263	0,022873	-0,281689
0,095029	0,035535	-0,179380
0,106663	0,053330	-0,085093
0,072879	0,067567	0,047806
0,043936	0,020533	0,168494
0,054314	-0,012309	0,279399
0,006097	-0,021334	0,365255
-0,047795	-0,051552	0,474162
-0,029618	-0,034528	0,504794
-0,016029	-0,039121	0,532155
-0,008038	-0,040867	0,448710
-0,019833	-0,007803	0,322579
-0,036936	-0,015813	0,156549
-0,034346	-0,037553	0,000740
-0,015978	-0,046327	-0,101874
-0,013747	-0,007374	-0,187810
0,011988	0,033371	-0,273784
0,000020	0,051600	-0,373214
0,021086	0,058516	-0,549487
0,033141	0,029576	-0,663686
0,042797	-0,019442	-0,701420
0,036154	0,009349	-0,636783
0,024138	0,031429	-0,488357
0,015477	0,017477	-0,424206
0,010465	0,033134	-0,292441
-0,013649	-0,019464	-0,068279
-0,015717	-0,021320	0,100528
-0,023108	-0,026627	0,253762
-0,092229	-0,029920	0,369648
-0,151347	-0,021067	0,442239
-0,162264	-0,014937	0,500313
-0,105873	-0,010985	0,522833
-0,068414	-0,011669	0,570537
-0,080586	-0,003586	0,520602
-0,049149	0,049805	0,445204
-0,041236	0,040796	0,300622
0,018733	0,026899	0,115046
0,053292	0,025341	-0,086101
0,083808	0,026022	-0,286276
0,096734	0,049553	-0,503874
0,089838	0,036761	-0,652086
0,107307	0,043777	-0,775465
0,104999	-0,009034	-0,760192
0,115603	-0,003394	-0,670397
0,060878	-0,042937	-0,482692
0,022848	-0,052538	-0,290378
-0,010457	-0,004689	-0,073330
-0,018900	-0,029605	0,168302
-0,025655	-0,040921	0,369273
-0,032975	-0,056686	0,506112
-0,056067	-0,051086	0,557159
-0,115716	-0,026501	0,562561
-0,129926	-0,029831	0,475916
-0,071373	-0,034400	0,422859
-0,029327	-0,034222	0,352655
-0,014843	-0,013962	0,361616
0,031216	0,001282	0,334301
0,016355	0,003894	0,344051
-0,025222	0,024185	0,302060
-0,048913	0,022217	0,214829
-0,067853	0,052258	0,164209
-0,068650	0,042759	0,075825
-0,028101	0,050491	-0,059054
-0,018648	0,003992	-0,147805
0,005186	-0,019780	-0,249445
0,003197	-0,034025	-0,287654
-0,007977	-0,032005	-0,264608
-0,008298	-0,046673	-0,194450
-0,030589	-0,020103	-0,082770
-0,016805	-0,003631	-0,076751
0,024862	-0,022058	-0,058532
0,040959	-0,005195	-0,095666
0,072037	0,014997	-0,147395
0,075818	0,035935	-0,212728
0,061619	0,050770	-0,228605
0,049295	0,025296	-0,205870
0,082527	0,023118	-0,166612
0,086139	0,035731	-0,179262
0,070827	0,031454	-0,158730
0,046127	0,032829	-0,053241
0,007214	0,015729	-0,034926
-0,022964	0,023118	0,038136
-0,064343	0,023280	0,014224
-0,068711	0,034908	-0,004893
-0,034851	0,045162	-0,071919
-0,012561	0,060068	-0,155216
0,051243	0,021235	-0,219937
0,109939	0,019869	-0,183616
0,122436	0,019728	-0,135394
0,137207	0,017699	-0,038405
0,108813	0,010326	0,064087
0,060232	0,012094	0,162354
0,013713	-0,002776	0,239063
0,002352	0,023633	0,265945
-0,029722	0,008372	0,267345
-0,071666	-0,016288	0,235898
-0,081271	-0,032183	0,193516
-0,097585	-0,006594	0,104056
-0,106791	-0,016762	-0,034553
-0,116085	-0,012457	-0,169378
-0,101486	0,005354	-0,264788
-0,149182	0,009080	-0,335378
-0,128916	0,011085	-0,382267
-0,089729	0,019403	-0,391995
-0,047846	-0,020867	-0,294444
0,026848	-0,019562	-0,195333
0,047333	0,014990	-0,077738
0,066602	0,008159	-0,008565
0,073386	0,003659	0,041036
0,084576	-0,019094	0,085502
0,080112	0,016328	0,116278
0,061209	0,015932	0,094938
0,082487	0,033814	0,061595
0,075572	0,011732	0,030111
0,048959	-0,004982	0,078679
0,020014	-0,006855	0,066776
-0,046232	-0,027517	0,070657
-0,083922	-0,003813	0,102497
-0,115013	-0,008800	0,078165
-0,126496	-0,037680	0,077851
-0,144287	-0,021525	0,043128
-0,094361	-0,012435	0,013433
-0,077405	-0,008031	0,043315
-0,036069	-0,006425	-0,006535
0,007546	0,001561	-0,095243
0,008905	0,004118	-0,183457
0,014790	0,014793	-0,241577
0,039603	-0,027435	-0,210498
0,027850	-0,045886	-0,109976
0,002162	-0,011806	0,039387
-0,033695	-0,022861	0,129190
-0,078677	-0,034560	0,129207
-0,121365	-0,021911	0,066024
-0,149753	-0,041467	0,076757
-0,117898	-0,035090	0,093010
-0,139326	-0,028072	0,159637
-0,112413	-0,032992	0,210071
-0,088978	0,004258	0,185293
-0,006058	0,042665	0,065874
0,073682	-0,001306	-0,029662
0,100132	0,021941	-0,058202
0,103079	-0,002552	-0,044645
0,150469	0,002744	-0,015599
0,134730	0,017515	0,031564
0,140353	0,033165	-0,017839
0,140053	-0,009857	-0,092799
0,106293	-0,035657	-0,121163
0,049610	-0,033311	-0,062458
-0,001499	-0,040064	0,014194
-0,035672	0,004350	0,200027
-0,108030	0,015919	0,346765
-0,135264	-0,023654	0,399043
-0,139815	0,001194	0,375728
-0,141540	-0,009580	0,353256
-0,157287	-0,038316	0,314209
-0,118164	-0,045972	0,268603
-0,082080	-0,029112	0,280972
-0,049392	-0,028087	0,236264
0,016041	-0,029171	0,133470
0,099979	-0,008969	0,030164
0,110623	-0,027292	-0,066860
0,136386	0,000200	-0,213412
0,110061	0,014527	-0,325881
0,108166	0,015455	-0,457031
0,143039	0,037254	-0,499695
0,149868	0,047040	-0,463916
0,138083	0,019443	-0,427639
0,106634	0,024173	-0,387119
0,074772	-0,002684	-0,280008
0,033011	0,010292	-0,163679
-0,012861	0,035052	-0,061986
-0,055296	0,017507	0,065328
-0,090209	0,015923	0,240934
-0,098021	-0,009284	0,345018
-0,088952	-0,012224	0,429237
-0,053925	-0,008815	0,482257
-0,041224	-0,016634	0,493069
-0,017659	-0,015224	0,453830
-0,004545	-0,028451	0,396585
-0,013218	-0,029474	0,319172
-0,014408	-0,042732	0,185428
-0,027798	-0,052374	0,033425
-0,013620	-0,003594	-0,097759
-0,040584	0,007659	-0,189304
-0,042050	0,007080	-0,245291
-0,009702	0,004712	-0,301579
0,063113	0,035374	-0,391618
0,119448	0,021597	-0,455982
0,162587	0,006743	-0,465347
0,166471	0,013049	-0,386645
0,169566	0,027676	-0,291116
0,167257	0,025022	-0,163948
0,136674	0,023850	-0,001862
0,101673	0,020032	0,137365
0,025797	0,028477	0,219072
-0,036821	0,004581	0,234632
-0,054359	0,002713	0,298802
-0,122967	-0,016030	0,296500
-0,167331	-0,016645	0,277422
-0,175052	-0,032481	0,233425
-0,169729	-0,010653	0,140780
-0,178874	-0,016189	0,058987
-0,143099	-0,008165	-0,009317
-0,076174	-0,022804	-0,021809
-0,015932	-0,001971	-0,054801
0,049511	0,009922	-0,101299
0,089401	0,019424	-0,149033
0,121325	0,012671	-0,202551
0,139199	0,044609	-0,259722
0,160200	0,037604	-0,256618
0,186583	0,025298	-0,247433
0,159801	0,052795	-0,235300
0,105807	0,019250	-0,217928
0,070278	0,020197	-0,103468
0,052401	0,009444	-0,052135
-0,005015	-0,000098	0,006180
-0,034652	-0,020195	0,108375
-0,074645	-0,016156	0,147027
-0,100903	-0,044529	0,227754
-0,149667	-0,054776	0,230091
-0,208809	-0,052439	0,203226
-0,228338	-0,024714	0,136726
-0,234380	-0,039877	0,060541
-0,231559	-0,018498	-0,027226
-0,188116	-0,005216	-0,135746
-0,127507	-0,030039	-0,223514
-0,100089	-0,025936	-0,217117
-0,005376	-0,004477	-0,208179
0,053157	-0,011235	-0,162710
0,079879	-0,040592	-0,101433
0,104126	0,015402	0,017487
0,133093	0,028605	0,096350
0,120842	0,021932	0,123052
0,079437	0,044353	0,082157
0,057800	0,041231	0,038919
