0,039488	0,024456	-0,044939
2,023570	-1,664042	1,557628
1,645663	-1,262276	1,423275
1,383571	-1,005035	1,208529
1,159530	-0,827014	0,995546
0,946777	-0,666397	0,817507
0,658777	-0,558020	0,740199
0,448493	-0,455986	0,648665
0,239093	-0,385858	0,358995
0,062942	-0,340291	0,085134
-0,024342	-0,301920	-0,082259
-0,178458	-0,249202	-0,060058
-0,341960	-0,133285	0,151149
-0,457443	0,024573	0,535604
-0,410962	0,184380	0,968608
-0,189914	0,310309	1,419405
0,156443	0,308587	1,618202
0,426826	0,219099	1,545465
0,677606	0,136973	1,345552
0,920369	0,064559	1,142518
1,061905	-0,023048	0,812500
0,923267	-0,101751	0,264063
0,436941	-0,183879	-0,691851
-0,255696	-0,080062	-1,688332
-0,821305	0,262513	-2,165644
-1,289112	0,762598	-2,182625
-1,525455	1,130098	-1,884967
-1,513418	1,245973	-1,405507
-1,286381	1,188306	-0,738456
-0,904606	1,061741	0,048969
-0,518741	1,015067	0,720083
-0,248366	1,041899	1,246441
-0,022472	1,151476	1,587082
0,206119	1,311916	1,617310
0,438784	1,396213	1,532312
0,604824	1,449282	1,578279
0,814254	1,418960	1,713685
1,094812	1,314245	1,774134
1,374800	1,220915	1,887606
1,642845	1,090696	2,085658
1,924323	0,901280	2,185678
2,168645	0,673148	2,141181
2,266435	0,415936	1,785735
2,065015	0,180466	1,176721
1,598387	0,035205	0,674177
1,078551	-0,002488	0,482836
0,592772	0,009509	0,472463
0,327697	0,003774	0,422977
0,168297	-0,059237	0,430325
-0,059772	-0,108682	0,509933
-0,293936	-0,227716	0,453918
-0,400835	-0,387117	0,163940
-0,425050	-0,524220	-0,199244
-0,451124	-0,610905	-0,631538
-0,364732	-0,620890	-1,020465
-0,264979	-0,677717	-1,473343
-0,155477	-0,788292	-1,866284
-0,101396	-0,956244	-2,152866
-0,172095	-1,053251	-2,383096
-0,338787	-1,083946	-2,550995
-0,443418	-1,142011	-2,593371
-0,562547	-1,204746	-2,609085
-0,798634	-1,203214	-2,728919
-0,993253	-1,133995	-2,810417
-1,164268	-1,146612	-2,870819
-1,355657	-1,119365	-2,921069
-1,524113	-1,089901	-3,049367
-1,648331	-1,049094	-3,085930
-1,813782	-0,919719	-3,094110
-1,883899	-0,844943	-3,078621
-1,740786	-0,986245	-2,941742
-1,474038	-1,188349	-2,772864
-1,065265	-1,390254	-2,781402
-0,946060	-1,301827	-2,868688
-0,976160	-1,157343	-1,997111
-1,179329	-0,922042	-1,012545
-1,906891	-0,194628	-0,403981
-1,972742	0,125853	-0,266679
-1,451777	-0,072658	-0,241114
-1,659420	-0,518771	-0,219710
-1,494174	-1,097841	-0,524364
-1,061257	-1,401161	-1,077414
-0,674714	-1,305768	-1,333110
-0,329078	-0,979490	-1,344210
0,007758	-0,755821	-1,404812
0,208282	-0,642010	-1,473410
0,232702	-0,566282	-1,489971
0,205315	-0,471214	-1,636337
0,238946	-0,493805	-1,716089
0,263948	-0,557861	-1,718598
0,188172	-0,554504	-1,678455
0,064344	-0,628430	-1,528555
-0,040456	-0,701938	-1,134734
-0,343620	-0,595071	-0,649218
-0,616778	-0,513410	-0,188014
-0,879372	-0,408812	0,191483
-1,165107	-0,289696	0,311194
-1,337176	-0,249957	0,315044
-1,296718	-0,304348	0,354501
-1,107284	-0,321054	0,374580
-0,899230	-0,284614	0,438531
-0,660009	-0,314850	0,356575
-0,214849	-0,369665	0,341754
0,436251	-0,520793	0,216909
1,442677	-0,896432	0,176396
1,101468	-0,108064	0,322122
0,522996	0,444103	0,450191
0,544813	0,384982	0,300777
0,749009	0,198806	-0,114688
0,828089	0,041247	-0,544729
0,832942	-0,034995	-0,819816
0,759250	-0,040448	-0,884735
0,690725	0,039468	-0,798767
0,548747	0,112983	-0,662951
0,340353	0,124859	-0,509292
0,148747	0,097019	-0,372961
0,049076	0,033560	-0,292619
0,012454	-0,030623	-0,276234
-0,062827	-0,023534	-0,165445
-0,191033	0,086520	-0,040413
0,023382	-0,113707	0,118976
0,518620	-0,564061	0,466763
0,800834	-0,616923	0,956638
0,791985	-0,483004	1,470169
0,772455	-0,356715	2,048572
0,782686	-0,169491	2,381069
0,981447	-0,113571	2,511056
1,409559	-0,232593	2,749141
1,856444	-0,160220	2,556527
2,114354	0,045164	1,913056
2,139677	0,174998	1,361902
1,953074	0,194589	0,559920
1,808590	0,036921	-0,106556
1,306088	0,213411	-0,543021
0,704893	0,590187	-0,917095
0,262242	0,807343	-1,363827
-0,003768	0,754089	-1,454978
-0,066223	0,441431	-1,686871
-0,004126	0,106062	-1,186691
0,048409	-0,057851	0,119409
-0,050336	-0,221537	1,639314
-0,032615	-0,350569	2,895460
0,363691	-0,491149	3,754796
0,710411	-0,436962	4,141569
1,004083	-0,136972	3,811241
1,673799	0,171025	3,065277
2,495912	0,505522	1,970508
3,079871	0,884227	0,754714
3,173528	1,485970	-0,115443
4,452275	1,239533	-0,644942
5,084538	1,361292	-1,375951
5,202481	1,881038	-2,335209
5,240330	2,277670	-1,757071
4,891373	2,696501	-1,223699
5,108276	2,713622	-1,022050
5,570068	2,442870	-0,382862
5,647412	2,183190	-0,202859
5,501474	2,012788	-0,450544
5,516878	1,610230	-0,302025
5,202625	1,227844	-0,253107
4,525064	1,139331	-0,085652
3,044477	1,789663	0,579831
1,211668	2,679582	1,537424
1,107237	2,405116	2,021944
1,182676	1,886740	2,501491
0,797703	1,862785	3,393661
0,444706	2,053339	4,043237
0,325125	2,110982	4,195136
0,224663	2,087174	3,795684
0,041828	2,114112	3,050915
-0,148508	2,170122	2,201315
-0,249043	2,111512	1,372234
-0,338102	1,958314	0,670664
-0,417969	1,717970	0,147713
-0,514416	1,381078	-0,152850
-0,599239	1,057939	-0,288918
-0,743710	0,822401	-0,301044
-0,889927	0,604296	-0,267654
-1,038517	0,348402	-0,092505
-1,222500	0,169554	0,232454
-1,512386	-0,066432	0,418691
-1,934874	-0,302145	0,392411
-2,411730	-0,555840	0,208582
-2,924416	-0,792303	-0,073515
-3,522272	-0,991057	-0,425596
-4,034065	-1,230504	-0,770482
-4,548859	-1,376102	-1,070329
-4,998987	-1,339334	-1,198145
-5,052645	-1,313765	-1,073445
-4,628212	-1,273192	-0,682535
-4,068402	-1,095177	-0,173494
-3,446262	-0,847405	0,244273
-2,874807	-0,611848	0,509542
-2,424334	-0,457874	0,639383
-2,101320	-0,368216	0,601533
-1,830458	-0,223698	0,516664
-1,631957	-0,094681	0,705420
-1,350573	-0,130335	0,924419
-1,059389	-0,352303	0,586313
-0,589893	-0,642890	-0,017448
-0,541836	-0,643597	-0,268707
-0,943906	-0,440183	-0,386389
-1,263658	-0,442173	-0,407756
-1,369092	-0,639126	-0,334823
-1,458238	-0,811056	-0,052380
-1,569777	-0,944768	0,157290
-1,591966	-1,011515	0,322158
-1,608754	-1,042879	0,514391
-1,585807	-1,045949	0,680616
-1,535833	-0,966056	0,671862
-1,513103	-0,840838	0,541323
-1,465218	-0,772268	0,409121
-1,348396	-0,698259	0,110866
-1,142877	-0,707045	-0,489750
-0,947822	-0,711205	-0,980777
-0,836785	-0,659943	-1,250051
-0,662727	-0,660120	-1,385991
-0,456439	-0,710054	-1,358744
-0,300026	-0,734682	-1,137752
-0,121271	-0,726600	-0,634396
0,038017	-0,759418	-0,236484
0,132880	-0,844082	0,042563
0,157061	-0,930966	0,202605
0,147682	-1,016746	0,229125
0,092279	-1,038458	0,008996
0,005830	-1,060612	-0,207317
-0,071947	-1,039066	-0,470395
-0,075759	-1,027579	-0,768016
0,028468	-1,030828	-1,063559
0,131942	-0,951078	-1,391936
0,277941	-0,862376	-1,625915
0,433998	-0,808663	-1,853307
0,551178	-0,774299	-2,081193
0,748364	-0,783196	-2,319056
0,925254	-0,777875	-2,311104
1,107965	-0,768821	-2,062445
1,239753	-0,715619	-1,640374
1,340399	-0,570578	-1,209833
1,435271	-0,467949	-0,873055
1,461388	-0,407880	-0,551923
1,330951	-0,382810	0,006667
1,095413	-0,467137	0,817443
1,020935	-0,547049	1,664306
1,196948	-0,732610	2,286254
1,403835	-0,893498	2,460107
1,498484	-0,951346	2,245820
1,492793	-0,989959	1,667371
1,494943	-0,972021	0,824412
1,577119	-0,922221	-0,274210
1,670618	-0,887179	-1,418392
1,647749	-0,706862	-2,169967
1,604540	-0,550170	-2,644812
1,651381	-0,501427	-2,995000
1,671618	-0,428913	-3,210978
1,710793	-0,292374	-3,196065
1,800543	-0,175488	-3,077836
1,893413	-0,016843	-2,892262
1,889193	0,167519	-2,720828
2,103199	0,086139	-2,589419
2,161392	-0,046970	-2,372243
1,947474	-0,038528	-2,107536
1,705452	0,043872	-1,933111
1,508978	0,040847	-1,681523
1,340300	-0,020960	-1,472587
1,255150	-0,059859	-1,071771
1,292389	-0,075658	-0,373786
1,381542	-0,096928	0,260261
1,505551	-0,058377	0,726311
1,603794	-0,121409	0,937311
1,541605	-0,150752	0,808260
1,380770	-0,174240	0,514455
1,229115	-0,227490	0,338773
1,008196	-0,258615	0,042137
0,725147	-0,298824	-0,414484
0,461369	-0,296517	-0,880342
0,324087	-0,288935	-1,173536
0,152958	-0,222530	-1,307530
-0,036606	-0,164608	-1,313224
-0,210291	-0,173825	-1,199969
-0,422016	-0,166831	-1,001162
-0,629704	-0,156451	-0,700368
-0,855228	-0,164431	-0,354398
-1,033744	-0,179421	0,053591
-1,099932	-0,236432	0,627052
-1,010182	-0,308860	1,316632
-0,957548	-0,286358	1,989915
-1,054308	-0,117990	2,461512
-1,056044	-0,053218	2,833028
-0,939647	-0,063644	3,288273
-0,943258	0,053480	3,409207
-1,029461	0,135679	2,948594
-0,997861	0,157384	2,262147
-0,978331	0,251359	1,285865
-0,800865	0,360059	0,399505
-0,584187	0,469053	-0,245435
-0,520988	0,669249	-0,832249
-0,452215	0,763329	-1,106327
-0,327299	0,685358	-1,022964
-0,393041	0,562654	-0,645031
-0,660160	0,568873	-0,008457
-0,997391	0,642806	0,654038
-1,367724	0,716320	1,070056
-1,637184	0,692770	1,147183
-1,810614	0,614543	1,236655
-1,899566	0,527072	1,308233
-1,814623	0,405373	1,443071
-1,815615	0,379841	1,586366
-2,004115	0,322073	1,711536
-2,291866	0,294048	1,780081
-2,499082	0,333883	1,654863
-2,528855	0,377239	1,498183
-2,405201	0,432992	1,511718
-2,180826	0,516865	1,773449
-1,946724	0,638541	2,201181
-1,679962	0,726311	2,612324
-1,552746	0,888471	2,742033
-1,476828	1,129282	2,755784
-1,363420	1,307564	2,679640
-1,264076	1,392731	2,089122
-1,167365	1,424475	1,704818
-1,056475	1,451787	1,520922
-1,021388	1,581852	1,205238
-0,835311	1,578641	0,755414
-1,131762	1,567454	0,300755
-1,293276	1,608309	-0,026596
-1,255849	1,820070	-0,502991
-1,232597	1,830506	-0,891760
-1,313604	1,621473	-0,903032
-1,494292	1,576817	-0,738709
-1,614903	1,616752	-0,587134
-1,675956	1,676470	-0,531951
-1,733404	1,742445	-0,370983
-1,618486	1,789476	0,001053
-1,358949	1,867335	0,478724
-1,085243	2,050277	0,632942
-0,801165	2,278992	0,174029
-0,554738	2,445691	-0,514866
-0,310673	2,539780	-1,387772
0,027279	2,403406	-2,475866
0,346470	2,020406	-3,581938
0,077017	1,976408	-4,381554
-0,296553	2,374096	-4,762677
-0,127110	2,358006	-4,918186
0,230624	1,931412	-4,765811
0,539797	1,253991	-4,455252
0,866627	0,388361	-4,119658
0,918363	-0,268705	-3,471935
0,435887	-0,523338	-2,627194
-0,205783	-0,621698	-1,718686
-0,757436	-0,749227	-0,948777
-1,112553	-0,885735	-0,183460
-1,230021	-0,884796	0,694077
-1,270369	-0,704968	1,558911
-1,180053	-0,495970	2,030515
-0,824340	-0,488720	1,896385
-0,523474	-0,386191	1,219269
-0,211919	-0,229461	0,541589
0,155111	-0,091637	-0,099199
0,477483	0,020551	-0,642470
0,666410	0,094968	-1,113488
0,829051	0,064487	-1,477851
1,097066	-0,084408	-1,495440
1,390019	-0,167124	-1,193483
1,596598	-0,130831	-0,712489
1,731221	-0,126686	-0,262582
1,808268	-0,185626	-0,030976
1,783724	-0,202126	-0,015198
1,691298	-0,239277	-0,122290
1,518712	-0,239310	-0,193609
1,232218	-0,283380	-0,248735
0,872762	-0,328217	-0,339771
0,576591	-0,301844	-0,312039
0,329107	-0,319038	0,015652
0,101433	-0,280133	0,578513
-0,103680	-0,213573	1,141802
-0,283103	-0,162240	1,577113
-0,350982	-0,144160	1,740536
-0,262585	-0,141183	1,650034
-0,104721	-0,143599	1,330562
0,177661	-0,198192	1,026144
0,537661	-0,246663	0,960747
0,859169	-0,252872	0,984064
1,037848	-0,227201	0,975923
1,093633	-0,207615	0,918641
1,135392	-0,177590	0,741615
1,097938	-0,143024	0,538702
1,053607	-0,215933	0,351481
1,008572	-0,291496	0,286922
0,956247	-0,350995	0,315732
0,824373	-0,440733	0,412522
0,697803	-0,512510	0,562732
0,580276	-0,635070	0,623526
0,652881	-0,887291	0,643437
0,748318	-1,216449	0,732133
0,505759	-1,073721	0,638380
0,225518	-0,953789	0,549974
-0,210309	-0,901886	0,600868
-0,544626	-0,936988	0,550604
-0,645430	-0,990924	0,478789
-0,693517	-1,066641	0,427086
-0,693668	-1,068791	0,571515
-0,397879	-1,124137	0,816343
-0,001311	-1,252703	1,079247
0,279554	-1,340223	1,155487
0,437205	-1,386290	1,221265
0,585348	-1,468163	1,464475
0,617680	-1,517377	1,710752
0,397416	-1,388206	1,882872
0,023926	-1,140252	2,015795
-0,250927	-0,920820	2,129775
-0,279270	-0,747190	2,075402
-0,130520	-0,658092	1,900702
0,042105	-0,563815	1,595257
0,179253	-0,509475	1,215878
0,320575	-0,491857	0,903745
0,385745	-0,432743	0,606162
0,338283	-0,363443	0,382452
0,216049	-0,345332	0,247551
0,052160	-0,375875	0,170258
-0,003279	-0,357194	0,034693
0,054835	-0,357582	-0,097697
0,242111	-0,382793	-0,209359
0,503979	-0,386679	-0,292939
0,731663	-0,286357	-0,408655
0,836246	-0,191744	-0,549105
0,852871	-0,153395	-0,737123
0,799130	-0,184960	-0,944997
0,667087	-0,214045	-1,063419
0,465664	-0,179854	-1,061417
0,227927	-0,113244	-0,934375
0,065508	-0,103046	-0,850931
-0,077843	-0,151382	-0,722883
-0,283503	-0,151757	-0,653001
-0,520809	-0,181733	-0,673707
-0,802584	-0,178907	-0,628993
-1,011733	-0,161326	-0,575020
-1,196288	-0,115657	-0,512690
-1,278820	-0,013986	-0,477193
-1,275876	0,023284	-0,491886
-1,149034	-0,040748	-0,511307
-0,924012	-0,058453	-0,542163
-0,508411	-0,112851	-0,468203
-0,394278	-0,024192	-0,342958
-0,438970	0,143452	-0,177638
-0,374161	0,158804	0,175834
-0,307947	0,166314	0,595574
-0,124727	0,166572	0,822175
0,152086	0,125591	0,817677
0,406105	0,039181	0,717349
0,500140	0,063913	0,521206
0,367543	0,150728	0,314487
0,100590	0,255616	0,098367
-0,098618	0,348145	-0,146368
-0,246484	0,345545	-0,430254
-0,358088	0,305171	-0,700453
-0,336263	0,239352	-0,939610
-0,293913	0,185732	-1,103153
-0,328026	0,185939	-1,114285
-0,353400	0,234945	-0,951756
-0,398601	0,301908	-0,741300
-0,347604	0,283665	-0,425449
-0,265632	0,251834	-0,063589
-0,247943	0,200515	0,257503
-0,356375	0,192968	0,548862
-0,464189	0,193645	0,850881
-0,582032	0,209506	1,001530
-0,634181	0,199197	1,036819
-0,673983	0,177558	0,926172
-0,690505	0,156414	0,727534
-0,680724	0,117465	0,448910
-0,716967	0,110257	0,181955
-0,752663	0,133213	-0,090020
-0,681610	0,139138	-0,319098
-0,438037	0,146735	-0,456390
-0,506521	0,341497	-0,746276
-0,608257	0,519316	-1,026062
-0,515328	0,486326	-1,068884
-0,373957	0,378526	-1,023662
-0,210103	0,246315	-0,912777
-0,067521	0,147247	-0,713950
-0,056898	0,077575	-0,401641
-0,117344	0,084094	-0,013903
-0,268167	0,109413	0,389195
-0,463533	0,257989	0,696342
-0,775929	0,660334	0,810857
-1,259513	1,350912	0,851713
-1,939434	2,491398	1,118077
-2,284177	3,226615	1,414481
-1,412656	2,153204	1,182342
-0,289280	0,078227	0,327209
0,275180	-1,337553	-0,459364
0,609927	-1,648473	-0,541795
0,803969	-1,387735	0,025291
0,759057	-1,075716	0,505780
0,661835	-0,868227	0,704380
0,654920	-0,775990	0,668851
0,722178	-0,656229	0,412498
0,749166	-0,456026	0,108770
0,709464	-0,269056	-0,170601
0,629827	-0,141502	-0,288751
0,519182	0,034284	-0,271223
0,433546	0,205552	-0,231346
0,369823	0,388538	-0,178375
0,369601	0,437247	-0,072778
0,389528	0,298088	-0,064936
0,365248	0,099603	-0,209957
0,268261	-0,072588	-0,436118
0,147567	-0,159584	-0,688872
-0,038050	-0,226312	-0,878625
-0,229634	-0,202119	-0,877204
-0,375248	-0,155946	-0,764007
-0,446719	-0,100819	-0,666748
-0,474209	-0,007864	-0,625341
-0,455978	0,027229	-0,498357
-0,429907	0,047638	-0,260783
-0,388945	0,093652	0,026005
-0,282421	0,131428	0,303324
-0,107187	0,123331	0,547200
0,028215	0,095797	0,686759
0,107814	0,058437	0,736150
0,141793	0,021859	0,772795
0,118220	-0,013165	0,854784
0,065840	-0,035434	0,972096
0,077575	-0,071438	1,098490
0,054406	-0,092587	1,086617
0,016706	-0,102793	0,948773
-0,073781	-0,116720	0,730296
-0,220878	-0,116362	0,478890
-0,328973	-0,053820	0,182001
-0,337873	0,018236	-0,062224
-0,314354	0,039491	-0,278661
-0,209344	0,012440	-0,456595
-0,100434	-0,019735	-0,548199
-0,071729	-0,020586	-0,644455
-0,081334	0,040038	-0,624743
-0,081339	0,121093	-0,536184
0,011540	0,112206	-0,493120
0,129899	0,045710	-0,450990
0,251404	0,010714	-0,362709
0,256665	-0,003881	-0,226007
0,220652	0,025619	-0,072590
0,177486	0,035815	0,090366
0,109421	0,070790	0,188174
0,067431	0,069083	0,283657
0,043410	0,033245	0,404099
0,058666	-0,011710	0,465979
0,113974	-0,071624	0,443645
0,054790	-0,104223	0,369284
-0,005973	-0,074760	0,222649
-0,079473	-0,056927	0,078509
-0,104765	-0,029270	-0,184263
-0,112535	-0,010965	-0,383958
-0,093861	0,000811	-0,521693
-0,043485	0,033205	-0,579207
-0,006065	0,038051	-0,620421
-0,006768	0,084078	-0,596887
0,023321	0,145790	-0,474641
0,138371	0,158771	-0,432386
0,217948	0,122231	-0,320055
0,272051	0,111189	-0,171767
0,275099	0,091820	-0,047387
0,296691	0,046649	0,078924
0,317797	0,020083	0,147417
0,285842	-0,005002	0,189759
0,210485	-0,015501	0,194898
0,191361	-0,049754	0,178905
0,155970	-0,079061	0,115353
0,056783	-0,066118	0,023325
0,000407	-0,037574	-0,131694
-0,038932	-0,077948	-0,306467
-0,125006	-0,068108	-0,391694
-0,241740	-0,038202	-0,392848
-0,292990	-0,030561	-0,251070
-0,302385	0,012904	-0,048586
-0,300331	0,072567	0,117235
-0,209613	0,072422	0,220204
-0,088210	0,057937	0,325553
-0,042785	0,023364	0,361004
-0,001672	-0,003330	0,304123
0,034100	-0,003629	0,260535
0,032065	0,003798	0,212261
0,078325	-0,012281	0,088412
0,124904	-0,021312	-0,104527
0,136324	0,006888	-0,288565
0,109060	0,016046	-0,387920
0,102567	0,010920	-0,451108
0,045665	0,081527	-0,427927
0,061422	0,110229	-0,397884
0,161186	0,059448	-0,357577
0,252496	0,011169	-0,201785
0,286274	0,003185	-0,030227
0,273075	0,014999	0,238221
0,201211	0,072339	0,482679
0,173420	0,052122	0,679185
0,142569	0,040745	0,779896
0,160979	-0,006674	0,824075
0,122082	-0,038860	0,707149
0,044040	-0,051193	0,547518
-0,022227	-0,077355	0,347988
-0,062801	-0,082942	0,072494
-0,084713	-0,080721	-0,163233
-0,136728	-0,069374	-0,306795
-0,185994	-0,055499	-0,364186
-0,216788	-0,061636	-0,367008
-0,222271	-0,056963	-0,329043
-0,241977	-0,020680	-0,286221
-0,206997	0,039010	-0,169601
-0,219223	0,063765	-0,082044
-0,167725	0,045262	0,032046
-0,046069	-0,007833	0,207594
-0,001419	-0,040751	0,309728
0,029505	-0,065157	0,369413
0,061910	-0,077981	0,418114
0,044742	-0,084418	0,431208
-0,013046	-0,061785	0,340181
-0,076514	-0,052297	0,278847
-0,102398	-0,064823	0,194354
-0,119259	-0,061441	0,124831
-0,103073	-0,036702	0,067309
-0,079590	-0,008292	-0,057249
-0,127832	-0,015252	-0,243077
-0,118550	-0,036139	-0,362052
-0,106327	-0,015508	-0,401690
-0,060159	-0,028691	-0,414248
0,022735	-0,016251	-0,374501
0,084276	-0,009168	-0,293851
0,114345	0,012783	-0,256150
0,099130	0,043747	-0,207788
0,073567	0,028284	-0,073336
0,163236	-0,015679	0,088805
0,147825	-0,066169	0,146703
0,032066	-0,013665	0,191105
-0,066278	0,070464	0,275467
-0,158369	0,132030	0,230908
-0,148717	0,088388	0,162705
-0,086417	-0,003997	0,040137
-0,093072	-0,043420	-0,080891
-0,117561	-0,025153	-0,075248
-0,147674	-0,008636	-0,019024
-0,164111	-0,008825	0,006802
-0,152358	-0,033867	0,015976
-0,056762	-0,074029	0,041516
-0,015722	-0,056343	0,041831
-0,023112	-0,081463	0,023895
0,008329	-0,067087	0,043054
0,009532	0,007622	-0,003862
0,022945	0,073126	-0,064382
0,029855	0,084368	-0,237296
0,033455	0,023439	-0,382330
0,069867	-0,025304	-0,482085
0,028122	-0,024076	-0,475682
-0,113501	0,020961	-0,341288
-0,148259	0,073276	-0,106392
-0,134891	0,058620	0,163885
-0,058108	0,017209	0,338921
-0,012014	-0,040823	0,452142
-0,032597	-0,070012	0,514949
-0,073002	0,023482	0,558480
-0,070852	0,049426	0,488923
0,002693	-0,002586	0,349952
0,026105	-0,053790	0,216753
0,003647	-0,024831	-0,001854
-0,011450	-0,016044	-0,149921
-0,080986	0,045588	-0,303812
-0,020734	0,035518	-0,403938
0,037039	-0,008940	-0,484991
0,006645	-0,023436	-0,542180
-0,013837	-0,021617	-0,471097
-0,037888	-0,014425	-0,338572
-0,053296	0,022944	-0,252657
-0,059873	0,022176	-0,162868
-0,015330	-0,000447	-0,083370
0,027958	-0,002274	-0,023593
0,040555	0,000097	0,080723
-0,016397	-0,013338	0,188113
-0,028437	-0,002040	0,254885
-0,022750	0,034758	0,296803
-0,030651	0,031639	0,327457
0,065506	0,018598	0,238980
0,091663	0,010093	0,107871
0,084829	0,007122	-0,006599
0,091801	0,047836	-0,117327
0,153885	0,070825	-0,194423
0,188233	0,071980	-0,207248
0,211878	0,093986	-0,253908
0,230794	0,056988	-0,234731
0,238260	0,054209	-0,216508
0,173372	0,028048	-0,194275
0,175087	0,055959	-0,236829
0,146783	0,015079	-0,203831
0,101142	0,015884	-0,172635
0,071331	0,058679	-0,151511
0,085800	0,058442	-0,035980
0,117481	0,028553	0,098584
0,105471	-0,005893	0,218687
0,041286	-0,009500	0,339671
-0,027298	0,005804	0,464229
-0,060156	0,031462	0,516000
-0,033757	-0,007387	0,490376
0,009383	-0,048048	0,423904
0,010387	-0,065257	0,363061
-0,020425	-0,073275	0,227241
-0,090083	-0,038503	0,129119
-0,170699	-0,050920	0,075524
-0,136559	-0,052222	-0,047796
-0,172456	-0,020709	-0,170402
-0,145630	-0,041469	-0,239752
-0,102137	-0,019772	-0,327788
-0,060640	-0,044541	-0,338841
-0,056178	-0,025098	-0,316092
-0,007589	-0,024876	-0,244256
0,028402	-0,019900	-0,121662
0,034220	-0,006338	-0,014969
0,025460	0,004500	0,028247
0,022284	-0,010755	0,046547
0,016863	-0,004784	0,139704
0,028810	0,012457	0,191255
0,036464	-0,010139	0,216212
0,054073	0,000507	0,256283
0,054745	0,009024	0,310373
0,030393	0,015838	0,300972
0,005162	0,020324	0,272381
0,012747	0,005725	0,242807
0,074358	0,006496	0,176045
0,111196	-0,028311	0,119767
0,072684	-0,059051	0,093897
-0,017512	-0,039574	0,014779
-0,044661	-0,016339	-0,042755
-0,073070	-0,013072	-0,124231
-0,167636	-0,009493	-0,238252
-0,192519	-0,014308	-0,298817
-0,175085	-0,022934	-0,333866
-0,211894	-0,018347	-0,340836
-0,203036	-0,010844	-0,326294
-0,149025	-0,016342	-0,254333
-0,133588	-0,014990	-0,152710
-0,103037	0,012910	-0,053210
-0,047957	-0,021276	0,031174
0,030592	-0,014152	0,148474
0,052244	-0,016107	0,250945
0,073400	0,008184	0,215124
0,110441	0,012297	0,180717
0,144847	0,023241	0,175213
0,201119	0,015724	0,090378
0,192499	0,047052	-0,001441
0,143465	0,038606	-0,111284
0,117640	0,045240	-0,175221
0,119967	0,051524	-0,257975
0,061501	0,023983	-0,264802
0,030048	0,028757	-0,264515
-0,023850	0,035457	-0,270023
-0,087073	0,009212	-0,219851
-0,088811	0,015988	-0,158645
-0,119889	-0,008279	-0,095312
-0,100697	-0,042060	-0,046562
-0,103543	-0,025982	0,005841
-0,096250	-0,021750	0,038193
-0,098069	-0,050908	0,090894
-0,102394	-0,044559	0,120604
-0,115435	-0,040445	0,193199
-0,122988	-0,017989	0,205316
-0,092653	-0,022045	0,271516
-0,037721	0,007254	0,257435
-0,024440	-0,001851	0,161893
0,006315	-0,006266	-0,021792
0,029942	-0,017464	-0,074892
0,041190	0,014752	-0,127919
0,076055	0,046287	-0,193315
0,109684	0,052349	-0,137415
0,101151	0,038046	-0,059175
0,092420	0,034270	-0,009987
0,043284	0,066674	0,104059
0,078682	0,030366	0,206794
0,084015	-0,006359	0,268866
0,094031	-0,007004	0,285002
0,127898	-0,006555	0,231822
0,125304	-0,026314	0,146200
0,124181	-0,051703	0,052800
0,043803	-0,029863	-0,007565
0,004391	-0,010488	-0,115232
-0,042459	0,022250	-0,158262
-0,059822	0,015896	-0,191734
-0,067010	-0,009317	-0,216595
-0,067976	-0,023738	-0,177109
-0,097472	0,001127	-0,087097
-0,110546	-0,003883	0,036633
-0,119076	-0,011725	0,126987
-0,055039	0,017426	0,147561
0,023962	-0,000426	0,144855
0,012468	-0,009912	0,158023
-0,001512	-0,028047	0,116848
0,031346	-0,005189	0,067612
0,010709	0,032238	0,043555
0,008567	0,021006	-0,059004
0,062396	-0,005229	-0,157335
0,093020	-0,014718	-0,252284
0,065798	0,013128	-0,274606
0,033485	0,031572	-0,255121
0,011456	0,005140	-0,235701
0,002463	-0,000673	-0,208678
-0,028669	-0,004371	-0,151610
-0,018150	0,001301	-0,073412
-0,074847	-0,013327	-0,038613
-0,110647	-0,018328	0,082110
-0,105754	-0,013698	0,161464
-0,109493	-0,013839	0,192379
-0,094308	-0,048412	0,149106
-0,067781	-0,047360	0,178660
-0,065711	-0,033091	0,251155
-0,100457	-0,032222	0,286154
-0,079414	0,001041	0,196367
-0,024261	-0,010666	0,121656
0,014112	0,003919	0,038902
0,053428	0,020371	-0,061774
0,054229	0,008643	-0,109746
0,062536	0,027984	-0,131852
0,115154	0,050158	-0,144752
0,149581	0,051613	-0,159856
