-7,920832	-5,122710	-1,844598
-6,053258	-2,933901	-0,770990
-4,658775	-1,979458	-0,341045
-3,719360	-1,552928	0,102487
-3,197618	-1,786178	0,112628
-2,458520	-1,796605	-0,124368
-1,545536	-0,449190	0,214551
-0,661955	-0,007007	0,263557
0,267039	0,025033	0,011694
1,048533	-0,301679	-0,128518
1,650749	0,057383	0,180593
2,155501	0,965064	0,787884
2,559302	1,606953	1,174143
2,752130	1,561310	1,337616
2,684261	1,815862	0,962858
2,400178	2,502061	0,555816
2,065675	2,407610	0,276141
2,066162	2,286092	0,412404
2,258042	1,599084	0,850779
2,388566	1,623952	1,431269
2,247878	1,352779	1,474380
9,205296	4,206962	1,679746
0,095117	0,432322	1,019727
0,053115	0,728840	0,777483
7,311611	3,516320	0,946056
-1,565364	-0,051255	0,195326
5,920485	3,132507	0,327058
-2,436388	-1,027509	0,067870
5,223666	2,351504	0,225093
4,070628	1,545164	0,339363
-3,746692	-2,298369	0,163535
-2,943736	-2,528063	0,230403
4,394897	1,973695	0,321828
3,462301	1,379805	0,211505
-3,980046	-2,892302	0,031698
-3,153398	-2,413417	0,124934
3,827903	2,665668	0,402891
3,115940	2,140194	-0,098968
-3,857869	-2,884246	-0,382118
-3,086296	-2,698039	-1,132936
3,382581	3,035276	-0,329241
-3,352363	-3,393578	-1,460932
3,169727	2,478845	-0,591638
1,641626	2,029119	-0,218871
-3,850972	-4,206248	-1,121539
1,899663	2,364969	0,064531
-3,644542	-3,937567	-0,894818
-2,555630	-3,961977	-0,547342
2,151980	3,287885	1,058699
2,089247	0,791992	0,961854
-2,525086	-5,823873	-0,727090
1,170479	1,058169	1,068413
-2,361400	-5,989041	-1,132379
-1,958057	-4,362292	-1,748464
1,731338	3,345742	0,588338
0,397163	2,731464	-0,085135
-1,892570	-4,889107	-2,640700
-1,368523	-7,335148	-1,844472
1,115482	1,206159	1,097014
-0,568877	-1,623920	2,454569
-1,564143	-8,396507	-1,190140
-1,672595	-7,827855	-0,170828
-1,115594	0,740647	3,392999
-1,857591	0,263154	2,254820
-1,708555	-6,792409	-1,725805
-2,263023	-6,008401	-1,395963
-2,232193	2,071985	2,632169
-2,092141	1,129073	2,795103
-1,251937	-5,975448	-1,512857
-1,918416	1,988732	2,440740
-0,794038	-5,178104	-1,943542
-0,933957	-4,127165	-1,999093
-1,487860	3,467359	2,296859
-0,702362	-3,428389	-2,119924
-1,302584	4,026380	2,200195
-0,792223	4,143784	1,823988
0,002605	-3,449925	-2,462477
0,231873	-2,032274	-2,268708
-0,450885	5,139133	2,106701
0,202379	5,332383	1,269154
0,480309	-2,540537	-2,873120
0,652335	-0,485181	-2,528286
0,664424	6,469264	1,785872
0,661753	6,171166	1,175929
0,386846	-1,920475	-2,867757
0,309477	-1,444465	-3,190385
1,001437	5,730551	1,130364
0,839447	5,097637	0,191944
-0,082297	-2,808013	-3,529117
0,072036	-1,618319	-3,167978
1,462919	5,599052	0,937076
0,094409	-2,039143	-2,775415
1,480818	5,262393	1,251126
0,116389	-2,431024	-2,386301
2,208309	4,931683	1,219652
-0,187698	-2,364342	-1,999778
1,965039	4,985029	1,528871
2,368333	4,229753	0,912633
-0,886619	-3,420384	-2,011527
-0,410569	-2,537156	-1,632200
2,452830	4,774461	1,435873
2,885423	3,965364	0,864746
-0,990145	-3,524922	-1,719926
3,345129	4,319674	0,588316
-1,269650	-3,048121	-1,447647
3,152164	4,387069	0,913375
-1,424023	-2,994206	-1,187599
-0,802194	-2,196214	-0,337308
3,725666	4,587132	1,222485
3,417133	4,052689	1,935444
-1,633715	-3,101953	0,056024
-0,855053	-2,443264	0,918019
3,950321	4,268695	1,892956
3,673454	2,403883	2,027561
-1,695601	-4,300200	0,463509
0,052895	-4,596767	0,952940
4,811855	2,478170	1,715938
-0,506434	-4,012195	0,924701
4,478450	2,884519	1,487693
-1,040409	-3,847938	1,123931
4,051269	3,015925	1,647077
3,632059	1,875900	1,990711
-1,978351	-4,600550	0,906914
-1,169060	-4,415766	1,200429
3,948751	2,568656	1,645998
-1,395633	-4,574860	0,500929
3,770810	2,440808	1,067625
-1,617899	-4,469754	0,225517
3,592997	2,524892	0,847295
2,920566	2,076376	1,283042
-2,520436	-4,457759	0,305841
-2,039328	-2,953436	0,903403
3,225426	3,756112	1,443315
-2,483358	-2,907160	0,434059
2,870202	3,793132	1,067840
-2,805835	-3,413720	-0,479093
2,595092	3,344803	0,717040
-2,955178	-3,836536	-1,246689
2,475617	3,006549	0,102962
-3,272887	-3,670539	-1,944761
2,135162	3,072131	0,132612
1,386424	2,810049	-0,376468
-3,644332	-3,760523	-1,989596
-3,168234	-2,885864	-2,357641
2,064097	3,681559	0,239462
1,390850	2,631201	-0,597375
-3,486004	-3,885289	-2,603475
-3,202425	-3,299723	-3,055555
1,814617	3,351922	0,103951
-3,384442	-3,409739	-3,522266
1,669003	3,263910	-0,269418
0,448580	2,674639	-0,686069
-3,736182	-3,884862	-3,461617
0,807374	2,947323	-0,798669
-3,449147	-3,666715	-3,551697
0,898037	3,612021	-0,153054
-3,115097	-3,188539	-3,270325
0,066424	4,223269	-0,203830
-3,547075	-2,706116	-3,563589
-3,396814	-1,689995	-3,471302
0,592151	4,701704	0,957706
-0,162030	4,213283	0,161053
-3,439226	-2,683073	-3,605906
-3,563304	-1,549006	-3,283027
0,272254	4,809490	1,273561
-0,555821	4,667174	0,926932
-3,567554	-2,314955	-3,158436
-3,359580	-0,925147	-2,442492
0,325844	5,319880	2,013914
-0,375076	4,929954	1,611131
-3,313569	-2,116035	-2,679003
-3,401500	-0,796649	-1,974689
0,266269	5,430721	2,395545
-0,690823	5,286714	1,724945
-3,540128	-1,838669	-2,595341
-0,699053	5,758168	1,885750
-3,596130	-1,450643	-2,445763
-3,627550	-0,134121	-1,665544
0,134848	5,949880	2,621928
-0,225886	4,925177	2,337874
-3,305114	-2,075498	-2,079287
-2,835582	-1,560823	-1,134914
0,855940	4,766981	3,041655
-2,431993	-2,370567	-0,803916
1,317420	4,065992	3,274909
-1,902694	-3,353062	-0,509170
1,740860	3,279996	3,510705
-1,318832	-4,242287	-0,550322
2,344228	2,512532	3,446742
2,365600	1,335977	3,255270
-1,506814	-4,837581	-1,282783
2,691591	1,638474	3,104456
-1,376106	-4,550103	-1,356051
-0,809818	-3,839233	-0,885690
2,881524	2,789495	3,131064
-1,047988	-4,004609	-1,296466
2,859662	2,577785	2,763886
-1,333726	-4,255419	-1,360160
2,631072	2,377136	2,712931
2,302109	1,256819	2,225484
-2,038297	-4,659642	-2,014534
-1,362550	-4,432402	-1,780139
3,062388	1,953735	2,325575
-1,457408	-4,403907	-1,705395
2,986501	1,976531	2,385371
-1,587055	-3,435874	-1,443088
2,882783	2,750957	2,595216
2,773932	2,147405	2,144305
-2,171198	-3,621136	-1,995140
-1,461211	-3,096060	-1,688028
3,451572	2,727160	2,271452
3,213177	1,438742	1,579712
-2,049999	-4,053014	-2,358104
-1,356592	-3,847524	-1,840525
3,728768	2,065296	1,980163
3,343018	2,012240	2,311797
-2,139628	-3,533523	-1,603146
-1,336380	-1,945959	-0,279103
4,006444	3,457858	3,038831
-1,717199	-2,141103	-0,585940
3,701787	3,301743	2,793362
3,401883	2,338646	2,354709
-2,541725	-2,978834	-1,329854
3,444322	2,175617	1,789734
-2,507774	-3,109257	-1,781833
3,646350	2,106344	1,862771
-2,482721	-3,008250	-1,729084
-1,863622	-2,429579	-1,230074
3,908903	2,749662	2,235241
3,125227	1,714184	1,959976
-3,035597	-3,119839	-1,708208
-2,466776	-2,549489	-1,504440
3,671982	2,263155	2,137836
2,922267	1,933079	1,373244
-3,307590	-2,756283	-2,242793
-2,829904	-2,005876	-2,077641
3,469527	2,505293	1,770761
2,522853	2,226365	1,048946
-3,715167	-2,328902	-2,593717
-3,224902	-1,686950	-2,067314
3,235091	2,512771	1,926245
2,434880	2,094473	1,809084
-3,867109	-2,186753	-2,132830
2,681705	2,051628	2,058481
-3,706625	-2,044833	-2,056683
-3,103173	-2,064806	-2,081946
3,369449	2,034290	2,037911
-3,309621	-2,188918	-2,433143
3,226609	1,743287	1,904541
-3,538128	-2,061493	-2,457636
3,043804	1,845227	1,884946
2,227260	1,428138	1,620557
-4,099185	-2,211951	-2,667210
-3,348285	-1,708284	-1,957596
3,202366	1,987834	2,397578
-5,494442	-2,392285	-3,003048
1,506124	1,388389	1,574324
-6,527433	-2,658745	-1,798146
0,679730	1,175222	2,538246
-0,685508	-0,638619	-1,111264
5,356160	2,829710	3,051233
-0,968568	-1,590033	-1,284788
5,129712	2,068578	2,912414
-2,589741	-1,172546	-1,740527
3,829285	2,400476	2,554811
2,750774	2,142179	1,308945
-3,686531	-1,639757	-2,908159
-3,516039	-0,767971	-2,625253
3,074319	2,739124	1,855112
-3,481312	-1,545184	-2,900165
3,072198	2,166507	1,637608
2,595632	1,472778	1,202852
-3,780742	-2,224432	-2,995459
2,784333	1,636335	1,815530
-3,604439	-2,152771	-2,491386
-3,335471	-1,576683	-1,816937
3,163528	2,200492	2,490261
-3,538531	-1,372080	-2,005219
2,990542	2,374158	2,346414
-3,314039	-1,189513	-2,180693
3,170136	2,520211	2,206035
