-0,401382	4,015235	-0,118333
-0,355175	3,166457	-0,454450
0,460431	-5,216726	0,602788
-0,345587	3,584171	-0,729226
0,468101	-4,882555	0,382967
0,389800	-3,906044	0,589781
-0,433016	4,623553	-0,506301
-0,354072	3,882673	-0,397382
0,461598	-4,642249	0,660221
-0,390613	4,056850	-0,442324
0,439741	-4,502191	0,624301
-0,339161	3,985066	-0,471060
0,480902	-4,559618	0,601312
-0,428985	4,138827	-0,517257
0,416901	-4,437161	0,553863
0,272244	-3,549729	0,404792
-0,542294	4,908440	-0,643835
0,287956	-3,813812	0,460260
-0,545166	4,696332	-0,593926
0,393015	-4,066912	0,494653
-0,461118	4,493852	-0,566412
-0,337638	3,639634	-0,423147
0,527781	-4,834269	0,616613
0,376267	-3,721882	0,485631
-0,496878	4,768470	-0,566626
-0,377390	3,759331	-0,370513
0,529484	-4,736682	0,644869
0,454226	-3,819985	0,600152
-0,508800	4,685584	-0,445319
-0,384061	3,840383	-0,340936
0,564932	-4,669266	0,652691
0,467265	-3,674136	0,445557
-0,552936	4,800617	-0,528843
-0,419370	4,070283	-0,369457
0,591252	-4,483699	0,589723
-0,497790	4,220026	-0,287883
0,595539	-4,369687	0,521695
0,545368	-3,526389	0,348419
-0,557476	4,924597	-0,473266
-0,445115	3,839921	-0,221808
0,713409	-4,681250	0,364133
-0,521753	3,939249	-0,372827
0,652099	-4,601787	0,243317
-0,728458	4,110096	-0,194493
0,590774	-4,465150	0,088019
-0,365408	3,933971	-0,744445
0,966982	-4,596364	-0,623257
0,788905	-3,723049	-0,682437
-0,628184	4,765102	-0,518249
-0,724009	3,671315	-0,255269
0,786667	-4,780617	-0,552099
0,598695	-3,701940	-0,556574
-1,002045	4,714849	0,209386
-0,801636	4,101244	0,282403
0,839692	-4,395406	-0,428722
0,886224	-3,186960	-0,281701
-0,889023	5,056581	0,843270
-0,381854	4,045264	0,192058
1,292519	-4,369937	-0,914984
1,309763	-4,215956	-1,735401
-0,655679	4,130644	0,143342
-0,478585	2,676424	-0,674270
1,320621	-5,362270	-2,071079
-0,936042	3,043784	-0,044787
1,067533	-4,982829	-1,831738
0,662535	-3,457747	-1,235600
-1,286339	4,651658	0,807428
-0,926976	3,571713	1,003799
1,171842	-4,487469	-1,182214
-0,646585	3,341242	1,062461
1,396156	-4,671845	-1,135284
-0,760538	3,235674	1,080075
1,360948	-4,706316	-1,246797
1,081099	-3,780373	-1,051055
-1,104499	4,270556	1,270013
-0,920611	3,362402	1,084853
1,254582	-4,596848	-1,250540
1,041964	-3,554924	-0,762983
-1,157500	4,442830	1,508036
1,134008	-3,548673	-0,873695
-1,053641	4,482852	1,324790
1,156233	-3,582316	-1,032851
-1,035862	4,455937	1,197465
-0,871648	3,832939	0,916654
1,199253	-4,293839	-1,210806
0,829188	-3,404433	-0,930347
-1,233221	4,636644	1,199852
0,810419	-3,474703	-0,961269
-1,168775	4,635396	1,037262
0,797834	-3,545989	-1,144980
-1,178843	4,578368	0,890293
-0,966207	3,742355	0,445059
0,960042	-4,493276	-1,221352
0,668458	-3,954624	-0,640058
-1,198241	4,323461	1,065354
-0,932015	3,197968	0,932185
0,914860	-4,997350	-0,559210
0,662951	-3,798729	-0,347792
-1,044981	4,594328	0,616147
-0,866624	4,050786	0,783984
0,882043	-4,392683	-0,267194
-0,831012	4,324914	0,629620
0,795240	-4,241256	0,173517
-0,977051	4,170310	0,928572
0,678410	-4,364940	0,412679
-0,839962	4,307355	0,538365
0,664762	-4,284486	0,490558
0,485852	-3,289715	0,545639
-0,948050	5,098598	0,376646
0,578291	-3,475320	0,537354
-0,874098	4,950114	0,370018
-0,637112	4,138416	0,271024
0,741896	-4,429449	0,485506
0,524580	-3,696753	0,480321
-0,722883	4,791232	-0,065533
-0,731499	3,718091	-0,136682
0,557348	-4,774161	0,340444
0,308004	-3,857627	0,387250
-0,756430	4,667117	-0,346701
0,313433	-3,789736	0,585950
-0,752087	4,721430	-0,187740
0,293929	-3,654368	0,460350
-0,767690	4,829723	-0,288220
-0,502148	3,450794	-0,424308
0,527409	-4,993220	0,411211
0,429587	-4,408197	0,336628
-0,585458	4,227297	-0,481355
-0,546042	3,359250	-0,443584
0,439755	-5,059186	0,523227
0,344145	-3,963093	0,602413
-0,561247	4,554997	-0,598029
-0,372401	3,866127	-0,217995
0,538642	-4,632569	0,905563
0,415594	-3,460947	0,931261
-0,471944	4,937099	-0,488577
-0,392875	3,949680	-0,283627
0,490120	-4,546113	1,006685
-0,413301	3,831475	-0,516551
0,444118	-4,632976	0,885679
0,347634	-3,759998	0,739182
-0,496651	4,690158	-0,707574
-0,375732	3,790102	-0,612771
0,460244	-4,658092	0,863074
-0,339017	3,979019	-0,639853
0,489616	-4,506959	0,841409
0,376373	-3,467693	0,703766
-0,467596	4,913836	-0,798234
-0,458333	4,237454	-0,607948
0,402028	-4,298026	0,874888
0,275665	-3,430762	0,607994
-0,564990	4,946794	-0,845643
0,371828	-3,925459	0,571268
-0,488059	4,551036	-0,875024
-0,362043	3,409547	-0,709568
0,521100	-4,969933	0,712656
-0,301938	3,445876	-0,679547
0,569184	-4,940869	0,736673
0,470666	-4,082910	0,558699
-0,466744	4,438280	-0,768345
-0,319778	3,458708	-0,561058
0,587455	-4,937641	0,766458
-0,302689	3,539841	-0,662686
0,614758	-4,872551	0,676767
-0,326805	3,829361	-0,734439
0,595466	-4,640934	0,619364
-0,429201	4,163920	-0,660013
0,523914	-4,369359	0,696431
0,411472	-3,449530	0,587783
-0,538098	4,940873	-0,754215
-0,383128	3,967163	-0,655676
0,559380	-4,525911	0,706247
0,455164	-3,559452	0,503720
-0,496691	4,853743	-0,820931
-0,473949	4,051507	-0,718022
0,481663	-4,460099	0,649489
0,331713	-3,522121	0,450655
-0,583608	4,887436	-0,847457
0,366772	-3,864121	0,514696
-0,555560	4,613836	-0,796224
0,373891	-4,021724	0,639938
-0,549865	4,487754	-0,696030
0,432065	-4,176207	0,720093
-0,500284	4,363831	-0,636185
-0,366612	3,463317	-0,494940
0,549670	-4,929374	0,848258
-0,403223	3,756529	-0,542624
0,520381	-4,694805	0,810110
0,454603	-3,686907	0,709365
-0,476357	4,747720	-0,695765
-0,358107	3,782857	-0,502994
0,553554	-4,670959	0,860861
0,404545	-3,644853	0,665710
-0,507718	4,782625	-0,728742
-0,482771	3,841420	-0,598313
0,445137	-4,625371	0,782660
0,325471	-3,730936	0,580170
-0,564072	4,714759	-0,795595
-0,458917	3,764148	-0,720733
0,457315	-4,688189	0,683145
-0,396466	3,879354	-0,763797
0,506422	-4,595359	0,653318
0,420457	-3,691607	0,514995
-0,487229	4,745556	-0,852360
-0,432533	3,818919	-0,656393
0,474360	-4,643202	0,744385
-0,417919	3,953137	-0,612714
0,486051	-4,535827	0,779328
0,396500	-3,666961	0,715378
-0,494529	4,765938	-0,695668
0,362489	-3,833138	0,742075
-0,513186	4,632078	-0,685287
-0,395229	3,705663	-0,571209
0,486993	-4,734058	0,821980
0,427893	-3,787247	0,634605
-0,455110	4,665890	-0,792150
-0,379407	3,755691	-0,626060
0,493898	-4,691134	0,798986
0,379799	-3,653333	0,654508
-0,483038	4,772494	-0,785734
-0,401750	3,772038	-0,582629
0,465478	-4,677530	0,843237
0,349403	-3,757344	0,651610
-0,497586	4,690540	-0,786522
-0,451686	3,806050	-0,659856
0,415760	-4,651575	0,779925
0,347927	-3,690622	0,585642
-0,495673	4,743314	-0,844667
-0,388879	3,764013	-0,744670
0,462912	-4,684601	0,717444
0,431606	-3,854916	0,558636
-0,428728	4,610901	-0,871993
0,423371	-3,975474	0,667265
-0,435316	4,514454	-0,785090
-0,370424	3,641743	-0,554619
0,476866	-4,780980	0,878350
-0,399372	3,923208	-0,542768
0,453708	-4,555809	0,887830
-0,401188	3,988703	-0,580485
0,450863	-4,503664	0,857000
0,337712	-3,564634	0,647302
-0,501644	4,842920	-0,803547
0,355179	-3,850929	0,624933
-0,489106	4,613105	-0,825127
0,427922	-4,034003	0,611355
-0,430911	4,466646	-0,835990
-0,309885	3,518230	-0,675293
0,528795	-4,877795	0,791340
0,384738	-3,848619	0,648391
-0,468912	4,613484	-0,812861
-0,374921	3,653060	-0,624129
0,476557	-4,770502	0,829090
0,373586	-3,847040	0,670932
-0,473940	4,616875	-0,784764
-0,394471	3,701160	-0,650790
0,457232	-4,733579	0,800877
0,365786	-3,763885	0,594744
-0,478261	4,683962	-0,843554
-0,351970	3,785468	-0,720801
0,489313	-4,666696	0,742708
-0,326311	3,899398	-0,715619
0,510330	-4,574513	0,752610
0,408264	-3,613652	0,671025
-0,444768	4,803110	-0,788285
