0,018529	0,053420	0,003419
2,204081	-1,956898	13,167017
1,678023	-1,414212	10,716524
1,212182	-1,049009	8,576100
0,832795	-0,751097	6,740214
0,549390	-0,530968	5,122103
0,268089	-0,403705	3,701198
0,178082	-0,297109	2,692806
0,184604	-0,198417	1,888010
0,179287	-0,057220	1,332283
0,242075	-0,013220	1,002618
0,290376	-0,032598	0,894989
0,352980	-0,121842	0,778247
0,400170	-0,165467	0,665689
0,333551	-0,154408	0,509565
0,160530	-0,059366	0,308055
0,037445	-0,007258	0,176534
-0,016968	0,040153	0,146012
-0,048047	0,102032	0,157032
-0,209861	0,028952	0,261612
-0,377630	-0,371394	0,018713
-0,119182	-0,125692	-0,076961
-0,124081	0,510445	0,236271
0,028116	0,678424	0,404495
0,314583	0,217129	0,581213
0,488214	-0,232351	0,554985
0,492085	-0,322832	0,453570
0,340030	-0,159633	0,450954
0,137002	0,074369	0,432590
0,008088	0,096848	0,420779
-0,053869	0,046827	0,322256
-0,186748	0,004905	0,230034
-0,262399	0,007757	0,172528
-0,338251	0,042595	0,096848
-0,380733	0,088666	0,018104
-0,344809	0,090086	-0,060225
-0,288298	0,061533	-0,145861
-0,221068	0,062630	-0,196169
-0,166320	0,102777	-0,230678
-0,161779	0,129146	-0,188375
-0,129423	0,161740	-0,115263
-0,049913	0,151413	-0,060606
0,006041	0,121131	-0,029332
-0,045924	0,105523	-0,082841
-0,078878	0,027924	-0,128529
0,117904	0,007007	0,272593
0,399816	0,116702	0,686373
0,546831	0,187209	0,731069
0,526527	0,172753	0,694022
0,479632	0,111396	0,881792
0,356899	0,114007	0,949636
0,219431	0,195600	0,888041
0,142988	0,224473	0,975716
0,039696	0,234169	1,078412
-0,075507	0,275433	1,106932
-0,139898	0,267282	1,072289
-0,179911	0,279903	0,989044
-0,233956	0,313949	0,784521
-0,206317	0,351708	0,715728
-0,214846	0,349360	0,702831
-0,214016	0,342696	0,729856
-0,200900	0,320128	0,790745
-0,245962	0,358569	0,918936
-0,287748	0,362514	1,081828
-0,314464	0,384824	1,202572
-0,225716	0,355747	1,370993
-0,006281	0,281717	1,524870
0,207585	0,265595	1,541674
0,427518	0,221107	1,455531
0,591001	0,130914	1,299447
0,649974	0,079828	1,132453
0,574569	0,058113	0,916496
0,383996	0,012970	0,779168
0,255487	-0,017395	0,543854
0,168953	-0,091479	0,145862
-0,007526	-0,170877	-0,252024
-0,210964	-0,137653	-0,611507
-0,350742	-0,062234	-0,928782
-0,442434	-0,067988	-1,201754
-0,504302	-0,154952	-1,470887
-0,438878	-0,220678	-1,622034
-0,290776	-0,066411	-1,680696
0,080551	0,031149	-1,859792
0,519336	-0,206843	-1,877604
0,824392	-0,506405	-1,798970
0,855839	-0,536337	-1,752336
0,679886	-0,359148	-1,709278
0,481665	-0,117811	-1,747623
0,450444	0,051320	-1,762979
0,499223	0,055411	-1,749409
0,457801	-0,045685	-1,675332
0,326019	-0,118909	-1,521272
0,127697	-0,127696	-1,380774
-0,024258	-0,045650	-1,253057
-0,154441	0,020938	-1,217925
-0,240386	0,057937	-1,351671
-0,250731	0,074121	-1,499843
-0,206335	0,037275	-1,650936
-0,154533	0,005870	-1,732553
-0,129364	-0,024027	-1,736556
-0,057531	-0,015401	-1,646862
0,026765	-0,018058	-1,449655
0,109522	-0,012530	-1,203779
0,095272	-0,006204	-1,013780
0,105905	0,044842	-0,863685
0,159431	0,054074	-0,791510
0,215642	0,013572	-0,767278
0,322868	-0,084919	-0,714384
0,412481	-0,118692	-0,649083
0,411394	-0,103572	-0,561405
0,384657	-0,087643	-0,433792
0,346995	-0,075863	-0,364282
0,288131	-0,116232	-0,436030
0,144311	-0,128423	-0,492476
-0,019586	-0,141044	-0,423669
-0,221564	-0,098468	-0,343720
-0,382195	-0,050051	-0,341065
-0,498249	-0,074513	-0,343714
-0,623660	-0,079716	-0,446394
-0,772830	-0,083889	-0,588878
-0,871083	-0,095847	-0,622421
-0,879789	-0,039324	-0,636792
-0,810130	-0,015175	-0,661704
-0,728548	-0,010224	-0,713238
-0,623061	-0,065638	-0,813840
-0,499413	-0,085078	-0,947007
-0,374628	-0,078598	-1,067884
-0,319807	-0,073413	-1,046800
-0,277879	-0,046279	-1,001209
-0,240492	0,048206	-0,889078
-0,141637	0,066348	-0,827131
-0,083622	0,047329	-0,836009
-0,020938	0,065634	-0,929293
0,028269	0,067827	-1,039358
-0,000371	0,088747	-1,165715
-0,033817	0,173463	-1,216056
-0,065360	0,294874	-1,192144
-0,140398	0,337413	-1,169194
-0,183180	0,307283	-1,075186
-0,164745	0,256361	-1,011455
-0,254379	0,256798	-0,971017
-0,380676	0,390277	-0,879279
-0,310290	0,387869	-0,694805
-0,177358	0,267204	-0,488803
-0,084428	0,208014	-0,272293
-0,135536	0,180779	-0,134521
-0,177386	0,165692	-0,021423
-0,194582	0,180441	0,135132
-0,137465	0,192229	0,220154
-0,071666	0,170067	0,274768
-0,015194	0,164789	0,264822
0,079788	0,088728	0,251128
0,169165	0,003953	0,231542
0,207158	-0,071544	0,135441
0,215531	-0,077340	0,045145
0,143689	-0,057087	-0,025176
0,052708	-0,038003	-0,186779
0,040250	0,012688	-0,437692
0,026450	-0,009967	-0,708320
-0,013312	-0,055850	-0,871197
-0,105462	-0,045644	-0,979477
-0,193537	0,006588	-0,911914
-0,267842	0,080929	-0,743887
-0,346439	0,136558	-0,570220
-0,283853	0,129363	-0,561510
-0,228035	0,110192	-0,575624
-0,187213	0,028779	-0,584046
-0,159353	0,029725	-0,612806
-0,098747	0,018994	-0,522801
-0,025372	0,045835	-0,423991
0,021841	0,085521	-0,307589
0,060564	0,092355	-0,227870
0,088673	0,069098	-0,155489
0,142765	0,027508	-0,080337
0,160183	-0,016312	-0,049902
0,176987	-0,029321	0,075007
0,210547	0,035918	0,150985
0,141619	0,088109	0,003942
0,059669	0,098258	-0,292769
0,014215	0,056585	-0,472680
0,000837	0,034734	-0,528498
-0,023268	0,040238	-0,486959
-0,100023	0,083899	-0,405851
-0,166213	0,099676	-0,254771
-0,185643	0,078789	-0,185616
-0,209806	0,052496	-0,156158
-0,232005	0,025713	-0,196753
-0,295736	0,038771	-0,350847
-0,361088	0,105711	-0,454982
-0,388468	0,138207	-0,530623
-0,342378	0,129718	-0,588256
-0,200160	0,100894	-0,556799
-0,084469	0,028042	-0,432988
0,016702	-0,012039	-0,345438
0,035383	-0,011548	-0,217928
0,098216	0,005129	-0,071864
0,184872	-0,029417	0,090946
0,137363	-0,032152	0,218326
0,040945	0,018333	0,509842
-0,018965	0,086493	0,897254
-0,083165	0,087383	1,102788
-0,076103	0,055551	1,211674
-0,071417	0,022407	1,268130
-0,043730	0,030376	1,273086
-0,046483	0,056870	1,302892
-0,046757	0,008142	1,304729
-0,082413	-0,042327	1,242013
-0,069763	-0,073132	1,206220
-0,111353	-0,144699	1,110545
-0,121650	-0,178967	0,936312
-0,154779	-0,186265	0,758632
-0,180329	-0,216053	0,409628
0,455248	-3,178995	-15,536287
0,624685	-1,368123	-5,326870
-2,784139	6,081406	28,653030
1,897420	-0,264221	-12,031958
1,664457	-2,028088	-9,639934
-0,262966	-0,611167	4,618192
0,307730	-1,013738	-3,478469
-0,956660	0,546041	-0,258337
-1,619576	0,669547	-0,349358
-1,371320	0,244500	-0,286188
-1,106638	0,127606	0,250847
-0,934151	0,117405	0,189179
-0,542377	0,049881	0,527710
0,019077	0,071509	0,454737
0,451016	0,227666	0,459554
0,722812	0,275993	0,471073
0,858853	0,239947	0,440066
0,871909	0,208230	0,332900
0,765520	0,201068	0,278771
0,604762	0,176175	0,223017
0,443588	0,206064	0,193734
0,262927	0,185921	0,090827
0,150014	0,113300	0,006573
-0,092598	0,235245	-0,178617
-0,087482	0,182459	-0,281748
-0,030728	0,058809	-0,146871
-0,070542	0,002040	-0,192204
-0,203919	0,100277	-0,331888
-0,100891	0,117575	-0,322968
0,006433	0,106499	-0,135792
0,006111	0,104352	-0,175674
-0,012348	0,064329	-0,125207
0,046616	0,093601	-0,147102
0,111035	0,125638	-0,117682
0,167368	0,117759	-0,097978
0,178902	0,118145	-0,091786
0,173761	0,098349	-0,018839
0,140926	0,107402	-0,080196
0,080184	0,106039	-0,112033
0,010510	0,100151	-0,036001
-0,027981	0,069586	-0,019230
-0,018552	0,036516	-0,028788
-0,002391	0,040700	-0,064204
0,007658	0,032560	-0,056160
0,013792	-0,004592	-0,059284
-0,030141	-0,039111	-0,056057
-0,029862	-0,099282	-0,048667
-0,042090	-0,108160	-0,044683
-0,073894	-0,103765	0,012142
-0,121359	-0,137602	0,016416
-0,170830	-0,137853	0,006431
-0,219025	-0,128470	0,047283
-0,219275	-0,150664	0,063681
-0,214690	-0,144469	0,124687
-0,190905	-0,119409	0,111237
-0,135475	-0,139582	0,135913
-0,078693	-0,123153	0,105862
-0,033267	-0,107153	0,099057
-0,022793	-0,101042	0,109885
-0,009604	-0,056883	0,112810
0,052644	0,004286	0,086415
0,111073	0,038866	0,112235
0,114713	0,029177	0,062005
0,118589	0,063563	0,068769
0,089122	0,085323	0,026279
0,076083	0,094126	0,043045
0,098220	0,117427	0,001880
0,105394	0,112143	0,005337
0,165712	0,128984	0,000437
0,181410	0,100306	-0,057109
0,154711	0,096529	-0,053353
0,119935	0,118410	-0,046515
0,097865	0,127284	-0,042950
0,096480	0,107576	-0,004672
0,061864	0,090846	-0,045877
0,052372	0,086080	-0,045319
0,020829	0,064079	-0,023804
-0,053247	0,019660	-0,016174
-0,101020	0,028179	-0,030176
-0,119122	0,030209	-0,019356
-0,110630	-0,007437	-0,018353
-0,077969	-0,029900	0,022659
-0,034592	-0,035407	-0,010596
0,009668	-0,048442	-0,045831
0,004865	-0,031088	-0,050068
-0,039199	-0,027739	-0,026651
-0,049559	-0,041344	-0,007917
-0,029113	-0,021588	0,025270
-0,034789	-0,013437	0,021181
-0,036450	-0,023201	0,015980
-0,026279	-0,060699	0,056839
-0,070828	-0,064844	0,055054
-0,082517	-0,071028	0,054578
-0,032493	-0,035753	-0,015713
-0,001092	-0,025733	0,010404
0,017315	-0,008136	-0,036685
0,078024	-0,015127	-0,079140
0,106462	0,010884	-0,026923
0,035377	0,009671	0,000483
-0,007135	0,029758	-0,003447
-0,055501	0,040091	0,010658
-0,058768	0,033989	0,033429
-0,037444	-0,003461	0,054514
-0,038574	-0,019053	0,038814
-0,009790	0,011577	-0,000553
0,025689	0,007345	-0,006179
0,065558	0,003008	-0,022180
0,085015	-0,012914	0,002361
0,074713	-0,049601	0,022958
0,077007	-0,041597	-0,026641
0,030002	-0,008375	-0,042382
-0,011436	-0,013402	-0,002302
-0,070440	0,003646	0,028799
-0,094658	0,000036	0,001969
-0,072845	-0,012423	0,023609
-0,064026	-0,029091	0,032290
0,027307	-0,052960	0,030617
0,078352	-0,030869	-0,005194
0,074168	-0,015125	0,000642
0,046884	0,002268	-0,027269
0,013569	-0,008720	-0,040004
0,017557	-0,008893	-0,026254
-0,021392	-0,019566	-0,023884
-0,029564	-0,006070	-0,008573
-0,052375	-0,016356	-0,005894
-0,062017	-0,012120	-0,026749
-0,029496	0,020944	-0,033850
0,018541	0,047407	0,021760
0,073244	0,020689	0,000172
0,093080	0,029955	-0,011349
0,094569	-0,004771	0,033059
0,087154	0,000980	-0,040594
0,060141	-0,012631	-0,056413
0,006938	0,004262	-0,021192
-0,066275	0,003410	-0,032274
-0,078887	0,013263	-0,005714
-0,098534	0,024014	-0,008405
-0,058722	-0,017179	-0,025877
-0,008672	-0,009910	-0,013035
0,000728	0,042830	-0,015213
0,008249	0,028514	-0,004517
0,091828	0,020895	0,027991
0,114637	0,011930	0,025273
0,064903	-0,033546	0,040324
0,016485	-0,036420	0,053328
-0,031819	-0,017637	0,022557
-0,060892	-0,001671	0,036234
-0,027645	-0,025274	0,026119
0,010441	-0,027874	0,042916
0,039956	-0,013680	0,018061
0,063569	0,014910	0,029769
0,073841	0,009047	0,017113
0,051407	-0,022450	-0,026532
0,012403	-0,017960	-0,026023
0,000340	-0,000953	0,004084
-0,001645	-0,028533	-0,018754
-0,023337	-0,017089	-0,051393
-0,049322	0,015064	-0,000892
-0,049028	0,014920	0,017475
-0,028688	0,019602	0,020682
0,003869	0,034834	0,007927
0,015546	0,020202	0,024543
0,036375	0,028613	0,021551
0,108580	0,021938	-0,023946
0,074425	0,044369	-0,024894
0,023139	0,048898	-0,005559
-0,014045	0,009431	-0,034135
-0,039007	-0,004907	0,020580
-0,058025	-0,010627	-0,022806
-0,043551	0,002985	-0,015364
-0,053994	-0,003361	-0,003673
-0,035529	0,001144	0,009513
0,008930	-0,021106	-0,003888
0,000443	-0,075307	-0,038535
-0,006360	-0,041093	-0,003057
-0,010825	-0,038611	-0,007243
-0,008660	-0,051959	0,006657
0,013177	-0,028164	0,027359
0,022041	-0,040732	0,016138
0,034869	-0,029705	-0,029229
0,039382	0,023160	-0,006146
0,006603	0,026194	-0,020237
0,001462	0,001791	-0,019058
-0,021816	0,001432	0,007740
-0,042356	-0,010341	-0,000522
-0,020481	-0,017856	-0,007119
0,043954	0,026902	-0,004731
0,046650	0,003321	0,001953
0,029666	-0,003080	0,018811
0,045755	-0,002464	0,009299
0,058625	0,009516	-0,023212
0,021046	-0,016325	-0,011868
-0,019553	0,038649	-0,006614
