-0,392212	-2,858696	1,791484
-0,275472	-1,023115	1,119142
-0,358251	-1,814246	0,933612
-0,056811	-1,704165	0,417524
0,107744	-1,478227	0,272742
0,201090	-1,542585	0,126278
0,114914	-1,494496	-0,036851
-0,030623	-1,027085	-0,243951
0,021459	-0,653155	-0,317715
0,032487	-0,200819	-0,568218
-0,065926	0,161051	-0,975430
-0,267211	0,473524	-1,615246
-0,206109	0,072433	-2,280292
-0,004035	-0,508867	-2,383388
0,134646	-0,223262	-2,159478
-0,014838	0,457141	-2,432271
-0,195702	0,549544	-2,757739
-0,102944	-0,188456	-3,339819
-0,044057	-0,901410	-3,185052
-0,035245	-0,230910	-2,180378
0,260143	7,574491	-0,621615
0,361307	6,519171	-0,137289
0,000706	-2,543882	-1,232519
0,207376	-2,241916	-1,054952
0,410757	5,956498	0,350257
0,282648	4,504770	0,111694
-0,018738	-4,146214	-1,104864
0,108831	4,282250	0,398557
-0,136332	-4,326615	-0,864028
0,082425	-3,629804	-0,354198
0,289338	4,848572	0,899515
0,469727	3,729586	0,421402
0,151577	-4,810966	-0,524563
0,215252	3,953521	0,319480
-0,052003	-4,631817	-0,606100
-0,141178	-3,460345	-0,484880
0,127681	5,069234	-0,133745
0,109804	4,315816	0,306625
-0,152780	-4,384858	-0,008859
-0,244778	-3,553844	0,529088
0,065430	4,983887	-0,045198
0,014046	3,803278	0,362143
-0,250016	-4,784340	0,758184
-0,215332	-4,057261	0,736761
0,114923	4,487258	-0,701423
0,130237	3,536190	-0,469222
-0,183000	-4,904116	0,915454
0,087022	3,742176	-0,910421
-0,240401	-4,518535	1,511900
-0,192320	-3,362060	2,021443
0,156162	4,822628	-0,623084
0,050305	3,723561	-0,584909
-0,287066	-4,176756	2,731953
0,105317	4,128245	-0,171757
-0,243056	-3,853008	3,062475
0,203167	3,865607	-0,797695
-0,173801	-3,671696	3,321866
-0,123722	-3,159487	2,979198
0,237357	4,236592	-1,576664
-0,146449	-3,597037	3,043375
0,223793	3,459356	-2,177827
-0,192556	-3,255455	3,536655
0,186907	3,732622	-1,783203
0,059706	3,190315	-1,110598
-0,302943	-3,475756	4,120432
-0,349590	-2,926138	3,595072
0,073717	3,564329	-2,276837
-0,002303	2,254010	-1,989982
-0,355232	-4,102030	3,560909
-0,299505	-3,725884	2,488724
0,114320	2,871969	-3,221504
0,244649	1,975870	-2,761035
-0,158204	-4,271980	3,003655
0,447013	2,507796	-2,849055
0,006164	-3,804249	2,980395
0,452123	3,027515	-2,645534
0,010252	-3,388474	3,143212
0,273888	3,321708	-2,601298
-0,142322	-3,130012	3,203341
-0,290029	-2,450392	2,532034
0,129408	3,827064	-3,258752
-0,265565	-3,147007	2,501206
0,151840	3,228896	-3,327642
-0,120265	-3,400834	2,674153
0,268079	3,025835	-3,189285
0,248578	2,427599	-2,520002
-0,161245	-3,704118	3,419054
-0,213253	-2,733505	3,041629
0,189506	3,459394	-3,001752
-0,369356	-2,587616	3,217485
0,066370	3,498055	-2,940887
-0,377695	-2,670129	3,177485
0,059698	3,432045	-2,972887
0,123142	2,620953	-2,472375
-0,262128	-3,476916	3,531465
-0,133106	-2,927066	2,656659
0,249570	3,253693	-3,362329
0,253273	2,541677	-2,766460
-0,153436	-3,562005	3,274489
0,279990	2,806033	-2,861859
-0,125129	-3,349532	3,199623
-0,123082	-2,526433	2,628635
0,250655	3,573212	-3,386202
0,099705	2,857910	-2,741234
-0,260453	-3,276733	3,328395
0,147174	2,734865	-2,858666
-0,222478	-3,375169	3,234449
0,198301	2,695216	-2,964226
-0,171685	-3,361733	3,195724
-0,045432	-2,765983	2,648495
0,293980	3,305120	-3,448308
-0,041524	-2,720617	2,976969
0,289642	3,294163	-3,232400
-0,160084	-2,659154	3,257845
0,194793	3,343333	-3,007700
0,068829	2,801451	-2,347931
-0,265048	-3,210747	3,753999
-0,143102	-2,606895	3,079795
0,198935	3,391670	-3,144304
0,312341	2,353333	-2,607359
-0,063544	-3,594521	3,522253
-0,073814	-2,975192	2,649290
0,257538	3,103639	-3,482071
0,075816	2,613125	-2,854594
-0,255936	-3,393292	3,317828
-0,273685	-2,630377	2,562347
0,104105	3,361621	-3,568696
0,067964	2,758234	-2,931554
-0,268682	-3,259336	3,273331
0,065401	3,020602	-3,036759
-0,273983	-3,050736	3,187718
-0,242166	-2,409951	2,511876
0,132572	3,539258	-3,607624
0,125070	2,736091	-2,759971
-0,222282	-3,297925	3,390255
-0,070590	-2,776213	2,788801
0,260805	3,290255	-3,343434
0,292900	2,570927	-2,621130
-0,082957	-3,454485	3,477571
-0,074025	-2,709970	2,812696
0,258057	3,343250	-3,324318
0,191136	2,797969	-2,582052
-0,164378	-3,273665	3,508027
-0,139162	-2,534676	2,783442
0,205788	3,506278	-3,325104
0,141651	2,674808	-2,713701
-0,203797	-3,394172	3,380898
-0,247293	-2,730657	2,681739
0,121823	3,374125	-3,381658
-0,009776	2,768237	-2,743624
-0,327479	-3,344061	3,332150
0,025078	3,026080	-2,879428
-0,297638	-3,157910	3,203307
-0,084917	-2,572287	2,547326
0,249766	3,520945	-3,468988
-0,033631	-2,670103	2,701020
0,282965	3,458881	-3,330033
0,234032	2,874341	-2,702324
-0,122644	-3,295491	3,328989
-0,090456	-2,789586	2,747447
0,225578	3,386760	-3,269542
0,096206	2,694088	-2,669251
-0,220978	-3,463158	3,332099
-0,019430	2,739944	-2,756940
-0,303110	-3,433410	3,255365
-0,204190	-2,838643	2,734507
0,095144	3,371518	-3,257134
0,252287	2,781470	-2,490813
-0,056666	-3,417256	3,452089
0,061902	-2,695507	2,715714
0,308017	3,486027	-3,272168
-0,035061	-2,899569	2,911261
0,203388	3,340002	-3,099046
-0,061066	-3,171487	2,925839
0,182583	3,122467	-3,087384
-0,116008	-3,360834	2,919849
0,132236	2,989275	-3,073315
-0,142233	-3,324820	2,904584
0,111257	3,018086	-3,085526
-0,136038	-3,194536	2,841197
0,116213	3,122313	-3,136236
-0,086115	-3,065197	2,869567
0,156460	3,209573	-3,130493
0,127605	2,719408	-2,553119
-0,125705	-3,446463	3,424716
-0,154181	-2,626956	2,816370
0,105431	3,486290	-3,248959
0,038387	3,003502	-2,522570
-0,198066	-3,185052	3,483998
-0,150793	-2,509743	2,802518
0,102166	3,561876	-3,278691
0,097052	2,696308	-2,615294
-0,145159	-3,412624	3,428471
0,065362	2,702591	-2,785220
-0,159838	-3,385512	3,315140
-0,120211	-2,792666	2,789986
0,115959	3,313453	-3,311327
0,172020	2,663914	-2,345540
-0,054189	-3,398968	3,685067
0,017926	-2,474066	3,185503
0,206146	3,550846	-3,013097
-0,057527	-2,681762	3,166341
0,145783	3,384689	-3,028426
0,034665	2,470685	-2,568109
-0,158708	-3,576912	3,483868
-0,149945	-2,907488	2,564964
0,065521	3,254501	-3,459178
0,052417	2,649559	-2,889897
-0,143544	-3,460844	3,199232
-0,107175	-2,776335	2,467470
0,097847	3,387764	-3,508391
-0,036373	-2,883302	2,729272
0,154489	3,302191	-3,298949
0,077878	-2,928781	2,950442
0,245889	3,265808	-3,122013
0,224037	2,693593	-2,493009
-0,008704	-3,458308	3,483358
-0,137177	-2,736008	2,763708
0,089525	3,440425	-3,249904
-0,096892	2,782979	-2,615242
-0,276781	-3,402849	3,368676
-0,244404	-2,752917	2,679621
0,011015	3,444373	-3,298830
0,093068	2,717200	-2,654383
-0,132083	-3,472946	3,319021
-0,120986	-2,701760	2,655216
0,116389	3,507592	-3,294871
-0,166024	-2,748032	2,775488
0,080358	3,470575	-3,198654
0,026420	2,788127	-2,552758
-0,200133	-3,473145	3,340034
0,038184	2,863854	-2,702553
-0,190722	-3,412563	3,220197
0,139113	2,943330	-2,704030
-0,111464	-3,379993	3,185901
0,010405	-2,749953	2,594679
0,231078	3,534695	-3,273382
-0,030232	-2,830305	2,776377
0,198733	3,485318	-3,111994
-0,079252	-2,838753	2,889458
0,159518	3,478559	-3,021528
0,154000	2,738163	-2,390812
-0,103126	-3,583283	3,394035
-0,113139	-2,935564	2,646291
0,135815	3,425363	-3,189652
0,008890	2,717610	-2,624771
-0,226688	-3,630663	3,172682
-0,288585	-2,919850	2,461549
0,007816	3,505925	-3,261956
0,013912	2,743463	-2,709140
-0,227554	-3,647034	3,063883
-0,097787	-2,856350	2,458766
0,159497	3,580056	-3,238054
0,234832	2,925322	-2,513847
-0,049860	-3,524879	3,193989
0,211985	3,066834	-2,579528
-0,066966	-3,433270	3,117055
-0,107190	-2,815552	2,554921
0,150802	3,634295	-3,136741
0,080699	2,870073	-2,420889
-0,170351	-3,614593	3,216740
0,067991	3,095574	-2,580060
-0,180517	-3,434192	3,089404
0,100999	3,212298	-2,675129
-0,149294	-3,366834	2,983571
-0,073478	-2,601552	2,340898
0,171312	3,855431	-3,250955
0,193960	3,093916	-2,602615
-0,070559	-3,486431	3,012794
-0,071767	-2,873401	2,356618
0,168314	3,662842	-3,209592
0,063397	2,891997	-2,580409
-0,172692	-3,663307	3,012656
-0,168792	-2,915325	2,448423
0,082318	3,668520	-3,090268
0,073514	2,904177	-2,449235
-0,158541	-3,677438	3,089618
-0,111513	-2,941950	2,502333
0,120297	3,670514	-3,019656
0,142195	3,028327	-2,369767
-0,095751	-3,601413	3,125709
0,195724	3,210703	-2,462674
-0,046809	-3,484973	3,016081
0,196579	3,242578	-2,558036
-0,046124	-3,459473	2,939791
0,179668	3,145315	-2,583365
-0,057514	-3,572814	2,876165
-0,122608	-2,988465	2,254975
0,103162	3,698294	-3,138877
-0,195315	-3,069153	2,431755
0,044483	3,652300	-2,974526
-0,142170	-3,070888	2,524990
0,086999	3,650913	-2,899938
