-5,279557	-3,945880	-0,539863
-3,319808	-2,528613	-0,278697
-2,265203	-1,808420	-0,092744
-1,658970	-1,462055	0,201552
-0,530572	-0,418999	0,352733
0,195973	0,277573	0,649850
0,846148	0,857809	0,642434
1,396925	0,923697	0,613523
1,638396	1,045343	0,735927
1,762636	1,318832	1,178535
1,892667	1,415069	1,348789
1,820520	1,576315	1,446694
1,724503	1,452543	1,310548
1,647690	1,223312	1,010141
1,517303	1,361632	0,930667
1,298099	1,479948	0,821130
1,107416	1,145660	0,863714
0,732740	1,192275	1,012677
0,455978	1,145312	0,963335
0,326484	0,686460	0,579176
0,383742	0,035971	0,003762
5,892436	4,990309	-2,391796
-0,871493	-1,451842	0,335836
4,888247	3,800057	-2,126137
3,713215	3,175213	-1,637851
-2,233655	-2,847595	1,021466
-1,626072	-2,523184	0,863131
3,477269	3,804543	-1,502708
2,720539	2,798526	-1,248124
-2,601696	-3,584270	1,194713
-2,257529	-3,349974	1,239177
2,227982	3,804712	-0,804387
1,797704	2,224187	-0,651170
-2,595841	-4,705341	1,274794
0,703201	2,696481	-0,375817
-2,339868	-5,054215	0,757974
-2,002108	-4,947210	-0,014053
1,300742	3,253632	-1,069869
-1,915452	-5,274884	-0,846640
1,370066	2,991493	-1,735940
-1,967228	-5,576511	-1,770138
0,670100	3,024765	-2,104754
-1,891634	-7,448312	-1,753465
-0,332069	1,792551	-1,672321
-1,822216	-7,289936	-0,892136
-0,276535	1,919252	-0,983258
-1,494185	0,433206	0,692452
-1,341078	-7,497345	0,524038
-1,356269	-5,867662	1,652434
-0,939286	3,149779	1,351871
-2,021387	2,072708	1,298146
-0,822246	-6,136929	0,646410
-2,895011	2,338498	0,842681
-0,546033	-5,706608	-0,325457
-2,390634	0,813801	1,374987
-0,142531	-6,926365	0,100388
-0,611902	-7,793030	0,624145
-2,259498	1,342981	1,498918
-0,566138	-6,518339	0,176554
-2,518415	2,251375	1,382582
-2,669693	1,712027	0,673540
0,109813	-6,007352	-0,905732
-0,341090	-4,798222	-1,329698
-2,518438	3,538396	0,380806
-0,067910	-3,680717	-1,339070
-2,260069	4,413544	0,523071
0,397685	-2,379608	-1,336723
-1,887592	5,454431	0,524949
-0,923035	5,627926	0,130167
1,209639	-2,902272	-1,606363
1,143883	-1,724366	-2,051055
-1,032960	6,025120	0,069652
1,481701	-1,634721	-2,612231
-0,351833	6,172378	-0,291622
1,608072	-1,638413	-2,858702
-0,250737	6,169423	-0,488799
0,357532	6,086692	-0,704744
1,410632	-2,681944	-2,369958
1,136165	-1,257036	-1,949584
0,333783	6,619322	0,194872
0,443198	5,578866	0,048663
0,929708	-3,161858	-1,715609
1,377571	5,044295	0,056098
1,119322	-3,645581	-1,552219
1,523548	-2,594759	-1,119221
1,201573	5,605210	0,701720
1,812077	4,881373	0,799794
0,930154	-3,813120	-0,667164
1,294270	5,249856	1,232847
0,515908	-3,518334	-0,320722
1,629847	5,526625	0,996518
0,331866	-3,291902	-0,256730
0,809328	-2,396072	0,108661
1,619474	5,796343	1,140873
0,591655	-3,152723	0,257056
1,849481	5,151525	1,082867
0,563007	-3,506525	0,647801
1,826562	4,868483	1,395463
2,198369	3,926637	1,543830
0,189255	-4,502967	0,428259
0,733537	-4,368339	0,365587
2,296139	4,126308	1,032745
2,465002	2,435506	0,718961
0,262693	-5,672574	-0,165107
0,715691	-5,219768	-0,070808
2,349233	3,446403	0,485817
2,706629	2,634568	1,101001
0,388622	-5,514563	0,338337
2,923640	3,534634	1,722254
0,545752	-4,804531	1,090486
2,719979	4,263512	2,599720
0,382823	-4,221430	1,792458
2,556396	4,391131	2,884198
0,269878	-4,125156	2,067352
0,660162	-3,652469	2,098141
2,303369	4,716086	1,918519
0,412140	-4,707754	0,927146
2,070261	3,870121	1,195700
0,290982	-5,627898	0,081296
1,973335	3,134006	0,519020
1,825604	1,816648	0,658560
-0,258914	-6,174158	-0,116862
-0,176493	-4,663578	0,343111
1,578204	3,896614	0,918198
1,187000	3,557811	1,196795
-0,809130	-4,762168	0,203834
-0,877094	-3,442072	0,002215
1,089706	4,834628	0,872379
0,649635	3,821744	0,406837
-1,271674	-4,530890	-0,545138
-1,277767	-3,785564	-0,911008
0,800062	4,534137	0,288860
0,394940	3,887738	0,208109
-1,506323	-4,452398	-0,851179
0,190624	4,107729	0,268667
-1,679783	-4,245591	-0,995105
-1,535318	-3,863711	-1,531410
0,604029	4,440805	-0,015090
0,188839	3,392046	-0,633653
-1,670235	-4,787753	-1,907302
-0,089355	4,092468	-1,151855
-1,892791	-4,227416	-2,321864
-0,008294	3,910358	-1,469233
-1,788321	-4,347836	-2,750890
-2,005131	-3,554866	-3,395617
0,177581	4,632230	-1,140990
-2,037922	-3,793318	-3,361496
0,104888	4,422200	-0,976479
-2,003659	-3,880795	-2,777308
0,132298	4,352218	-0,509129
-0,453754	3,712364	-0,596172
-2,105450	-4,464785	-2,276534
-2,006066	-3,487573	-2,725065
0,232055	4,579473	-0,214131
-0,174359	3,288256	-1,764512
-1,976395	-4,738926	-3,377531
-1,734309	-3,408158	-4,210976
0,682436	4,544784	-1,272911
0,025093	4,861371	-1,753654
-2,049809	-3,382214	-3,498794
-2,199002	-1,304056	-3,059464
0,668943	6,097344	-0,287670
-0,138895	6,333209	-0,398648
-2,539260	-2,074022	-2,478819
-0,036122	7,212667	0,364529
-2,866745	-1,202158	-1,918087
-3,618515	0,769354	-1,358298
-0,056965	7,587776	1,123072
-1,284252	7,351650	1,038362
-4,273394	-0,863451	-1,518926
-2,049337	7,095722	1,302986
-4,885462	-1,068193	-1,307226
-1,886626	6,409424	1,874646
-5,093612	-1,370475	-1,045387
-5,009367	-0,767015	-0,361412
-0,423182	5,884402	2,255975
-3,945836	-2,250071	-0,372662
0,621892	4,516074	2,418128
-2,829127	-3,790941	-0,230261
1,515259	3,283378	2,532049
-1,854007	-4,930291	-0,093166
2,369721	2,322755	2,651061
-1,336718	-5,320282	-0,106868
2,783552	2,010763	2,640100
-1,174166	-4,888168	-0,123297
2,931283	2,423340	2,440928
2,674391	2,122504	2,289767
-1,731102	-4,635871	-0,707752
-1,178071	-3,203160	-0,420669
2,930516	3,823413	2,065314
2,627820	3,204264	1,705869
-1,770717	-3,822530	-1,037154
-1,202104	-3,494625	-0,829723
2,895294	3,622803	1,676222
2,546025	2,025043	1,279701
-1,820157	-4,798469	-1,316240
-1,249314	-5,125596	-1,175546
2,850623	2,323285	1,396499
-1,431702	-5,576207	-1,212077
2,704712	1,962796	1,367275
2,471083	0,675445	1,133436
-1,904774	-5,869474	-1,416186
2,717825	1,423184	1,412116
-1,707380	-5,271282	-1,193242
2,830205	2,476309	1,566545
-1,686836	-4,405902	-1,015134
-1,058403	-3,700893	-0,390827
3,104279	3,426234	1,955709
-1,145872	-4,013625	0,192376
3,129348	3,138102	2,360425
-1,213202	-4,137247	0,294588
3,075484	3,039205	2,442194
2,743934	2,049566	1,948687
-1,973593	-4,633937	-0,634846
-1,471639	-3,921620	-0,454260
2,991429	3,136293	1,830388
2,756414	1,994372	1,646955
-2,112409	-4,577050	-0,875045
-1,521415	-3,646320	-0,286415
3,275927	3,145413	1,917477
3,019043	2,592926	1,947603
-2,077825	-3,988128	-0,588526
-1,386512	-3,121566	-0,095498
3,581334	3,432303	2,018412
2,987622	3,113506	1,882817
-2,300447	-3,438751	-0,588557
3,209025	3,344179	1,225973
-2,298331	-3,105792	-1,129661
-1,654833	-1,841223	-1,332669
3,541685	4,308156	1,044304
-1,970926	-2,288652	-1,206059
3,503938	3,727832	1,234257
-2,285188	-2,760319	-0,981909
3,252529	3,350498	1,413577
2,723109	2,144104	1,666728
-3,053916	-3,659519	-0,964989
-2,251642	-2,965914	-0,925184
3,431090	3,002072	1,558224
-2,357318	-3,233573	-1,633925
3,505408	2,541040	1,180426
-2,977578	-2,849958	-1,987485
3,009200	2,847932	0,897578
2,393682	2,089221	1,141117
-3,523916	-3,374632	-1,637723
-2,926368	-2,117572	-0,835281
3,097768	3,351951	1,882393
1,906928	2,596253	1,684344
-3,947146	-2,891358	-1,281996
-3,379847	-2,290107	-0,964320
2,740879	3,125093	1,935952
1,465037	2,431138	1,801530
-4,272727	-3,012269	-1,266184
-3,755206	-2,800457	-0,982309
2,338392	2,795902	1,978598
1,993268	2,022251	1,452664
-3,747942	-3,418467	-1,602313
-2,952396	-2,259876	-1,733770
2,898672	3,302223	1,399001
2,625323	3,354126	0,598345
-3,160330	-2,426823	-2,307341
-2,604860	-1,397623	-2,152259
3,078344	4,090034	1,066702
-3,197434	-1,721635	-1,835572
2,604285	3,830824	1,320051
1,485417	2,964222	1,202160
-3,904404	-2,912489	-1,812047
-3,851189	-2,935104	-1,495596
2,011786	2,935785	1,577299
-0,570018	1,639282	1,062558
-5,514007	-4,013741	-1,908279
-5,246107	-3,226313	-1,135982
0,880559	2,713130	1,873358
3,584475	3,411367	1,460388
-2,209864	-2,565086	-1,613833
5,342602	3,452097	0,866474
-0,798945	-2,489720	-2,176708
-0,417027	-2,121990	-1,909879
4,739406	3,553806	1,341984
-2,338533	-2,507929	-1,528212
3,202200	3,245055	1,647317
-3,162337	-2,977059	-1,398840
2,535390	2,874086	1,756595
2,363835	2,228997	1,447262
-3,172690	-3,463542	-1,736865
-2,316022	-2,640619	-1,381832
3,210940	3,134244	1,789209
2,479498	2,653622	1,480417
-3,082821	-3,093896	-1,759391
-2,604131	-2,314265	-1,369214
2,983115	3,365382	1,848353
-2,595672	-2,486190	-1,334828
2,994290	3,200213	1,916828
-2,606458	-2,812826	-1,627400
2,985660	2,938904	1,682770
2,410810	2,270998	1,121900
-3,149141	-3,353518	-2,107963
-2,580590	-2,476005	-1,724669
3,013317	3,189513	1,625748
-2,713093	-2,450194	-1,635948
2,914109	3,202543	1,698335
-2,661380	-2,501088	-1,441615
2,955480	3,161827	1,853801
2,385279	2,544009	1,631178
-3,174277	-3,119059	-1,720073
-2,562400	-2,778654	-1,444996
3,031734	2,918807	1,891696
2,387089	2,105256	1,344845
-3,171983	-3,457526	-1,971817
-2,468650	-2,896235	-1,715327
3,101454	2,825349	1,683208
2,481164	2,451770	1,277630
-3,091444	-3,180920	-2,033366
2,565837	2,819674	1,312449
-3,024620	-2,886541	-2,004077
-2,435015	-2,424128	-1,549644
3,129278	3,202978	1,814321
2,540069	2,396648	1,679319
-3,043583	-3,227739	-1,708654
-2,342951	-2,781343	-1,029899
3,210848	2,910856	2,227631
-2,562488	-2,722989	-1,476256
3,035218	2,957539	1,870546
-2,649374	-2,677984	-1,639370
2,972233	2,990218	1,734758
-2,690967	-2,702132	-1,635469
2,953588	2,966554	1,720670
2,378189	2,227710	1,445472
-3,203809	-3,346092	-1,872666
2,522098	2,581867	1,698360
-3,105765	-3,055373	-1,653974
-2,515251	-2,283446	-1,231263
3,111242	3,294110	2,027651
-2,596151	-2,539196	-1,405860
3,060249	3,077363	1,885217
-2,704290	-2,692787	-1,593647
2,973737	2,954490	1,734987
2,420616	2,263808	1,313617
-3,211664	-3,289805	-1,953575
-2,599970	-2,562907	-1,593499
3,068180	3,050525	1,729669
-2,693613	-2,576174	-1,613074
3,002358	3,036208	1,704696
-2,770680	-2,660522	-1,616079
2,940703	2,968730	1,702292
2,389417	2,349856	1,370085
-3,251930	-3,215114	-1,892019
-2,586224	-2,725284	-1,444678
3,094484	2,914771	1,832344
