-0,137830	-0,016515	0,006605
0,359951	-0,717106	0,782921
0,274557	-0,545914	0,678058
0,230180	-0,423316	0,529031
0,156373	-0,369305	0,369599
0,064759	-0,307895	0,243958
0,047022	-0,206094	0,162611
0,031868	-0,181147	0,112852
0,034113	-0,143013	0,072081
0,095283	-0,092377	0,077782
0,095379	-0,073902	0,022003
0,053330	-0,023685	0,025257
-0,038745	0,033726	0,044156
-0,085586	0,064322	0,022873
-0,064636	0,036138	0,041285
-0,064160	0,049979	0,055049
-0,042710	0,013165	0,022018
-0,049487	-0,001920	-0,013038
-0,040554	-0,006321	-0,048736
-0,060214	-0,052933	-0,090698
-0,111380	-0,046179	-0,145349
-0,113042	-0,005339	-0,180439
-0,092350	0,014881	-0,234378
-0,043228	0,009988	-0,240176
-0,048950	0,023310	-0,208413
-0,088000	0,060787	-0,169611
-0,097219	0,063950	-0,116537
-0,069157	0,032971	-0,042472
-0,049576	0,005308	0,099140
-0,086585	0,012864	0,211477
-0,040545	-0,019396	0,362627
0,084410	-0,051919	0,466322
0,111571	-0,048237	0,476488
0,095971	-0,029972	0,454933
0,061444	0,040195	0,494184
0,021385	0,085782	0,465256
0,048712	0,065756	0,360718
0,061003	0,049725	0,288574
0,014318	0,051279	0,275867
-0,045040	0,033357	0,224526
-0,065732	0,004663	0,177705
-0,092808	0,003731	0,128760
-0,124039	0,039374	0,137481
-0,089661	0,081304	0,222033
-0,018091	0,154106	0,309792
0,090874	0,197027	0,391486
0,250824	0,141337	0,486529
0,450611	0,064230	0,578835
0,622891	0,002544	0,689081
0,684104	-0,063089	0,708333
0,715838	-0,013118	0,661479
0,759413	0,040262	0,716878
0,792370	0,167232	0,825382
0,826388	0,369381	0,961014
0,844985	0,469797	0,780298
0,847412	0,411274	0,321614
0,825415	0,222721	-0,112374
0,582756	0,080496	-0,613752
0,131976	0,134306	-1,068480
-0,453709	0,407201	-1,256053
-1,070694	0,875467	-0,864058
-1,722290	1,719344	-0,117601
-2,242615	2,579285	0,363695
-2,493201	3,081433	0,695094
-2,416899	3,208311	0,830929
-2,112609	2,955467	1,037277
-1,371179	2,378741	1,238758
-0,333674	1,835000	1,394193
0,651481	1,430646	1,716770
1,316058	1,170372	2,022733
1,682998	0,906610	2,088401
1,908557	0,654427	1,964726
1,976003	0,500555	1,832267
1,863310	0,402360	1,589360
1,632396	0,270166	1,174760
1,349960	0,030342	0,740614
0,943981	-0,160553	0,245811
0,492783	-0,306567	-0,172064
0,040845	-0,343899	-0,439311
-0,273782	-0,395786	-0,657907
-0,508247	-0,490933	-0,782026
-0,637396	-0,617796	-0,920592
-0,688054	-0,762388	-1,049633
-0,699833	-0,839756	-1,169149
-0,669046	-0,888235	-1,327006
-0,659736	-0,955754	-1,571102
-0,607281	-1,031803	-1,774021
-0,544236	-1,136684	-1,964139
-0,428687	-1,198569	-2,137302
-0,249102	-1,317986	-2,229861
-0,087233	-1,488214	-2,354665
0,012574	-1,633028	-2,481327
0,090504	-1,753651	-2,602762
0,074319	-1,781204	-2,640547
-0,002788	-1,669177	-2,433250
-0,089376	-1,496230	-2,127606
-0,162492	-1,390429	-1,857224
-0,160634	-1,445620	-1,677320
-0,207999	-1,496474	-1,485508
-0,258330	-1,507469	-1,309073
-0,242101	-1,492316	-1,072161
-0,172612	-1,509893	-0,800270
-0,090201	-1,525858	-0,582758
-0,029070	-1,575996	-0,481526
-0,022292	-1,663971	-0,696464
-0,055187	-1,706592	-0,955572
-0,134176	-1,673648	-1,032609
-0,192571	-1,607070	-1,087525
-0,205778	-1,539440	-1,160206
-0,343699	-1,476718	-1,171414
-0,627389	-1,390152	-1,243589
-0,933820	-1,384094	-1,480406
-1,209617	-1,417566	-1,897801
-1,478143	-1,256636	-2,377286
-1,571333	-1,065648	-2,678502
-1,434239	-0,890824	-2,575675
-1,205802	-0,740430	-2,323906
-0,830572	-0,676622	-2,066938
-0,467180	-0,624610	-1,801988
-0,225294	-0,587799	-1,475111
-0,141930	-0,599524	-1,149449
-0,095355	-0,627104	-0,832401
-0,131826	-0,730565	-0,492581
-0,301787	-0,864103	-0,020578
-0,335277	-0,691282	0,261271
-0,392721	-0,553978	0,315316
-0,401323	-0,583002	0,266621
-0,393849	-0,631123	0,042825
-0,476920	-0,626529	-0,273149
-0,609466	-0,481106	-0,501991
-0,647509	-0,336045	-0,738702
-0,541945	-0,322473	-0,991267
-0,337792	-0,376729	-1,136825
-0,144782	-0,377042	-1,074182
-0,022930	-0,312168	-0,952241
0,098502	-0,203763	-0,708167
0,174566	-0,086399	-0,501409
0,204777	-0,033682	-0,306315
0,226065	-0,012578	-0,173226
0,205755	-0,010062	0,051043
0,247917	0,005353	0,258229
0,222284	-0,003371	0,338737
0,273591	-0,004613	0,389740
0,360609	-0,074565	0,434387
0,473326	-0,068270	0,652050
0,650633	-0,005776	0,962168
0,839415	0,062420	1,363497
0,968419	0,101645	1,795656
1,025651	0,163677	2,028370
1,020667	0,176913	2,071842
0,964019	0,130996	1,923709
0,840173	0,136401	1,744875
0,656806	0,201064	1,485915
0,242938	0,222143	1,787292
-0,020176	0,336686	2,539782
0,276913	0,301905	2,201333
0,957981	0,003060	1,011200
1,212674	-0,072247	0,449829
1,115696	-0,029062	0,417322
0,904056	0,197014	0,299385
0,805605	0,464069	0,022113
0,837929	0,489053	-0,113511
0,938495	0,384541	-0,032386
1,034268	0,323904	0,160835
0,997885	0,380754	0,401605
0,836614	0,580409	0,739790
0,632902	0,789938	1,122386
0,479503	0,902983	1,545309
0,542587	0,778880	1,953544
0,741479	0,666207	2,215020
0,885273	0,634480	2,313105
1,048197	0,613883	2,245052
1,188118	0,666362	2,036410
1,294293	0,766769	1,875259
1,543015	0,865283	1,697485
2,015870	0,923025	1,444182
2,755213	0,977836	1,258776
3,510445	1,124164	0,876771
3,892450	1,333157	0,107655
3,796785	1,516635	-0,906027
3,386990	1,642349	-1,721770
2,868564	1,654821	-2,171337
2,465322	1,580510	-1,920944
2,338091	1,440629	-0,956397
2,268861	1,277003	0,156172
2,149317	1,145137	1,216698
2,101570	1,019540	2,235578
2,058588	0,984187	3,099522
1,870003	1,090926	3,572330
1,713397	1,272094	3,894082
1,632168	1,438097	3,949409
1,629428	1,541213	3,511945
1,687575	1,674462	3,061436
1,857629	1,912263	2,565018
2,091364	2,175294	2,034778
2,318562	2,394324	1,390322
2,528103	2,455596	0,468691
2,482162	2,410753	-0,578893
2,200256	2,421803	-1,731083
1,887573	2,361698	-2,831924
1,765759	2,229337	-3,619702
1,743004	2,219212	-3,930052
1,667339	2,319340	-3,768456
1,464119	2,434866	-3,219708
1,094683	2,460246	-2,513510
0,728260	2,311056	-1,509942
0,429386	2,004936	-0,364240
0,070560	1,610662	0,686404
-0,371628	1,178398	1,525002
-0,880529	0,871845	1,996674
-1,263714	0,626602	2,222705
-1,504171	0,382532	2,318301
-1,770292	0,205477	2,374660
-2,105761	0,073402	2,354624
-2,455544	-0,156755	2,104927
-2,722919	-0,337063	1,616900
-2,883183	-0,500448	0,988979
-2,952982	-0,550713	0,391830
-3,077779	-0,551655	-0,142395
-3,182389	-0,571573	-0,585095
-3,204799	-0,687105	-0,959361
-3,237093	-0,815920	-1,184078
-3,239943	-0,928541	-1,325546
-3,275731	-1,053123	-1,433935
-3,343632	-1,098200	-1,471807
-3,388382	-1,105537	-1,399625
-3,126343	-1,080755	-1,020103
-2,566187	-1,012077	-0,674346
-1,958150	-0,848932	-0,513622
-1,419035	-0,647542	-0,319907
-1,024132	-0,475895	-0,205168
-0,690973	-0,378799	-0,165099
-0,348799	-0,393066	-0,086108
-0,118150	-0,307752	-0,194350
-0,065785	-0,263437	-0,363293
-0,101468	-0,266293	-0,395017
-0,295701	-0,362436	-0,298777
-0,558338	-0,530317	-0,034078
-0,765579	-0,629198	0,294515
-1,002234	-0,726503	0,677104
-1,172417	-0,812965	1,040633
-1,246308	-0,938629	1,258678
-1,256580	-1,046826	1,311483
-1,297354	-1,092209	1,170817
-1,383598	-1,191711	0,803536
-1,485162	-1,304834	0,331574
-1,553975	-1,387679	-0,054601
-1,681791	-1,392663	-0,347269
-1,735215	-1,388984	-0,482759
-1,711866	-1,377422	-0,556666
-1,728624	-1,399777	-0,619637
-1,735328	-1,432981	-0,697785
-1,740680	-1,448057	-0,850318
-1,716237	-1,368175	-0,997247
-1,626786	-1,286080	-1,061152
-1,463270	-1,231892	-1,200398
-1,176365	-1,182791	-1,434366
-0,812760	-1,199065	-1,678047
-0,351416	-1,238891	-1,928546
0,198664	-1,309069	-1,916324
0,776644	-1,282839	-1,725552
1,318507	-1,155556	-1,600717
1,739547	-0,972333	-1,614802
1,996887	-0,864060	-1,748653
2,102209	-0,796595	-1,881588
2,062920	-0,760811	-1,908457
1,913702	-0,686225	-1,634029
1,833586	-0,616009	-1,222946
1,926561	-0,683395	-0,852905
2,142665	-0,771765	-0,508020
2,174777	-0,926751	-0,321186
1,985951	-1,056476	-0,215762
1,610783	-1,117154	-0,035671
1,244571	-1,245200	0,191739
0,932448	-1,355291	0,408127
0,613806	-1,378239	0,601355
0,318657	-1,379361	0,865117
0,009759	-1,353440	1,237016
-0,154033	-1,284827	1,682972
-0,230490	-1,321868	1,869266
-0,257183	-1,435778	1,806668
-0,220101	-1,481899	1,595688
-0,084150	-1,519748	1,327308
0,355971	-1,522256	0,848284
0,878539	-1,531916	0,040810
1,300426	-1,359615	-0,953765
1,568979	-1,113546	-1,876794
1,735945	-0,829546	-2,585530
1,853233	-0,601393	-3,141019
1,862787	-0,441844	-3,325889
1,742098	-0,313253	-3,202764
1,609157	-0,264006	-2,895476
1,537276	-0,307933	-2,456212
1,392626	-0,366061	-1,850041
1,233814	-0,354140	-1,171659
1,099100	-0,396313	-0,694077
1,152217	-0,568918	-0,425977
1,476266	-0,752021	-0,226817
1,876288	-0,803692	-0,027267
2,091925	-0,742551	0,110340
2,009685	-0,642881	0,078702
1,665206	-0,562181	-0,097927
1,199047	-0,556056	-0,422153
0,704502	-0,553060	-0,834756
0,246610	-0,546830	-1,096845
-0,039261	-0,615601	-0,984739
0,156299	-0,536524	-0,530174
0,608658	-0,355489	-0,155988
0,684216	-0,246073	0,012161
0,408506	-0,230379	-0,215333
0,092175	-0,190053	-0,628125
-0,127371	-0,071598	-1,051243
-0,150737	0,120847	-1,255667
-0,048763	0,275767	-1,386650
0,151566	0,403536	-1,476117
0,369287	0,506703	-1,346568
0,650728	0,607425	-0,926900
0,801186	0,727273	-0,300993
0,808551	0,846150	0,211232
0,798146	0,871329	0,626761
0,797489	0,749724	1,053985
0,663858	0,647668	1,235839
0,325178	0,625397	1,226183
-0,175600	0,629603	1,667604
-0,682533	0,881966	2,418178
-0,814166	1,095355	2,294625
-0,413834	0,859036	1,582868
-0,129955	0,507187	1,529661
-0,212179	0,490027	1,691075
-0,395756	0,765520	1,505131
-0,565604	0,977284	1,246243
-0,702435	0,991569	1,218223
-0,787961	0,889019	1,273370
-0,931077	0,866355	1,301215
-1,206470	1,044561	1,350298
-1,601077	1,266606	1,470021
-1,951236	1,382950	1,518864
-2,277333	1,418555	1,568473
-2,350504	1,421196	1,729790
-2,163876	1,438630	2,080060
-2,001169	1,486084	2,398594
-1,830782	1,511609	2,646719
-1,709791	1,483189	2,815520
-1,664708	1,593558	2,795422
-1,663126	1,701970	2,419248
-1,740389	1,673783	1,657676
-1,807948	1,596644	0,805157
-1,778671	1,544503	0,191147
-1,740893	1,560260	-0,072132
-1,837075	1,681082	-0,280850
-1,879548	1,771989	-0,611582
-1,824464	1,702027	-0,971931
-1,617579	1,669996	-0,957599
-1,330464	1,795677	-0,485476
-1,208024	2,020733	0,127805
-1,134962	2,183530	0,605991
-0,975975	2,293663	0,908084
-0,813336	2,459332	0,983132
-0,801987	2,647422	0,638056
-0,800562	2,686797	-0,021061
-0,810920	2,597631	-0,681486
-0,587445	2,464054	-0,905272
-0,195090	2,425186	-0,738585
0,065144	2,443884	-0,371556
0,170865	2,343925	-0,261808
0,220969	2,089667	-0,478563
0,208379	1,752178	-0,869349
0,081474	1,436215	-1,344784
-0,105292	1,120237	-1,758652
-0,242242	0,785106	-2,135718
-0,393952	0,532321	-2,215190
-0,613001	0,249636	-1,754916
-0,798775	-0,030137	-1,425954
-0,915790	-0,390895	-1,057451
-1,028555	-0,648861	-0,647718
-1,256670	-0,707761	-0,471251
-1,474598	-0,801792	-0,442125
-1,605851	-0,935440	-0,622804
-1,776929	-1,053858	-0,961756
-1,941563	-1,060481	-1,448409
-2,078067	-1,029379	-2,099169
-2,087661	-1,020794	-2,534536
-1,958386	-1,045517	-2,646293
-1,776438	-1,043274	-2,704095
-1,491072	-1,086487	-2,710114
-0,825097	-1,213001	-2,622987
-0,487702	-0,963699	-2,388563
-1,720374	-0,423315	-2,732542
-2,171185	-0,424846	-3,279710
-1,317477	-0,889584	-3,259669
-0,820303	-1,258505	-2,789694
-0,879387	-1,216533	-2,402214
-1,230231	-0,871713	-2,357526
-1,405571	-0,572870	-2,362937
-1,297797	-0,514802	-2,370147
-1,132085	-0,671375	-2,298351
-1,132646	-0,805252	-2,136520
-1,453907	-0,741882	-1,909363
-1,734854	-0,648096	-1,613685
-1,853325	-0,651595	-1,132928
-1,791035	-0,722387	-0,665009
-1,582217	-0,721562	-0,104883
-1,287807	-0,628007	0,558697
-1,007260	-0,504322	1,188205
-0,753135	-0,397708	1,590286
-0,429168	-0,316250	1,907178
-0,002404	-0,211825	2,293797
0,439569	0,001975	2,477652
0,869770	0,223761	2,334539
1,302017	0,412676	2,000749
1,717737	0,474757	1,520155
2,127888	0,436300	1,085887
2,502934	0,372991	0,747079
2,734976	0,381705	0,489448
2,783660	0,444231	0,160760
2,713427	0,472218	-0,102202
2,571047	0,479287	-0,407372
2,528017	0,403547	-0,661077
2,540517	0,269199	-0,714653
2,397294	0,268997	-0,704840
2,095960	0,350232	-0,735295
1,786900	0,424790	-0,680180
1,469742	0,476783	-0,622672
1,123132	0,483891	-0,700212
0,796992	0,401481	-0,750746
0,446053	0,190948	-0,811290
0,046552	-0,045484	-0,870248
-0,518215	-0,278685	-0,859968
-1,112716	-0,371386	-0,424608
-1,470532	-0,329677	0,465721
-1,511606	-0,357589	1,562018
-1,348152	-0,310973	2,492681
-1,152265	-0,164501	3,261161
-0,880637	0,059939	3,795489
-0,436358	0,224160	4,073562
-0,018679	0,374701	4,183972
0,393028	0,430963	4,005100
0,751117	0,387860	3,634085
1,251162	0,348595	3,160088
1,716323	0,325800	2,475397
1,935216	0,248201	1,613533
1,829728	0,030006	0,618536
1,567213	-0,387799	-0,504036
1,336131	-0,831223	-1,148309
1,184786	-1,094020	-1,300752
1,033059	-1,227633	-1,048267
0,805377	-1,199502	-0,390421
0,549490	-1,099421	0,401140
0,208794	-1,015534	0,978834
-0,041742	-0,909156	1,617211
-0,200032	-0,823089	2,230377
-0,262491	-0,837560	2,532251
-0,119978	-1,150797	2,587959
-0,293261	-0,614180	2,726373
-0,493178	0,495070	2,404243
0,220289	0,185362	2,153241
1,241173	-0,647548	2,544284
1,528278	-1,014108	2,683767
1,565469	-1,157978	2,416130
1,520527	-1,104507	2,134967
1,378275	-1,014807	1,951236
1,187849	-0,897075	1,828176
0,931127	-0,771297	1,662700
0,715214	-0,711838	1,448910
0,609525	-0,731323	1,262558
0,667661	-0,712427	0,926722
0,673948	-0,618782	0,442586
0,545860	-0,573566	-0,128597
0,518097	-0,554617	-0,554904
0,495874	-0,573943	-0,901699
0,424471	-0,556835	-1,140818
0,361610	-0,551767	-1,255513
0,318012	-0,596565	-1,431535
0,240054	-0,608453	-1,577137
0,205446	-0,582527	-1,548062
0,216066	-0,506244	-1,293040
0,236061	-0,401162	-0,850557
0,152460	-0,297944	-0,325136
-0,064775	-0,299647	0,139245
-0,411916	-0,260787	0,519367
-0,810282	-0,223949	0,715249
-1,211349	-0,154269	0,846088
-1,516869	-0,096597	1,026431
-1,727765	-0,033222	1,173562
-1,795933	-0,059146	1,079633
-1,701065	-0,061672	0,906797
-1,549512	-0,047421	0,537743
-1,412950	-0,048471	0,146710
-1,274976	-0,057942	-0,256118
-1,076487	-0,062626	-0,587011
-0,856393	0,037045	-0,898649
-0,621906	0,177122	-1,047410
-0,294497	0,343760	-1,121400
0,060325	0,424410	-1,171974
0,324066	0,428591	-1,120489
0,446960	0,412782	-1,026640
0,561560	0,396315	-0,900805
0,563200	0,345775	-0,712026
0,486962	0,355147	-0,458524
0,216230	0,417235	-0,233702
-0,104751	0,517663	-0,004039
-0,340453	0,574067	0,238102
-0,505078	0,548316	0,491189
-0,606137	0,475042	0,716645
-0,694639	0,486345	0,818482
-0,743419	0,582520	0,836744
-0,698165	0,674793	0,744102
-0,547045	0,744778	0,643158
-0,391665	0,763412	0,492505
-0,314284	0,759180	0,306858
-0,204503	0,699275	0,143008
-0,058256	0,560384	0,072268
0,130568	0,432024	-0,026464
0,378344	0,245057	-0,048942
0,667555	0,057191	-0,032452
0,783995	-0,018420	0,088968
0,826391	-0,017604	0,233015
0,723368	-0,006417	0,258238
0,592098	-0,010883	0,286083
0,485177	0,002780	0,341866
0,420698	-0,027464	0,266792
0,357628	-0,014305	0,271856
0,293768	0,046015	0,211736
0,227349	0,137373	0,212492
0,208698	0,169273	0,096251
0,274221	0,148822	-0,073353
0,297905	0,077883	-0,304812
0,322601	0,038356	-0,497634
0,236047	0,005782	-0,692113
0,028901	0,068798	-0,773954
-0,444225	0,456308	-0,555003
-1,293905	1,714412	0,158378
-1,681560	3,329988	0,832512
-0,830966	3,399489	0,527143
0,026670	1,696789	-0,295583
-0,112746	-0,105899	-0,953776
-0,709813	-0,988771	-0,961251
-0,614774	-1,334987	-0,565022
0,131630	-1,630148	-0,112039
0,639691	-1,932353	0,551055
0,713816	-2,009396	1,204113
0,680233	-1,958029	1,513962
0,547067	-1,733061	1,403662
0,316975	-1,275353	1,041533
0,061087	-0,745429	0,757567
-0,093818	-0,284148	0,553381
-0,096124	-0,004174	0,284685
-0,125740	0,186285	0,015139
-0,222223	0,249577	-0,234960
-0,316645	0,220730	-0,445585
-0,488900	0,127744	-0,630369
-0,615216	-0,032839	-0,752330
-0,683714	-0,156508	-0,705294
-0,677208	-0,324413	-0,669582
-0,607855	-0,396482	-0,639096
-0,599285	-0,412950	-0,603220
-0,609677	-0,342811	-0,562056
-0,632346	-0,243597	-0,433373
-0,606438	-0,110600	-0,383087
-0,619220	0,120284	-0,312207
-0,580618	0,345226	-0,326389
-0,426177	0,555832	-0,405716
-0,264330	0,733875	-0,569739
-0,119533	0,834183	-0,747881
0,076761	0,831116	-0,835817
0,249117	0,690747	-0,917653
0,395619	0,467368	-0,910331
0,496537	0,248431	-0,798174
0,531299	0,099148	-0,498720
0,539969	0,010373	-0,037929
0,454961	-0,056826	0,359427
0,337150	-0,148890	0,688811
0,199810	-0,180404	0,995421
0,046835	-0,229553	1,156420
-0,062129	-0,203760	1,261281
-0,140682	-0,124702	1,240788
-0,191074	-0,072943	1,142984
-0,165310	-0,077507	0,954609
-0,122665	-0,068707	0,644938
-0,074194	-0,063584	0,401021
-0,082341	-0,045130	0,157060
-0,054386	-0,054292	-0,041943
-0,032010	-0,038649	-0,246164
0,008865	-0,095079	-0,329097
0,078918	-0,069362	-0,334140
0,139746	-0,058370	-0,309451
0,173088	-0,061051	-0,278213
0,243817	-0,072791	-0,157446
0,258262	-0,061102	-0,129790
0,185540	-0,053667	-0,103832
0,127363	-0,055385	-0,015060
0,106687	-0,033773	0,155542
0,126524	-0,033720	0,364814
0,166344	-0,027940	0,447943
0,222138	-0,084596	0,518291
0,215064	-0,132801	0,532431
0,204607	-0,125394	0,442229
0,187624	-0,128086	0,327916
0,177882	-0,090982	0,141666
0,114523	-0,025862	-0,058090
0,038957	0,009963	-0,258118
0,005299	0,078832	-0,489966
-0,005331	0,093718	-0,515520
-0,065556	0,066356	-0,507215
-0,026591	0,045418	-0,538890
-0,051924	0,035382	-0,588180
-0,077929	0,019688	-0,559607
-0,094899	0,029154	-0,455351
-0,063468	-0,024565	-0,200512
0,013386	-0,020604	0,011978
0,083499	0,019906	0,163757
0,084036	0,012092	0,265088
0,021257	-0,000862	0,304965
-0,066308	0,006012	0,288980
-0,115302	0,000025	0,314509
-0,126714	-0,008598	0,394295
-0,055412	-0,003046	0,417913
-0,047198	-0,020638	0,378374
-0,064577	-0,002142	0,304615
-0,062197	0,023189	0,226456
-0,089015	0,023336	0,141907
-0,012789	-0,013887	0,116394
0,097984	0,000377	0,039490
0,181817	0,007967	-0,006726
0,271870	0,047548	-0,095396
0,296024	0,083058	-0,183579
0,224368	0,077933	-0,228260
0,167995	0,064263	-0,277420
0,127694	0,010224	-0,289929
0,068635	-0,010973	-0,321970
0,045338	-0,014516	-0,382076
0,018070	0,033394	-0,388974
-0,018101	0,076508	-0,408872
-0,095889	0,058337	-0,380723
-0,181094	0,026565	-0,353418
-0,240639	-0,012269	-0,260714
-0,290204	-0,019397	-0,167384
-0,331761	-0,015518	-0,076449
-0,324783	-0,012414	0,033653
-0,321118	0,039874	-0,004682
-0,319138	0,027114	-0,036301
-0,268726	0,000622	-0,056824
-0,203482	-0,006217	-0,060779
-0,124480	-0,042315	-0,025638
-0,092882	-0,048220	-0,059780
-0,085793	-0,015590	-0,035373
-0,043744	0,001896	-0,031167
-0,004343	0,022586	-0,170502
0,030998	0,042006	-0,274304
0,051617	0,057543	-0,358311
0,146640	0,007729	-0,406363
0,243728	0,010016	-0,404571
0,290747	-0,033174	-0,396447
0,268035	-0,017920	-0,347797
0,197179	-0,000921	-0,264835
0,050492	0,044271	-0,173562
-0,043884	0,084257	0,017254
-0,088745	0,063572	0,221628
-0,113134	0,032670	0,448323
-0,121147	0,005066	0,584671
-0,126605	-0,057239	0,617127
-0,175979	-0,063992	0,594263
-0,203039	-0,079916	0,491694
-0,218938	-0,069683	0,444112
-0,180887	-0,072031	0,329435
-0,157161	-0,096882	0,225230
-0,095089	-0,071768	0,156246
-0,042551	-0,045915	0,153732
0,021501	-0,029078	0,160327
0,087123	-0,019430	0,058352
0,126192	0,005525	0,021780
0,145009	0,005384	-0,101326
0,149528	0,001427	-0,199811
0,135906	-0,001727	-0,283384
0,111594	-0,007131	-0,333018
0,082573	-0,015275	-0,347811
0,049775	-0,009351	-0,285915
-0,012854	-0,014183	-0,197128
-0,032304	0,007806	-0,139502
-0,041163	0,042634	0,012897
0,005375	0,024537	0,243033
0,013870	-0,004321	0,397454
0,026416	-0,034096	0,442462
-0,005674	-0,044514	0,464102
-0,018907	-0,015506	0,498650
-0,056312	0,011534	0,510015
-0,042169	-0,030031	0,485576
-0,004047	-0,027858	0,426779
-0,037711	-0,006002	0,306938
-0,077105	0,014351	0,131586
-0,107643	0,001898	-0,102544
-0,100482	-0,006135	-0,312833
-0,080386	-0,029810	-0,487779
-0,006850	-0,011397	-0,544410
0,087415	0,020569	-0,561932
0,179112	0,061462	-0,576926
0,223734	0,033850	-0,563055
0,235481	0,045280	-0,492582
0,210419	0,061114	-0,363414
0,197058	0,052724	-0,206454
0,204583	0,038346	-0,039711
0,201972	0,010572	0,091778
0,143377	-0,000160	0,234311
0,120451	-0,002045	0,355991
0,092528	-0,058142	0,501236
0,027098	-0,107805	0,578161
-0,015675	-0,114016	0,661723
-0,095853	-0,127602	0,632809
-0,142759	-0,051325	0,570407
-0,197532	0,016399	0,406533
-0,242303	0,048556	0,275422
-0,235981	0,018728	0,081470
-0,183988	0,009233	-0,174240
-0,154856	0,023670	-0,432446
-0,114315	0,009366	-0,628464
-0,080917	0,048667	-0,722083
0,003272	0,055218	-0,706951
0,114666	0,050876	-0,646970
0,212399	0,072305	-0,478306
0,285801	0,022407	-0,362540
0,341641	-0,007929	-0,220122
0,330771	-0,019746	-0,066918
0,308672	-0,036867	0,043194
0,307277	-0,026625	0,137985
0,260177	0,012221	0,258825
0,157385	0,024144	0,366032
0,091435	0,001115	0,451810
0,065482	-0,032629	0,567344
0,014080	-0,079728	0,674139
-0,016507	-0,114540	0,715532
-0,090781	-0,094513	0,664356
-0,143487	-0,049744	0,541067
-0,197150	-0,028308	0,406987
-0,212310	0,017576	0,276749
-0,245507	0,022679	0,096900
-0,226093	0,057413	-0,173384
-0,201944	0,055501	-0,327379
-0,205610	0,028129	-0,458229
-0,175975	0,036859	-0,621320
-0,103427	0,038105	-0,702964
-0,077956	0,015164	-0,662920
-0,016393	0,042783	-0,612697
0,073079	0,006456	-0,519845
0,085270	0,012818	-0,394807
0,095035	0,014088	-0,263172
0,070278	0,027555	-0,141592
0,047605	0,002891	0,049531
0,054368	-0,032173	0,191908
0,080836	-0,047760	0,269395
0,060848	-0,033422	0,302674
0,081234	-0,058342	0,301514
