2,044169	-3,767590	-9,359133
1,948423	-3,939932	-9,598496
1,948423	-3,968655	-9,454879
1,862252	-3,901634	-9,435729
1,766506	-4,150572	-9,435729
1,795230	-4,619725	-9,598496
1,862252	-4,734620	-9,502751
1,766506	-4,246317	-9,330409
1,680335	-3,997379	-9,397431
1,622888	-4,792068	-9,541050
1,651612	-5,222923	-9,282537
1,498419	-5,299519	-9,339984
1,555866	-5,443138	-9,196365
1,354800	-5,108028	-8,995299
1,239906	-5,404840	-8,937852
1,096287	-5,883567	-8,985725
1,086713	-6,371870	-8,679339
0,818625	-6,391019	-8,717637
0,751603	-6,486765	-8,516571
0,655857	-6,371870	-8,372953
0,521814	-6,544212	-8,229335
0,483515	-6,505914	-8,066567
0,301599	-6,458041	-8,095291
0,129257	-6,821874	-8,152739
-0,043086	-7,176133	-8,066567
-0,177129	-7,224006	-7,932523
-0,397344	-7,501668	-8,009120
-0,493090	-8,229335	-7,970821
-0,368621	-8,229335	-7,386774
-0,617559	-7,396348	-7,089962
-1,230331	-6,898471	-7,319751
-1,718634	-7,760181	-7,109111
-2,551620	-7,951673	-7,587839
-0,627134	-8,995299	-4,447383
-1,670761	-6,438892	-4,140997
-2,130340	-6,994216	-4,217594
-2,293107	-8,056993	-4,753769
-2,245234	-7,693159	-4,476107
-2,589919	-7,606988	-4,054826
-2,925028	-8,411251	-3,968655
-2,867581	-8,880404	-3,844186
-3,078221	-8,478273	-3,643120
-3,451629	-8,018694	-3,499502
-3,662269	-8,286782	-3,221840
-3,892059	-8,238910	-3,078221
-3,997379	-8,660190	-2,992050
-4,131423	-8,660190	-2,714388
-4,275041	-8,296356	-2,360129
-4,581427	-7,827203	-2,149489
-4,868664	-8,114440	-2,159063
-5,060155	-8,344230	-2,053743
-5,203773	-8,420826	-1,986721
-5,251647	-8,018694	-1,450546
-5,404840	-7,319751	-1,287778
-5,529309	-7,089962	-1,096287
-5,845269	-7,061238	-1,057989
-5,988888	-7,712308	-1,057989
-5,998462	-7,415497	-0,828200
-6,151655	-7,166558	-0,789901
-6,237826	-6,189953	-0,234577
-6,438892	-6,333572	-0,349471
-6,592085	-6,333572	0,023936
-6,821874	-6,228251	0,119682
-6,898471	-6,323997	0,081384
-6,975067	-5,787822	0,464366
-7,176133	-5,433563	0,349471
-7,070813	-5,251647	0,426068
-7,243155	-4,753769	0,780327
-7,386774	-4,801642	0,904796
-7,539967	-4,610151	1,067564
-7,559115	-4,552703	0,885647
-7,645287	-4,389936	1,029265
-7,760181	-3,834611	1,488844
-7,970821	-3,758015	1,575015
-8,047418	-3,633546	1,488844
-8,047418	-3,422905	1,584590
-8,056993	-2,877155	1,642037
-8,056993	-2,982476	1,776081
-8,133589	-2,781410	1,890976
-8,229335	-2,245234	2,044169
-8,315506	-1,996296	2,025020
-8,267632	-1,814379	2,139914
-8,325080	-1,450546	2,245234
-8,353804	-1,326077	2,063318
-8,334655	-1,125011	2,302682
-8,315506	-0,837774	2,369704
-8,305931	-0,837774	2,235660
-8,325080	-0,292024	2,293107
-8,267632	-0,148406	2,360129
-8,420826	-0,387770	2,321831
-8,430401	-0,157980	2,235660
-8,420826	-0,311173	2,350555
-8,478273	-0,177129	2,321831
-8,420826	-0,186704	2,273958
-8,353804	-0,320748	2,475024
-8,516571	-0,378195	2,494173
-8,487848	-0,531388	2,522897
-8,449550	-0,560112	2,676090
-8,545295	-0,473941	2,800559
-8,602742	-0,502664	2,790984
-8,784659	-0,454792	2,714388
-8,880404	-0,473941	2,532471
-8,947427	-0,675007	2,532471
-8,928278	-0,684581	2,580344
-9,014449	-0,569686	2,714388
-9,052747	-0,627134	2,790984
-9,062322	-0,426068	2,762261
-9,100619	-0,483515	2,685664
-9,110194	-0,359046	2,542046
-9,052747	-0,292024	2,570770
-8,966576	-0,282450	2,542046
-8,957002	-0,349471	2,475024
-8,928278	-0,282450	2,446300
-8,937852	-0,253726	2,542046
-8,899554	-0,167555	2,589919
-8,928278	-0,263300	2,599493
-8,937852	-0,292024	2,609068
-8,870831	-0,157980	2,589919
-8,889979	-0,244151	2,542046
-8,928278	-0,292024	2,589919
-8,899554	-0,320748	2,580344
-8,918703	-0,205853	2,561195
-8,928278	-0,282450	2,513322
-8,909128	-0,320748	2,618642
-8,928278	-0,359046	2,522897
-8,861256	-0,473941	2,609068
-8,899554	-0,378195	2,666515
-8,966576	-0,416493	2,580344
-9,014449	-0,397344	2,618642
-9,033598	-0,349471	2,417577
-8,966576	-0,263300	2,446300
-8,976151	-0,225002	2,455875
-8,947427	-0,215428	2,417577
-8,899554	-0,110107	2,446300
-8,889979	-0,205853	2,408002
-8,861256	-0,196278	2,350555
-8,870831	-0,196278	2,388853
-8,918703	-0,272875	2,293107
-8,937852	-0,301599	2,331405
-9,033598	-0,215428	2,417577
-8,995299	-0,359046	2,532471
-9,024023	-0,406919	2,618642
-8,985725	-0,483515	2,628217
-9,024023	-0,493090	2,455875
-8,976151	-0,464366	2,446300
-9,033598	-0,464366	2,561195
-9,062322	-0,540963	2,513322
-9,052747	-0,454792	2,465449
-9,004874	-0,473941	2,436726
-8,976151	-0,406919	2,417577
-8,966576	-0,406919	2,484598
-8,957002	-0,349471	2,398427
-8,928278	-0,301599	2,312256
-8,842107	-0,416493	2,273958
-8,861256	-0,378195	2,379278
-8,880404	-0,301599	2,360129
-8,880404	-0,359046	2,340980
-8,985725	-0,301599	2,446300
-8,995299	-0,292024	2,455875
-9,033598	-0,349471	2,398427
-9,024023	-0,320748	2,475024
-9,052747	-0,416493	2,551620
-9,033598	-0,416493	2,589919
-9,033598	-0,435643	2,455875
-9,024023	-0,521814	2,427151
-9,004874	-0,512239	2,494173
-9,033598	-0,521814	2,446300
-9,004874	-0,560112	2,427151
-9,052747	-0,454792	2,408002
-9,024023	-0,406919	2,302682
-8,966576	-0,378195	2,360129
-8,937852	-0,359046	2,340980
-8,880404	-0,339897	2,388853
-8,889979	-0,406919	2,465449
-8,861256	-0,406919	2,455875
-8,851681	-0,406919	2,340980
-8,861256	-0,368621	2,273958
-8,861256	-0,387770	2,197362
-8,832532	-0,416493	2,446300
-8,909128	-0,435643	2,455875
-8,909128	-0,406919	2,475024
-8,937852	-0,311173	2,427151
-8,995299	-0,445217	2,427151
-9,033598	-0,330322	2,513322
-9,033598	-0,416493	2,369704
-9,004874	-0,359046	2,388853
-9,014449	-0,368621	2,388853
-9,024023	-0,512239	2,350555
-9,004874	-0,473941	2,369704
-8,995299	-0,493090	2,350555
-8,957002	-0,560112	2,360129
-8,947427	-0,655857	2,398427
-8,966576	-0,713305	2,398427
-8,918703	-0,780327	2,350555
-8,976151	-0,770752	2,388853
-8,928278	-0,780327	2,350555
-8,889979	-0,722879	2,369704
-8,918703	-0,636708	2,398427
-8,889979	-0,770752	2,321831
-8,861256	-0,703730	2,446300
-8,870831	-0,703730	2,379278
-8,928278	-0,751603	2,302682
-8,870831	-0,837774	2,408002
-8,889979	-0,780327	2,302682
-8,832532	-0,856923	2,273958
-8,832532	-0,809050	2,321831
-8,813383	-1,000542	2,369704
-8,755936	-1,077138	2,379278
-8,803808	-1,038840	2,312256
-8,717637	-1,211182	2,340980
-8,775084	-1,249480	2,388853
-8,765511	-1,297353	2,350555
-8,717637	-1,297353	2,254809
-8,708063	-1,373949	2,245234
-8,660190	-1,517568	2,340980
-8,621892	-1,594164	2,350555
-8,564445	-1,728208	2,264384
-8,535721	-1,795230	2,197362
-8,545295	-1,938848	2,235660
-8,564445	-1,862252	2,197362
-8,574018	-1,996296	2,072892
-8,449550	-2,120765	2,101616
-8,392102	-2,264384	2,111191
-8,353804	-2,465449	2,120765
-8,344230	-2,475024	2,072892
-8,344230	-2,800559	2,005870
-8,238910	-2,934603	2,063318
-8,210186	-3,097370	1,957998
-8,114440	-3,106945	2,005870
-8,076141	-3,250563	1,881401
-8,018694	-3,528225	1,795230
-8,104865	-3,547375	1,823954
-7,961247	-3,700568	1,804805
-7,884651	-3,786739	1,823954
-7,731458	-3,920783	1,852677
-7,539967	-4,188870	1,776081
-7,520817	-4,361212	1,651612
-7,492094	-4,447383	1,536717
-7,472944	-4,629300	1,498419
-7,463370	-4,753769	1,488844
-7,396348	-4,973984	1,393099
-7,281453	-4,973984	1,354800
-7,166558	-5,117602	1,421822
-7,080388	-5,404840	1,402673
-6,994216	-5,510159	1,479270
-6,888896	-5,519734	1,517568
-6,754852	-5,835695	1,421822
-6,620809	-6,209103	1,383524
-6,458041	-6,247401	1,335651
-6,505914	-6,304848	1,192033
-6,304848	-6,735703	1,067564
-6,237826	-6,716554	1,192033
-6,113357	-6,659107	0,828200
-5,854844	-7,109111	0,636708
-5,644203	-7,281453	0,828200
-5,634629	-7,310177	0,588835
-5,299519	-7,683585	0,473941
-5,165475	-7,693159	0,406919
-5,012282	-7,808054	0,138831
-4,792068	-8,018694	-0,004787
-4,552703	-8,143164	-0,052660
-4,322914	-8,076141	-0,244151
-4,198445	-8,363379	-0,445217
-3,978230	-8,593168	-0,828200
-3,825037	-8,985725	-1,125011
-3,748441	-8,995299	-1,345226
-3,700568	-9,062322	-1,536717
-3,719717	-8,842107	-1,737783
-3,643120	-8,708063	-2,015445
-3,461204	-8,813383	-1,756932
-3,269712	-8,564445	-1,919699
-3,068647	-8,554870	-2,101616
-2,743112	-8,803808	-2,034594
-2,637791	-9,052747	-2,427151
-2,484598	-8,899554	-2,704813
-2,417577	-8,937852	-2,963326
-2,350555	-9,062322	-3,470778
-1,977147	-9,407005	-3,480353
-1,680335	-9,196365	-3,461204
-1,507993	-8,976151	-3,499502
-1,527142	-8,660190	-4,026103
-1,670761	-8,277207	-5,356966
-1,201607	-8,928278	-5,175050
-0,751603	-9,052747	-4,591002
-0,531388	-8,784659	-5,127177
-0,512239	-8,420826	-5,979313
-0,253726	-8,344230	-6,419743
0,043086	-8,363379	-6,534637
0,119682	-7,922949	-6,793150
0,205853	-7,769756	-6,908045
0,215428	-7,472944	-7,128260
0,349471	-6,821874	-7,654861
0,397344	-6,582510	-7,970821
0,627134	-6,496339	-7,884651
0,828200	-6,314423	-8,114440
0,742028	-6,209103	-8,918703
0,684581	-6,438892	-9,359133
1,019691	-5,883567	-8,832532
0,952669	-5,021857	-9,225089
1,029265	-5,194199	-9,454879
1,182458	-4,926111	-8,822957
1,239906	-4,112274	-9,138918
1,230331	-4,045252	-9,962330
1,431397	-4,006954	-9,876159
1,575015	-3,566524	-9,713391
1,603739	-3,250563	-9,215514
1,575015	-2,953752	-9,282537
1,728208	-2,771835	-9,809137
1,967572	-2,752686	-10,144247
2,063318	-2,733537	-9,636795
2,025020	-2,647366	-9,655944
2,034594	-2,609068	-9,981480
2,082467	-2,503747	-10,527229
2,245234	-2,273958	-10,536804
2,254809	-2,149489	-10,412334
2,187787	-2,264384	-10,134672
2,235660	-1,919699	-10,172971
2,331405	-2,025020	-10,527229
2,331405	-2,063318	-10,211268
2,226085	-1,900550	-9,924032
2,273958	-1,967572	-10,010203
2,187787	-2,235660	-10,010203
2,168638	-2,522897	-9,885734
2,178212	-2,580344	-9,847435
2,139914	-3,059072	-9,895308
2,159063	-3,288862	-9,761265
2,149489	-3,403756	-9,818711
2,216511	-3,384607	-9,512326
2,264384	-2,743112	-9,167642
2,168638	-2,781410	-9,301685
2,360129	-2,743112	-9,435729
2,350555	-2,542046	-9,416580
2,321831	-2,685664	-9,598496
2,436726	-2,312256	-9,512326
2,312256	-1,890976	-9,550624
2,340980	-1,632463	-9,732541
2,350555	-1,517568	-9,550624
2,226085	-1,460120	-9,062322
2,168638	-2,283533	-9,445304
2,254809	-2,867581	-10,077225
2,235660	-2,838857	-10,402760
2,139914	-2,656940	-10,316589
2,082467	-2,293107	-9,914457
1,910125	-2,283533	-9,014449
1,881401	-2,379278	-8,822957
2,120765	-2,752686	-9,272962
2,092041	-2,944177	-9,828286
2,120765	-2,992050	-10,029352
2,111191	-2,790984	-10,077225
2,082467	-2,580344	-9,608071
2,063318	-2,388853	-8,822957
2,034594	-2,120765	-8,439975
2,149489	-2,360129	-9,033598
2,226085	-2,522897	-9,818711
2,273958	-2,609068	-10,125097
2,168638	-2,810133	-9,837861
2,053743	-2,982476	-9,407005
1,967572	-3,049498	-9,320834
2,005870	-3,039923	-9,502751
1,967572	-2,934603	-9,722966
1,996296	-2,858006	-9,646370
1,900550	-2,599493	-9,234664
1,814379	-2,752686	-8,995299
1,833528	-3,078221	-9,148493
1,890976	-3,164392	-9,445304
