0,753006	1,333557	9,299576
0,747025	1,302429	9,224152
0,751801	1,301239	9,056564
0,723083	1,344330	9,013458
0,791306	1,292847	9,063736
0,907425	1,261734	9,193024
0,964890	1,307220	9,346252
1,016373	1,319183	9,451599
1,075027	1,170746	9,422867
1,089386	1,120468	9,476746
0,975662	1,174347	9,462372
0,889481	1,222229	9,522232
0,881088	1,174347	9,645538
0,888275	1,185120	9,695816
0,934967	1,176727	9,759262
1,013977	1,185120	9,819107
1,150436	1,177933	9,839462
1,241425	1,203064	9,845444
1,255783	1,219833	9,849045
1,246216	1,262924	9,762848
1,167206	1,286865	9,644333
1,203110	1,317993	9,492310
1,264160	1,294052	9,485123
1,253387	1,314407	9,486313
1,346771	1,327576	9,461182
1,537109	1,274902	9,634766
1,543091	1,358688	9,936432
1,679565	1,347916	10,090851
1,812439	1,345520	10,069305
1,855530	1,391022	9,898117
1,839966	1,430527	9,700607
1,971649	1,422134	9,525818
2,031509	1,382629	9,493500
2,063828	1,402985	9,469559
2,044678	1,498749	9,464767
2,106918	1,502350	9,536591
2,214661	1,412567	9,590469
2,342758	1,368271	9,689819
2,317612	1,489182	9,934036
2,412186	1,521500	10,137543
2,403809	1,473618	10,167465
2,334381	1,499954	10,083679
2,306839	1,523895	10,007065
2,376266	1,493973	9,978333
2,430145	1,507141	9,991501
2,414581	1,556213	9,941223
2,426544	1,477203	9,844254
2,361908	1,350311	9,948395
2,282898	1,418549	10,048950
2,296066	1,447281	10,063324
2,286484	1,398193	9,987900
2,257767	1,381439	9,961563
2,343948	1,359894	9,953186
2,543869	1,364685	9,890945
2,614502	1,374252	9,795166
2,700684	1,394608	9,708984
2,744980	1,379044	9,550964
2,691116	1,402985	9,439636
2,648010	1,326370	9,500687
2,675552	1,296448	9,638351
2,633652	1,345520	9,602432
2,583374	1,340744	9,401321
2,607315	1,295242	9,335480
2,738998	1,279678	9,412094
2,855118	1,240173	9,511459
2,903000	1,230606	9,541382
2,904190	1,213852	9,602432
2,881454	1,205460	9,744888
2,881454	1,210251	9,864609
2,782089	1,223419	9,956787
2,679138	1,227020	10,105225
2,676743	1,224625	10,270416
2,789276	1,247360	10,355408
2,970032	1,218628	10,406891
3,014328	1,192291	10,408081
2,934128	1,238983	10,478714
2,913773	1,217438	10,625961
2,845535	1,260529	10,664261
2,760544	1,359894	10,581665
2,695892	1,376648	10,373367
2,731812	1,326370	10,026215
2,880249	1,298843	9,865799
3,008347	1,437698	9,924454
3,146011	1,526291	9,975937
3,254944	1,489182	10,023819
3,307617	1,470032	10,060928
3,317200	1,516708	10,016632
3,304031	1,593323	10,101624
3,199875	1,599304	10,295563
3,114883	1,602905	10,537369
3,084961	1,584946	10,733704
3,015518	1,643600	10,710953
3,013123	1,665146	10,665466
3,129242	1,655579	10,734894
3,262131	1,685501	10,745667
3,274094	1,800430	10,649902
3,193893	1,865067	10,378159
3,057419	1,884216	10,036987
2,938904	1,889008	9,790390
2,882645	2,037445	9,607224
2,943695	2,227783	9,549759
3,161575	2,255325	9,549759
3,506332	2,294830	9,501877
3,776886	2,403763	9,291199
4,045029	2,421722	9,131973
4,124039	2,510300	8,948822
4,280853	2,597687	8,733337
4,317963	2,676697	8,560959
4,035461	2,786835	8,402939
4,001938	2,779648	8,345490
3,948059	2,855072	8,441254
3,894196	2,914932	8,662720
3,907364	2,911331	8,851852
3,948059	2,881409	9,031418
3,966019	2,871826	9,360626
3,986374	2,833527	9,685043
4,017502	2,798813	9,984314
3,910950	2,844299	10,221344
3,878632	2,857468	10,258453
3,875046	2,778458	10,366196
3,776886	2,777252	10,461960
3,797226	2,801193	10,576874
3,693085	2,819153	10,738480
3,471619	2,776062	10,751648
3,416550	2,734161	10,673843
3,395004	2,804794	10,671448
3,333954	2,875427	10,593643
3,270508	2,926895	10,347031
3,131638	2,985550	10,023819
3,041855	3,069351	9,826294
3,049042	3,029846	9,826294
3,047852	3,095688	9,923264
3,131638	3,181885	9,912491
3,195084	3,226166	9,961563
3,236984	3,234558	9,886154
3,177139	3,288422	9,770035
3,081360	3,422501	9,748489
3,090942	3,432068	9,810730
3,150803	3,391373	9,993896
3,117279	3,493118	10,072891
3,068192	3,574524	10,042969
3,040665	3,596069	10,032196
3,003555	3,582901	10,033401
2,925735	3,636780	9,998672
2,856308	3,645157	9,948395
2,920959	3,691849	9,960373
2,926941	3,734940	9,948395
2,907791	3,760071	9,871780
2,835953	3,876190	9,833481
2,800049	3,906128	9,870590
2,772507	3,937256	10,046570
2,780899	3,968369	10,258453
2,802444	4,003082	10,156693
2,815613	4,079697	9,967560
2,908981	4,126389	10,041779
2,983200	4,175476	10,157898
3,026291	4,280823	10,023819
3,072983	4,367004	9,796371
3,051437	4,453201	9,657501
3,001160	4,529816	9,776016
2,948486	4,554947	9,843048
2,857513	4,584885	9,749680
2,819199	4,629181	9,602432
2,843140	4,605225	9,572510
2,845535	4,674667	9,632370
2,807236	4,776413	9,598846
2,794067	4,789581	9,439636
2,806030	4,863800	9,319916
2,786880	4,935638	9,322311
2,823990	4,963165	9,500687
2,813217	4,995483	9,512650
2,710266	5,072098	9,274429
2,542664	5,073303	9,086487
2,399017	5,075699	8,849457
2,256561	5,134354	8,711792
2,199097	5,254059	8,610046
2,120087	5,293564	8,347870
2,084183	5,321091	8,056976
2,073410	5,303146	7,851074
1,963272	5,384537	7,634399
1,884262	5,536575	7,544617
1,859131	5,522217	7,705032
1,830399	5,500656	7,734955
1,751389	5,562912	7,726578
1,727448	5,590439	7,720596
1,673569	5,649109	7,527863
1,543091	5,754456	7,172318
1,511963	5,723328	6,815582
1,429367	5,524597	6,427719
1,039108	5,324692	5,838760
0,252609	5,087662	5,441315
-0,658371	5,220535	6,588135
-0,561417	5,935211	9,465973
0,525558	6,537354	11,936783
1,085800	6,557709	11,508224
1,288101	6,102798	9,003891
1,733429	5,957962	7,350693
2,404999	6,028580	7,180710
2,613297	6,071686	6,719818
2,023132	6,253632	5,638840
1,431763	6,414047	4,842758
1,145660	6,481094	4,902618
0,987640	6,672623	5,435333
0,861938	6,854584	5,720245
0,727859	6,920425	5,399414
0,701523	6,958725	4,816422
0,776947	6,977890	4,499191
0,846375	7,041336	4,549469
0,882294	7,114349	4,872696
0,790115	7,105972	5,092957
0,498016	7,028168	5,270126
0,266983	7,017395	5,503571
0,137695	7,062881	5,748978
0,096985	7,125122	5,932129
0,134109	7,156250	5,716644
0,250229	7,186188	5,160004
0,411835	7,287933	4,618912
0,507599	7,383698	3,979660
0,337616	7,583618	3,207520
0,122131	7,614746	2,604187
-0,003571	7,675797	2,453354
-0,149612	7,815857	2,461731
-0,418961	7,888885	2,364761
-0,655991	7,897263	2,295334
-0,865479	7,900848	2,543137
-0,976807	7,903244	2,921417
-1,066589	7,910431	3,270966
-1,218628	7,842194	3,342804
-1,294037	7,757202	3,288925
-1,325165	7,806274	3,384689
-1,373047	7,829025	3,366745
-1,284454	7,761993	3,343994
-1,102509	7,696152	3,278152
-1,082153	7,775162	2,981277
-1,053421	7,829025	2,990845
-0,915756	7,776352	3,182388
-0,973221	7,758392	3,019577
-1,248550	7,812271	2,529968
-1,446075	7,870926	2,222305
-1,594513	7,894867	1,802124
-1,855484	7,951126	1,225128
-2,159546	7,993027	0,704391
-2,424103	7,989441	0,514053
-2,528244	7,948730	0,624176
-2,685074	7,958313	0,706787
-2,790421	7,930771	0,766632
-2,906540	7,868530	0,903107
-3,046600	7,820648	0,901917
-3,047791	7,765579	1,035980
-3,059769	7,787125	1,302933
-3,214188	7,838608	1,371170
-3,218979	7,747620	1,442993
-3,131592	7,611145	1,440598
-3,096878	7,601578	1,241882
-3,241714	7,542923	1,092255
-3,460785	7,511795	1,174850
-3,637955	7,504608	1,313705
-3,768448	7,501022	1,392715
-3,835480	7,502213	1,318497
-3,885757	7,602768	1,174850
-3,823517	7,631500	0,945007
-3,866608	7,602768	0,402725
-3,888153	7,623123	-0,025848
-3,873795	7,602768	-0,254486
-3,994705	7,545319	-0,283218
-4,180252	7,534531	-0,316742
-4,407700	7,517776	-0,194641
-4,559723	7,436371	0,068726
-4,599228	7,386093	0,165695
-4,633957	7,375320	0,154922
-4,659088	7,377716	0,162094
-4,612396	7,340607	0,120209
-4,624374	7,290329	0,055557
-4,686615	7,292725	0,134567
-4,756058	7,299911	0,317719
-4,957169	7,284348	0,211182
-5,158279	7,242447	-0,009079
-5,195389	7,150269	-0,096466
-5,179825	7,157455	-0,113235
-5,195389	7,138290	-0,150345
-5,096024	7,012604	-0,119217
-5,032578	7,028168	-0,203018
-5,112793	7,077240	-0,416092
-5,188202	7,126328	-0,438843
-5,185806	7,116745	-0,332306
-5,295944	7,091614	-0,383774
-5,483887	7,104782	-0,465179
-5,656281	7,016190	-0,412506
-5,821472	6,969513	-0,326309
-5,886124	6,980286	-0,310760
-5,908859	6,980286	-0,337097
-5,872955	6,908447	-0,307159
-5,808304	6,801910	-0,186249
-5,790344	6,771988	-0,236526
-5,807114	6,828247	-0,327515
-5,722122	6,787552	-0,390961
-5,674225	6,706146	-0,319138
-5,664658	6,637909	-0,280823
-5,723312	6,598404	-0,369415
-5,761612	6,568481	-0,406525
-5,798737	6,525375	-0,338287
-5,941177	6,567276	-0,378983
-6,121948	6,603195	-0,405319
-6,275177	6,561295	-0,288010
-6,246445	6,519394	-0,101257
-6,190186	6,493057	-0,139572
-6,331436	6,552917	-0,428070
-6,379318	6,555313	-0,588486
-6,229691	6,507431	-0,503494
-6,180603	6,471512	-0,508270
-6,214127	6,499039	-0,778824
-6,294327	6,526581	-0,942825
-6,392487	6,558899	-0,947617
-6,384109	6,514603	-0,904510
-6,398483	6,466721	-0,941620
-6,399673	6,520599	-1,085281
-6,507416	6,581650	-1,209778
-6,567261	6,514603	-1,173859
-6,564880	6,461929	-0,984726
-6,634308	6,488266	-0,768051
-6,679794	6,502640	-0,734528
-6,648666	6,426025	-0,760864
-6,647476	6,367371	-0,774033
-6,554092	6,396088	-0,674667
-6,491852	6,439194	-0,660309
-6,509811	6,460739	-0,836288
-6,567261	6,449966	-1,008667
-6,597198	6,448761	-1,094849
-6,676208	6,473907	-1,273224
-6,829437	6,460739	-1,445602
-6,987457	6,422424	-1,552155
-7,090408	6,412857	-1,553345
-7,178986	6,426025	-1,467148
-7,301086	6,367371	-1,323502
-7,344193	6,258423	-1,128372
-7,279541	6,218918	-0,976349
-7,206512	6,224915	-1,001480
-7,200531	6,173431	-1,197800
-7,162231	6,100403	-1,439621
-7,103577	6,126740	-1,550949
-7,099976	6,095627	-1,552155
-7,084412	6,023788	-1,617981
-7,145462	5,990280	-1,719742
-7,262787	5,991470	-1,764038
-7,333420	5,945984	-1,762833
-7,406433	5,852615	-1,518631
-7,437561	5,834656	-1,316315
-7,465088	5,789169	-1,342651
-7,515366	5,722122	-1,396530
-7,438751	5,669449	-1,438416
-7,447144	5,627548	-1,493484
-7,539307	5,579666	-1,567703
-7,643463	5,564102	-1,462372
-7,729660	5,556931	-1,158295
-7,796692	5,558121	-0,939240
-7,825424	5,475525	-0,887756
-7,784714	5,390533	-0,884171
-7,691345	5,339050	-0,795578
-7,565643	5,268433	-0,629181
-7,557266	5,285187	-0,692627
-7,495026	5,216949	-0,884171
-7,459106	5,133148	-0,973953
-7,459106	5,129562	-1,042175
-7,544098	5,122375	-0,983521
-7,692535	5,102036	-0,863815
-7,773941	5,054138	-0,685440
-7,805069	5,013443	-0,509476
-7,759583	4,952393	-0,446030
-7,686554	4,965561	-0,578903
-7,639877	5,015839	-0,793182
-7,679367	4,990692	-1,055344
-7,755997	4,993088	-1,260056
-7,794296	4,989502	-1,269638
-7,830215	5,072098	-1,179855
-7,778732	5,111603	-1,182251
-7,765564	5,110413	-1,278015
-7,735641	5,161880	-1,406097
-7,668594	5,209763	-1,522217
-7,667404	5,255264	-1,505463
-7,716492	5,330673	-1,471939
-7,665009	5,335464	-1,525818
-7,455521	5,345047	-1,337860
-7,363342	5,404892	-1,127182
-7,262787	5,425247	-1,054153
-7,210114	5,410873	-1,002686
-7,232849	5,474319	-0,938034
-7,254410	5,515030	-0,807556
-7,159836	5,590439	-0,545380
-7,126312	5,635941	-0,570526
-7,147858	5,674240	-0,803955
-7,177795	5,750854	-0,997894
-7,163422	5,749664	-0,946411
-7,199341	5,789169	-0,935638
-7,194550	5,816696	-1,072113
-7,182571	5,860992	-1,072113
-7,188568	5,899292	-0,967957
-7,225677	5,938797	-0,952393
-7,232849	5,907684	-0,955994
-7,250809	5,900497	-1,078094
-7,289124	5,949570	-1,264847
-7,310669	5,979507	-1,328293
-7,286728	5,951965	-1,322311
-7,323837	5,974716	-1,297165
-7,328629	5,951965	-1,280411
-7,302292	5,935211	-1,187027
-7,302292	5,985489	-1,137955
-7,280746	6,029785	-1,248077
-7,260391	6,008240	-1,334274
-7,280746	5,998657	-1,260056
-7,311859	5,975906	-1,189423
-7,394470	5,990280	-1,185837
-7,386078	6,013016	-1,179855
-7,334610	5,999847	-1,136749
-7,266373	5,941193	-1,185837
-7,292709	5,969925	-1,276810
-7,302292	5,974716	-1,231323
-7,291519	5,962738	-1,050568
-7,332214	5,967529	-0,926071
-7,399246	5,979507	-0,884171
-7,508194	5,942398	-0,855438
-7,608749	5,884933	-0,831497
-7,614731	5,905289	-0,859024
-7,552475	5,907684	-0,945221
-7,505798	5,916061	-1,051758
-7,453125	5,907684	-1,222946
-7,389679	5,864578	-1,364197
-7,332214	5,880142	-1,370193
-7,340591	5,822678	-1,390533
-7,412415	5,808319	-1,291183
-7,522552	5,841843	-1,128372
-7,593185	5,789169	-1,018234
-7,571640	5,754456	-0,930847
-7,526138	5,753250	-0,882965
-7,527344	5,809509	-0,808746
-7,457916	5,772400	-0,760864
-7,388474	5,710159	-0,789597
-7,387283	5,732895	-0,801559
-7,365738	5,749664	-0,799164
-7,340591	5,741287	-0,768051
-7,331024	5,716141	-0,853043
-7,267578	5,749664	-1,087677
-7,238846	5,798737	-1,228928
-7,229263	5,822678	-1,261246
-7,311859	5,831070	-1,213364
-7,386078	5,810715	-1,160690
-7,437561	5,833450	-1,148727
-7,508194	5,853806	-1,100845
-7,545303	5,858597	-1,033798
-7,499817	5,841843	-1,035004
-7,414810	5,829865	-1,143936
-7,427979	5,877747	-1,169083
-7,362137	5,894516	-1,155914
-7,308273	5,833450	-1,099640
-7,339401	5,803528	-1,094849
-7,405243	5,856201	-1,123581
-7,413620	5,871765	-1,075699
-7,402847	5,829865	-0,999084
-7,445938	5,845428	-0,975143
-7,514175	5,841843	-1,027817
-7,479462	5,892120	-1,012253
-7,453125	5,941193	-1,000290
-7,393265	5,918457	-1,074509
-7,371719	5,924438	-1,166687
-7,302292	5,929230	-1,311523
-7,230469	5,914856	-1,353424
-7,281937	5,950775	-1,432434
-7,302292	5,950775	-1,424057
-7,260391	5,916061	-1,361801
-7,283127	5,871765	-1,260056
-7,289124	5,878952	-1,226532
-7,269974	5,869370	-1,209778
-7,303482	5,859787	-1,227737
-7,374115	5,780777	-1,176254
-7,472275	5,807114	-1,149918
-7,559662	5,840637	-1,167877
-7,544098	5,808319	-1,116409
-7,530930	5,832260	-1,088867
-7,483047	5,864578	-1,145126
-7,475861	5,864578	-1,230133
-7,511780	5,860992	-1,374969
-7,490234	5,844238	-1,228928
-7,395660	5,856201	-1,017044
-7,412415	5,823883	-0,850647
-7,463898	5,774796	-0,865005
-7,554871	5,773605	-0,886566
-7,571640	5,761627	-0,848251
-7,462692	5,764023	-0,690231
-7,424393	5,720932	-0,616013
-7,423203	5,710159	-0,696228
-7,455521	5,748459	-0,799164
-7,398056	5,783173	-0,950012
-7,283127	5,809509	-1,052963
-7,216095	5,841843	-1,143936
-7,255600	5,825073	-1,167877
-7,341797	5,874161	-1,236115
-7,444748	5,881348	-1,307938
-7,487839	5,888519	-1,171463
-7,431580	5,826279	-1,027817
-7,405243	5,803528	-0,924866
-7,467484	5,840637	-0,940430
-7,487839	5,857391	-0,961975
-7,396866	5,844238	-0,958389
-7,374115	5,798737	-0,854233
-7,358551	5,789169	-0,848251
-7,414810	5,872955	-0,971558
-7,495026	5,862183	-1,079300
-7,515366	5,804733	-1,208572
-7,511780	5,877747	-1,171463
-7,461502	5,941193	-1,141541
-7,420807	5,925629	-1,145126
-7,378906	5,878952	-1,096054
-7,319046	5,862183	-1,148727
-7,269974	5,846619	-1,221741
-7,228073	5,835846	-1,142746
-7,229263	5,860992	-1,018234
-7,247223	5,805923	-0,891342
-7,327423	5,803528	-0,729736
-7,398056	5,801132	-0,663895
-7,480652	5,784378	-0,684250
-7,496216	5,789169	-0,690231
-7,469879	5,810715	-0,710587
-7,459106	5,765228	-0,781219
-7,400452	5,741287	-0,948807
-7,365738	5,813110	-1,017044
-7,356155	5,825073	-1,064926
-7,357361	5,849014	-1,131958
-7,430374	5,881348	-1,279205
-7,433975	5,855011	-1,167877
-7,358551	5,816696	-1,018234
-7,473480	5,911270	-1,187027
-7,570435	5,928024	-1,231323
-7,591980	5,918457	-1,100845
-7,512985	5,907684	-1,014648
-7,503403	5,869370	-1,054153
-7,443542	5,840637	-1,139145
-7,305878	5,850220	-1,111618
-7,226868	5,859787	-1,021835
-7,304688	5,901688	-1,194214
-7,418411	5,906479	-1,333084
-7,372910	5,827469	-1,153519
-7,285522	5,798737	-0,860229
-7,323837	5,856201	-0,849457
-7,351364	5,884933	-0,958389
-7,331024	5,838242	-1,046967
-7,352570	5,862183	-1,054153
-7,321442	5,857391	-1,117599
-7,326233	5,878952	-1,171463
-7,337006	5,906479	-1,279205
-7,308273	5,926834	-1,336670
-7,323837	5,941193	-1,324692
-7,316650	5,926834	-1,262451
-7,313065	5,863388	-1,185837
-7,346588	5,902893	-1,079300
-7,381302	5,950775	-1,005066
-7,374115	5,911270	-0,960785
-7,321442	5,936401	-0,933243
-7,274750	5,981903	-0,823120
-7,242432	6,019012	-0,860229
-7,250809	6,016617	-1,032608
-7,219681	6,035767	-1,270828
-7,184967	6,013016	-1,366592
-7,156235	6,026184	-1,353424
-7,139481	6,044144	-1,299561
-7,188568	6,093231	-1,207382
-7,208908	6,106400	-1,112808
-7,205322	6,068085	-1,105637
-7,225677	6,054916	-1,110413
-7,244827	6,013016	-1,123581
-7,278351	6,028580	-1,066132
-7,322632	6,040558	-0,966766
-7,344193	6,009430	-0,879379
-7,445938	6,008240	-0,866211
-7,462692	6,027390	-0,952393
-7,392075	5,989075	-1,017044
-7,327423	5,999847	-1,000290
-7,303482	5,986679	-1,056549
-7,342987	5,983093	-1,184631
-7,371719	5,995071	-1,286392
-7,384888	5,986679	-1,249283
-7,344193	5,996262	-1,154709
-7,402847	5,998657	-1,061340
-7,412415	5,995071	-0,966766
-7,303482	5,916061	-0,861420
-7,273560	5,947174	-0,847061
-7,301086	5,966339	-0,922470
-7,246017	5,925629	-1,058945
-7,259186	5,895706	-1,068512
-7,350174	5,911270	-0,914093
-7,396866	5,912460	-0,764450
-7,478256	5,898102	-0,720169
-7,556076	5,902893	-0,735718
-7,520157	5,869370	-0,788391
-7,445938	5,843033	-0,921280
-7,433975	5,895706	-1,093658
-7,347778	5,845428	-1,176254
-7,284332	5,860992	-1,063736
-7,269974	5,882538	-0,995499
-7,205322	5,890915	-1,019440
-7,158630	5,887329	-1,029022
-7,153854	5,907684	-1,031403
-7,146667	5,908875	-0,979935
-7,184967	5,896896	-0,944016
-7,235245	5,931625	-0,902115
-7,262787	5,940002	-0,953598
-7,317856	5,977112	-0,984726
-7,326233	6,007034	-0,945221
-7,364532	6,005844	-0,970352
-7,332214	5,999847	-1,029022
-7,322632	6,029785	-1,014648
-7,313065	6,039352	-1,056549
-7,284332	6,007034	-1,117599
-7,253204	5,971130	-1,099640
-7,243637	5,978302	-1,090073
-7,295105	6,005844	-1,069717
-7,281937	5,925629	-0,957184
-7,180191	5,905289	-0,929657
-7,177795	5,911270	-1,027817
-7,175400	5,954361	-1,176254
-7,150253	5,934006	-1,147522
-7,193344	5,910065	-1,062531
-7,325027	5,940002	-1,055344
-7,384888	5,908875	-1,024231
-7,363342	5,872955	-1,003876
-7,315460	5,904083	-0,900925
-7,299896	5,888519	-0,904510
-7,278351	5,894516	-0,926071
-7,256805	5,875351	-0,934448
-7,259186	5,841843	-1,033798
-7,291519	5,855011	-1,136749
-7,337006	5,905289	-1,194214
-7,356155	5,896896	-1,173859
-7,374115	5,926834	-1,182251
-7,388474	5,966339	-1,373779
-7,346588	5,977112	-1,482712
-7,402847	6,016617	-1,400116
-7,437561	6,032181	-1,352234
-7,352570	5,975906	-1,278015
-7,219681	5,991470	-1,227737
-7,252014	6,015411	-1,191818
-7,268768	5,995071	-1,112808
-7,253204	6,005844	-0,942825
-7,262787	6,038162	-0,815933
-7,287918	6,090836	-0,763260
-7,309464	6,068085	-0,729736
-7,263977	6,020203	-0,689041
-7,235245	6,040558	-0,730942
-7,242432	6,047745	-0,938034
-7,278351	6,039352	-1,086472
-7,310669	6,064499	-1,080490
-7,256805	6,053726	-1,042175
-7,205322	6,020203	-1,063736
-7,195740	6,052521	-1,249283
-7,238846	6,108795	-1,354630
-7,278351	6,070480	-1,310333
-7,313065	6,005844	-1,183441
-7,368134	5,971130	-1,045776
-7,406433	6,005844	-0,995499
-7,489029	5,981903	-0,920074
-7,499817	5,937607	-0,892548
-7,424393	5,914856	-0,929657
-7,404037	5,955566	-0,910507
-7,314255	5,923233	-0,932053
-7,242432	5,910065	-0,989517
-7,232849	5,896896	-1,084076
-7,255600	5,904083	-1,074509
-7,329819	5,965134	-1,076904
-7,382492	5,929230	-1,072113
-7,444748	5,894516	-1,115204
-7,533325	5,883728	-1,122391
-7,557266	5,906479	-1,025421
-7,541702	5,872955	-0,879379
-7,511780	5,881348	-0,879379
-7,540512	5,892120	-1,009857
-7,508194	5,814301	-1,086472
-7,457916	5,753250	-1,075699
-7,493820	5,767609	-1,096054
-7,578812	5,760437	-1,175064
-7,644653	5,698181	-1,208572
-7,738037	5,668259	-1,183441
-7,696136	5,637131	-1,043381
-7,754791	5,616776	-1,078094
-7,921188	5,592834	-1,269638
-8,085190	5,608398	-1,485107
-8,049286	5,600021	-1,529404
-8,078003	5,558121	-1,483917
-8,231232	5,558121	-1,364197
-8,322220	5,473129	-1,135559
-8,243210	5,412079	-0,985916
-8,091171	5,473129	-0,979935
-7,872101	5,418060	-1,200195
-7,705704	5,433624	-1,412094
-7,595581	5,470734	-1,577286
-7,515366	5,467148	-1,650314
-7,491425	5,489883	-1,656296
-7,442352	5,501862	-1,670654
-7,413620	5,526993	-1,647919
-7,465088	5,535385	-1,621582
-7,493820	5,582062	-1,643127
-7,530930	5,607208	-1,503067
-7,517761	5,601227	-1,333084
-7,477066	5,625168	-1,175064
-7,459106	5,680222	-1,062531
-7,380096	5,693390	-0,950012
-7,289124	5,653885	-0,884171
-7,207718	5,677841	-0,879379
-7,196945	5,773605	-0,831497
-7,190964	5,789169	-0,835083
-7,134689	5,746063	-0,924866
-7,013794	5,803528	-0,922470
-6,970688	5,856201	-0,886566
-6,907242	5,869370	-0,874588
-6,876114	5,920853	-0,855438
-6,848587	5,942398	-0,819519
-6,806686	5,953171	-0,764450
-6,818665	5,990280	-0,751282
-6,841400	5,975906	-0,813538
-6,833023	6,034576	-0,741714
-6,841400	6,095627	-0,684250
-6,817459	6,076462	-0,654327
-6,793518	6,093231	-0,644745
-6,768387	6,121964	-0,643555
-6,761200	6,151886	-0,582489
-6,673813	6,168640	-0,667496
-6,598389	6,177017	-0,837479
-6,586426	6,224915	-0,897339
-6,566071	6,247650	-0,875778
-6,549316	6,269196	-0,745300
-6,572052	6,294342	-0,673477
-6,554092	6,335037	-0,690231
-6,502625	6,379333	-0,800369
-6,447556	6,400879	-0,734528
-6,343414	6,405670	-0,698608
-6,323059	6,396088	-0,732132
-6,283554	6,436798	-0,752487
-6,263199	6,499039	-0,687836
-6,199753	6,506226	-0,604050
-6,155472	6,534958	-0,621994
-6,154266	6,585236	-0,679459
-6,130325	6,599594	-0,633972
-6,053711	6,562485	-0,548981
-6,021393	6,582840	-0,481934
-6,021393	6,621155	-0,463989
-5,960342	6,642700	-0,480743
-5,894501	6,661850	-0,447220
-5,900482	6,663040	-0,513062
-5,920837	6,659454	-0,577713
-5,816681	6,710938	-0,576508
-5,779572	6,720505	-0,499893
-5,768799	6,763611	-0,462784
-5,646698	6,775574	-0,407715
-5,585648	6,788742	-0,346664
-5,553329	6,823456	-0,495102
-5,402496	6,819870	-0,623199
-5,323486	6,827057	-0,701004
-5,335449	6,928802	-0,811142
-5,330658	6,933594	-0,908112
-5,300735	6,900070	-0,808746
-5,255249	6,928802	-0,705795
-5,297150	7,023376	-0,584885
-5,270813	7,030563	-0,430466
-5,219330	7,044922	-0,404129
-5,194199	7,082031	-0,474762
-5,176239	7,129913	-0,540604
-5,049347	7,111954	-0,517853
-4,969131	7,155060	-0,426880
-4,847031	7,150269	-0,319138
-4,735703	7,206528	-0,274841
-4,566910	7,287933	-0,322723
-4,405304	7,311874	-0,344269
-4,329880	7,325043	-0,416092
-4,267639	7,392075	-0,521439
-4,147934	7,420807	-0,511871
-4,085678	7,485458	-0,517853
-3,970749	7,497421	-0,528625
-3,912094	7,493835	-0,496307
-3,852249	7,492645	-0,389755
-3,736130	7,486649	-0,261673
-3,653519	7,556091	-0,110840
-3,572128	7,591995	-0,016266
-3,519455	7,596786	0,059143
-3,463181	7,639877	0,079498
-3,382980	7,708115	0,116608
-3,251297	7,746429	0,259064
-3,124405	7,706924	0,327301
-2,997513	7,709320	0,384766
-2,898148	7,700928	0,517639
-2,823929	7,690155	0,663681
-2,688660	7,692551	0,704391
-2,518677	7,740433	0,625381
-2,360657	7,755997	0,508057
-2,250519	7,791916	0,447006
-2,176300	7,765579	0,449402
-2,094894	7,682983	0,430252
-2,018280	7,712906	0,406311
-1,977585	7,699738	0,353638
-1,920120	7,742828	0,448212
-1,924911	7,746429	0,518829
-1,927307	7,736847	0,539185
-1,886597	7,750015	0,626572
-1,856674	7,744034	0,771423
-1,794434	7,732056	0,942612
-1,741760	7,764374	1,059921
-1,684296	7,825439	1,104218
-1,537048	7,808670	1,179642
-1,376633	7,845779	1,176041
-1,146790	7,925995	1,245483
-0,881042	7,929581	1,354416
-0,791260	8,052887	1,349625
-0,745773	8,134277	1,366379
-0,641617	8,154633	1,506439
-0,555420	8,195343	1,608200
-0,511139	8,263565	1,681229
-0,392624	8,349762	1,682419
-0,270523	8,352158	1,453766
-0,177139	8,385681	1,198792
-0,061020	8,486237	1,077881
0,105377	8,639465	1,000076
0,244232	8,702911	0,825302
0,323242	8,719666	0,724731
0,408234	8,762756	0,584671
0,493240	8,848953	0,460175
0,616531	8,860931	0,453003
0,855957	8,848953	0,543976
1,006790	8,898041	0,577499
1,119324	8,920776	0,551163
1,265366	8,889648	0,632568
1,494003	8,844162	0,796570
1,638855	8,862122	0,937820
1,818420	8,859726	1,019226
1,947708	8,820221	1,144928
2,086578	8,847763	1,366379
2,305649	8,924377	1,676437
2,475632	8,884872	1,852402
2,631256	8,805862	2,002045
2,692307	8,854935	1,992462
2,744980	8,857330	2,479691
2,831177	8,815430	2,770584
2,693497	8,813034	2,604187
2,704285	8,777130	2,472504
2,895813	8,747208	2,292938
3,058624	8,741211	2,090637
3,175934	8,723251	1,917053
3,159180	8,750793	1,677628
3,215439	8,687347	1,523209
3,270508	8,615524	1,549545
3,320786	8,578415	1,729111
3,411758	8,451523	2,043945
3,508728	8,350967	2,285751
3,566193	8,274353	2,568268
3,632034	8,158234	2,805298
3,660767	8,134277	2,984863
3,714630	8,115128	3,122528
3,840332	8,018173	3,159637
4,060593	7,930771	3,254211
4,182693	7,953522	3,320053
4,237762	7,879303	3,415817
4,407745	7,837402	3,379913
4,578934	7,846985	3,445755
4,630417	7,860153	3,496033
4,660339	7,796707	3,466095
4,729767	7,708115	3,666016
4,777664	7,726074	3,997604
4,701050	7,673401	4,147247
4,665131	7,597977	4,284912
4,699844	7,539322	4,460892
4,850677	7,495026	4,620102
4,964401	7,475876	4,828400
5,085312	7,406448	4,934937
5,164322	7,376526	5,027115
5,261292	7,313080	5,069016
5,361847	7,199356	4,978043
5,482742	7,244843	4,879868
5,535416	7,248428	4,899033
5,612030	7,158646	4,899033
5,668304	7,125122	4,796082
5,631195	7,135910	4,937332
5,621613	7,078445	5,315613
5,571335	7,036545	5,557434
5,495911	6,943176	5,763336
5,347473	6,876129	6,030289
5,260086	6,852188	6,337936
5,226562	6,774384	6,580948
5,195450	6,664246	6,698273
5,340302	6,584045	6,746155
5,499512	6,582840	6,616867
5,601257	6,561295	6,434906
5,779633	6,391312	6,363083
5,892151	6,291946	6,337936
5,782028	6,250046	6,236191
5,674286	6,130341	6,232605
5,671890	5,996262	6,482788
5,695831	6,042953	6,863464
5,632385	6,052521	7,221405
5,590485	5,961548	7,375824
5,493530	5,910065	7,417725
5,436066	5,888519	7,566162
5,427689	5,865784	7,831924
5,384583	5,737686	8,035431
5,319946	5,626358	8,153946
5,216995	5,607208	8,255707
5,091293	5,564102	8,290421
5,062561	5,471939	8,158737
5,175095	5,307922	8,013885
5,461197	5,196594	7,872635
5,810760	5,111603	7,587723
6,157913	5,108017	7,275269
6,302765	5,066116	7,069366
6,339874	4,927246	7,039444
6,297974	4,757263	7,172318
6,179459	4,695007	7,308792
5,949615	4,720154	7,409348
5,603653	4,674667	7,538635
5,171509	4,562134	7,805588
4,842300	4,474747	8,114441
4,547821	4,297577	8,505890
4,226990	4,179062	8,851852
3,916946	4,109634	9,164307
3,754135	3,965973	9,494705
3,837936	3,790009	9,755661
4,127625	3,606842	9,803558
4,523865	3,525452	9,668274
5,073334	3,490738	9,548569
5,517471	3,494324	9,177460
5,809555	3,458405	8,618423
5,996307	3,371017	8,361038
5,914902	3,392563	8,438858
5,645554	3,353058	8,638779
5,266068	3,248917	8,838684
4,854279	3,266876	9,029022
4,483170	3,199829	9,017059
4,206635	3,133987	8,837494
3,993561	3,112442	8,711792
3,828354	3,038223	8,832703
3,624847	2,990341	8,783615
3,513519	2,898163	8,751297
3,423737	2,737747	8,904526
3,451263	2,621628	9,134369
3,597321	2,479187	9,382172
3,726608	2,313980	9,584488
3,829559	2,212219	9,852631
4,030670	2,067383	10,169861
4,177902	2,134415	10,534973
4,181503	2,134415	10,846222
3,973206	1,993164	10,945587
3,659561	1,912949	10,892914
3,418945	1,896194	10,910873
3,225021	1,844711	11,032974
3,094528	1,860275	11,086838
3,025101	1,883026	11,053329
2,949677	1,775284	11,019806
2,768921	1,752533	10,829468
2,463654	1,738174	10,569702
2,208679	1,713043	10,329071
2,044678	1,723816	10,042969
2,079391	1,653183	10,002274
2,105728	1,622055	10,187820
2,218262	1,580154	10,452377
2,351135	1,564590	10,415268
2,531891	1,565796	10,218948
2,589355	1,632828	10,102829
2,458878	1,614868	10,173462
2,215866	1,558609	10,277603
1,895035	1,505936	10,379364
1,660400	1,461639	10,481110
1,510773	1,468826	10,428436
1,400635	1,497559	10,115997
1,377884	1,489182	9,942413
1,404221	1,478409	9,987900
1,431763	1,496353	10,118393
1,545486	1,501144	10,056137
1,611328	1,483185	9,992691
1,766953	1,379044	9,863403
1,799271	1,355103	9,863403
1,677170	1,364685	9,844254
1,567032	1,323975	9,846649
1,502396	1,352707	9,999878
1,474854	1,376648	10,039383
1,397049	1,331161	9,968750
1,240219	1,290466	9,890945
0,964890	1,288071	9,816727
0,822433	1,284470	9,918472
0,764969	1,194687	10,029800
0,779343	1,100113	10,060928
0,931366	1,036667	10,064514
1,245010	1,017517	10,204575
1,399445	1,136032	10,199799
1,495209	1,046249	10,089661
1,537109	0,900208	10,044174
1,561050	0,834366	10,114792
1,465286	0,912170	10,084869
1,296494	0,938507	10,088455
1,187546	0,890625	10,077682
1,139664	0,834366	9,904114
1,174377	0,822388	9,779602
1,233047	0,797256	9,813126
1,206711	0,829575	9,910095
1,185150	0,842743	10,035782
1,112137	0,876266	10,083679
0,926590	0,907394	10,059738
0,879898	0,867889	10,083679
0,784134	0,899002	9,957977
0,784134	0,904999	9,807144
0,839188	0,849930	9,810730
0,931366	0,846329	9,895721
1,009186	0,920547	9,940018
1,013977	0,894226	9,900513
1,040314	0,864288	9,815521
1,012772	0,885834	9,623993
1,028336	0,884644	9,513855
0,981644	0,851120	9,645538
0,908630	0,848724	9,755661
0,857147	0,812820	9,734116
0,849976	0,773315	9,742493
0,848770	0,931335	10,009445
0,878693	0,988785	10,150711
0,924194	0,889435	10,090851
0,891861	0,849930	10,042969
0,823639	0,913376	10,216553
0,760193	0,950485	10,354218
0,689560	0,948090	10,260849
0,648849	0,939713	9,936432
0,622513	0,955276	9,663483
0,635681	0,970840	9,547379
0,714691	0,916962	9,614410
0,689560	0,899002	9,639542
0,647659	0,945694	9,555756
0,653641	0,921753	9,594055
0,656036	0,912170	9,616806
0,586609	0,912170	9,646729
0,505203	0,816406	9,734116
0,372330	0,803238	9,859818
0,264587	0,848724	9,954391
0,299301	0,830765	10,023819
0,344788	0,768524	10,101624
0,371124	0,776901	10,123184
0,416626	0,853516	10,064514
0,429779	0,885834	9,991501
0,372330	0,915771	9,845444
0,311279	0,934921	9,714966
0,210724	0,939713	9,477936
0,215500	0,993576	9,402527
0,124527	1,070190	9,324707
0,104172	1,064209	9,317535
0,114944	1,035477	9,244507
0,129318	1,012726	9,273239
0,102982	1,019913	9,392944
0,166428	1,067795	9,408508
0,334015	1,037872	9,493500
0,451340	1,005554	9,544983
0,536331	1,055832	9,494705
0,611740	1,073776	9,477936
0,645264	1,000763	9,357025
0,640472	0,950485	9,240921
