1,233429	-0,367359	-4,457135
0,243757	-2,239438	-4,768273
-0,486703	-1,883466	-4,641861
-0,902559	-2,494867	-4,548390
-1,296521	-2,539729	-3,362965
-1,558073	-1,671781	-1,809512
-2,311149	-0,755291	-1,072288
-1,933176	-0,956576	-1,248472
-0,665681	-1,148244	-0,271111
-0,616801	0,031201	0,342265
-0,615995	0,921140	1,116374
-0,201730	1,587133	1,559488
0,321174	1,736945	1,936960
0,693539	1,941050	2,231276
0,945474	1,506882	2,282898
1,062765	2,783393	2,354834
1,302131	3,436939	2,818344
1,646817	3,048278	3,066598
1,784692	2,974798	3,426054
1,780098	2,732182	3,698299
1,799401	2,101490	3,452687
1,669310	1,573956	2,965130
1,297150	1,465976	2,326146
0,892187	1,203419	1,577510
0,644813	1,146567	1,231370
0,316699	1,338534	1,291482
-0,053027	1,369554	1,370210
-0,126677	1,218197	1,341277
-0,285174	1,058814	1,157277
-0,120904	0,540665	0,435605
-0,272895	-0,693436	-1,275362
-0,555340	-2,094338	-2,858605
-0,352357	-2,066113	-3,688600
-0,389120	-1,790764	-3,923656
-0,541086	-1,616443	-3,835952
-0,838830	-1,882947	-4,401541
-1,100004	-2,226365	-4,861670
-1,163411	-2,677270	-4,517428
-1,237114	-2,662673	-4,303311
-1,502888	-3,079935	-4,514999
-1,332525	-3,298849	-3,910727
-1,426023	-3,872283	-3,703055
-1,401246	-4,491883	-3,330107
-1,174614	-4,842029	-2,725364
-1,276716	-3,881283	-1,506242
-1,289461	-2,224167	-0,109664
-1,092846	-1,013369	0,333549
-0,192568	-0,527287	0,060029
0,443398	0,466690	0,239514
0,415996	1,805706	0,827363
0,562586	2,762025	1,550409
0,963265	2,791753	1,967995
1,245510	3,091284	1,842484
1,287475	3,323248	2,140376
1,091257	3,202434	2,194860
1,225350	2,998547	2,031635
1,187090	2,797139	2,215102
0,804139	2,812185	2,078467
0,459479	3,076990	2,398099
0,183752	3,388410	2,286142
-0,335556	3,392437	2,188918
-0,842919	3,311402	1,942625
-1,218170	3,307851	2,036658
-1,571989	3,442884	2,096565
-1,801426	3,458995	2,083214
-1,961997	3,180817	1,781466
-2,013857	2,628910	1,547727
-2,017047	2,003553	1,245841
-1,828108	1,740716	0,751564
-1,592700	1,093846	0,156992
-1,220543	0,645288	-0,464200
-0,869199	0,439634	-0,961153
-0,748977	0,144896	-1,351055
-0,614501	-0,351321	-1,540423
-0,529899	-0,480208	-1,730216
-0,247747	-0,560338	-1,790134
0,391595	-0,915509	-2,205732
0,642642	-1,529011	-2,530550
0,452836	-2,356837	-2,851683
0,323970	-2,567178	-2,855820
0,473647	-2,681834	-2,667639
0,608707	-2,842495	-2,118793
0,701436	-2,955705	-1,679714
0,844555	-3,061592	-1,803350
0,997350	-2,931832	-1,082677
1,119585	-2,820364	-0,444860
1,048861	-2,409484	0,785399
1,137815	-1,805033	1,601095
1,262596	-1,505304	1,579602
1,676466	-1,625524	1,508790
1,862029	-1,982127	1,743208
1,711753	-1,677618	2,091594
1,583873	-1,372733	2,791584
1,565824	-1,044568	3,198383
1,513088	-1,417788	3,025945
1,455579	-1,693385	2,872675
1,256379	-1,844926	2,428355
0,767654	-1,330407	2,371624
0,300078	-0,551129	2,134748
0,132827	0,056973	1,838012
0,136900	0,428561	1,478069
-0,104950	0,710511	0,983305
-0,643114	1,012669	0,679409
-0,882155	1,200777	0,160544
-0,606148	1,335945	-0,223908
-0,247469	1,290886	-0,631046
-0,243933	1,308456	-0,910798
-0,401957	1,161660	-1,103961
-0,520717	0,868051	-1,327429
-0,738279	1,085083	-1,644076
-0,713177	1,105516	-1,996970
-0,463307	0,761858	-1,949920
-0,600435	0,287782	-2,080792
-0,802053	0,199587	-1,993999
-0,748878	0,626908	-1,993501
-0,415271	1,030042	-2,291829
-0,240300	0,640202	-2,009635
-0,184581	0,090881	-1,707283
-0,216601	0,011428	-1,419444
-0,050727	0,499360	-0,974703
0,181549	0,445446	-0,986573
0,413327	-0,149180	-1,340754
0,606408	-0,333815	-1,700693
0,745555	0,008696	-1,115447
0,810914	-0,039001	-0,478736
0,847882	-0,360566	-0,566820
0,946393	-0,357389	-0,422817
0,979245	0,051113	-0,345914
0,882971	0,247701	-0,215454
0,752335	-0,008650	-0,256619
0,655485	0,084996	-0,021463
0,662262	0,121614	0,113044
0,575768	0,334741	0,327884
0,590828	0,214175	0,484437
0,648834	0,010488	0,594360
0,695239	0,046689	0,536766
0,648107	0,313098	0,521329
0,618061	0,189201	0,248551
0,425512	0,143701	0,160542
0,194876	0,314112	0,250989
0,086964	0,542356	0,430580
0,123189	0,372607	0,390422
0,198127	0,252128	0,381274
0,181480	0,148085	0,435233
0,122205	0,087829	0,187334
0,067126	0,024305	-0,133540
0,053701	-0,003535	-0,183428
0,042960	0,035470	0,060068
-0,026909	0,120292	0,201248
0,009112	0,195809	0,237595
0,045587	0,057072	0,090501
-0,009488	0,022678	-0,103771
0,023048	0,018143	-0,060038
-0,012200	-0,069742	0,043885
-0,002100	-0,025155	0,050428
0,097895	-0,043103	0,009704
0,093635	0,026795	-0,007556
0,021291	0,044415	0,032253
0,017033	0,119788	0,056441
0,067244	0,111150	0,129409
0,099753	0,012324	0,080548
0,064483	0,025178	-0,019817
0,089885	0,043121	0,007125
0,094887	-0,072738	0,021019
0,022292	-0,050531	-0,082761
-0,005146	0,020852	-0,135144
-0,004116	-0,006297	-0,138754
-0,033932	-0,012698	0,003892
-0,050124	-0,033137	0,156306
-0,116696	-0,003531	0,086747
-0,032080	0,066112	-0,007199
-0,018004	0,014591	0,047858
-0,113979	0,004014	0,068925
-0,045225	0,041509	0,009182
0,032757	-0,066368	0,106921
-0,058051	0,031162	0,208091
-0,046441	0,063227	0,036259
0,077742	0,019943	-0,070568
0,146450	0,069572	-0,033475
0,086521	0,047998	-0,095716
0,061557	-0,053517	0,053640
0,102864	-0,234305	-0,079642
0,028673	-0,172125	-0,071373
-0,015360	-0,015145	-0,149014
-0,050586	0,003203	-0,203467
-0,132385	0,155755	-0,017241
-0,121227	0,109285	0,108763
-0,112301	0,072108	0,201904
-0,066862	-0,057208	0,054288
-0,030510	-0,122363	-0,071465
0,021550	-0,044272	-0,141428
0,040219	0,010540	-0,036546
0,039835	-0,014547	0,039701
0,001229	0,041980	0,047080
0,031622	-0,020033	0,045324
0,002319	-0,138581	-0,070976
0,001855	-0,110865	-0,018482
0,016803	0,049181	0,069470
0,028762	0,077644	0,063236
0,015350	0,092753	0,004631
0,027599	0,173778	0,042003
0,022079	0,008808	0,048921
-0,012975	-0,100188	-0,029800
0,027918	-0,095470	-0,016181
-0,000644	-0,053397	0,048332
-0,061793	0,079837	0,023347
-0,041775	0,063869	-0,019621
-0,064058	0,051095	-0,023356
-0,051247	-0,005082	0,065571
-0,033338	-0,019385	-0,016480
0,065246	0,030450	0,140009
0,052197	0,009040	0,127327
0,034098	0,030211	-0,127928
0,080896	-0,129024	-0,278514
0,011099	-0,126198	-0,161534
-0,044738	0,036915	0,039285
-0,058770	0,083150	0,123343
-0,077654	-0,002417	0,075696
-0,085102	0,005726	-0,031359
-0,029784	0,058198	-0,002109
0,006812	0,008260	0,074909
0,005449	0,060225	0,006310
0,103935	-0,013097	0,005049
0,083148	-0,087074	0,004039
0,043539	0,029916	-0,050386
0,065470	-0,113941	-0,024990
-0,047199	-0,052854	0,002987
-0,068398	0,057292	-0,058887
