0,173615	1,205460	9,546173
0,181992	1,221024	9,604828
0,335220	1,201874	9,594055
0,421402	1,169556	9,640747
0,454926	1,213852	9,755661
0,460907	1,222229	9,730530
0,414230	1,139618	9,604828
0,363953	1,167160	9,506668
0,344788	1,247360	9,524628
0,392670	1,296448	9,576096
0,483658	1,219833	9,612015
0,544708	1,191101	9,640747
0,507599	1,238983	9,533005
0,501617	1,295242	9,365417
0,509995	1,285675	9,364212
0,539917	1,250961	9,501877
0,632095	1,217438	9,568924
0,641678	1,243774	9,548569
0,611740	1,264130	9,451599
0,581818	1,272507	9,408508
0,499222	1,277298	9,348648
0,448944	1,233002	9,316330
0,506393	1,199478	9,306747
0,652451	1,177933	9,378586
0,665619	1,156387	9,470764
0,675186	1,150406	9,479141
0,691956	1,151596	9,470764
0,645264	1,122864	9,491104
0,551895	1,124069	9,567719
0,456116	1,074982	9,629974
0,385498	1,108505	9,640747
0,338806	1,115677	9,640747
0,347183	1,085754	9,595261
0,438171	0,976822	9,655106
0,543518	0,972031	9,777222
0,688354	0,974426	9,839462
0,846375	0,920547	9,829880
0,864334	0,933716	9,868195
0,721878	0,982803	9,734116
0,526749	1,006744	9,574905
0,428589	0,981613	9,456390
0,414230	0,985199	9,471954
0,429779	1,006744	9,596451
0,526749	1,024704	9,817917
0,600967	1,009140	10,050156
0,750610	1,000763	10,210571
0,852356	1,027100	10,279999
0,875107	1,034286	10,180634
0,915802	1,074982	10,029800
0,946930	1,080963	9,951996
0,902649	1,082169	9,755661
0,896652	1,132446	9,621597
0,908630	1,131241	9,491104
0,882294	1,159973	9,477936
0,890671	1,139618	9,535400
0,960098	1,134842	9,602432
1,031921	1,133636	9,714966
1,097763	1,080963	9,749680
1,115723	1,113281	9,692215
1,170792	1,155182	9,613205
1,235428	1,136032	9,559341
1,339584	1,095337	9,402527
1,359940	1,144409	9,382172
1,353943	1,125259	9,469559
1,352753	1,059418	9,503082
1,255783	1,061813	9,614410
1,164810	1,083359	9,756866
1,069031	1,126450	9,796371
0,978058	1,103714	9,926849
0,996017	1,030685	10,062119
1,085800	1,007950	10,244080
1,237823	0,981613	10,449982
1,300079	1,049835	10,566101
1,273743	1,051041	10,558914
1,249802	1,031891	10,482300
1,301270	1,043854	10,477524
1,414993	1,045059	10,568497
1,500000	1,084564	10,552933
1,576614	1,119278	10,359009
1,629288	1,158783	10,017838
1,635269	1,176727	9,655106
1,623291	1,224625	9,448013
1,537109	1,198288	9,415695
1,521545	1,150406	9,533005
1,587387	1,150406	9,758057
1,638855	1,121674	10,114792
1,678360	1,094131	10,422455
1,550278	0,994781	10,660675
1,454498	0,667969	10,746872
1,489227	1,301239	10,648697
1,664001	1,519104	10,581665
1,799271	1,094131	10,475128
1,628082	1,048645	10,262039
1,540695	1,206665	10,058533
1,716675	1,274902	9,884949
1,808853	1,312012	9,706589
1,772934	1,246170	9,623993
1,826797	1,217438	9,592865
1,938141	1,267715	9,675461
2,021927	1,273697	9,688629
2,019531	1,277298	9,543777
1,977631	1,276093	9,425262
1,989609	1,288071	9,511459
2,002777	1,320389	9,613205
1,994400	1,347916	9,725739
2,029114	1,312012	9,895721
1,987213	1,309616	10,051346
1,922577	1,398193	9,968750
1,938141	1,377853	9,743698
1,868698	1,387421	9,704193
1,835190	1,484390	9,646729
1,883072	1,541855	9,536591
1,975250	1,495163	9,534210
2,123688	1,521500	9,627579
2,254166	1,596924	9,714966
2,372681	1,632828	9,600037
2,438522	1,655579	9,371399
2,464859	1,674728	9,147537
2,541473	1,768097	8,970367
2,616882	1,765701	8,892563
2,588165	1,780075	8,920090
2,680344	1,866272	8,978745
2,701889	1,880630	9,001495
2,601334	1,825562	9,208588
2,480423	1,849503	9,633560
2,399017	1,936890	9,878967
2,458878	1,924927	10,019028
2,553436	1,914154	10,117188
2,571396	1,948868	10,299149
2,655197	1,899780	10,485901
2,658783	1,941681	10,548141
2,636047	2,008713	10,446396
2,608505	2,042236	10,330276
2,563019	2,060196	10,302750
2,600128	2,097305	10,344635
2,638443	2,187088	10,216553
2,712662	2,268494	9,992691
2,783279	2,279266	9,756866
2,795258	2,331940	9,556946
2,835953	2,365463	9,461182
2,904190	2,450455	9,505478
3,053833	2,509109	9,511459
3,166367	2,527069	9,406113
3,221420	2,522278	9,354645
3,252548	2,588120	9,367813
3,213043	2,677902	9,374985
3,058624	2,743744	9,398926
2,936508	2,741348	9,360626
2,898209	2,725784	9,480331
2,873062	2,782043	9,707779
2,870682	2,832321	9,882553
2,869476	2,832321	10,124374
2,916168	2,791626	10,246475
3,051437	2,850281	10,212967
3,205856	2,892181	10,172256
3,343536	2,901764	10,094452
3,389023	3,001114	9,892136
3,404587	3,052597	9,659897
3,508728	3,081329	9,495895
3,567383	3,238144	9,347458
3,564987	3,362640	9,100845
3,536270	3,415314	8,771652
3,548233	3,447632	8,519058
3,576965	3,494324	8,551376
3,524292	3,602066	8,707001
3,452469	3,616425	8,813553
3,400986	3,635574	8,859039
3,444092	3,669098	8,938049
3,537460	3,671494	9,120010
3,598511	3,727753	9,256470
3,669144	3,715790	9,455200
3,737381	3,710999	9,558151
3,711044	3,767258	9,541382
3,724213	3,811554	9,391754
3,790054	3,847473	9,343857
3,875046	3,889359	9,336685
3,895401	3,932465	9,360626
3,691879	3,914505	9,357025
4,089325	3,572128	9,343857
4,212631	3,819931	9,353439
3,961227	3,986328	9,428864
3,623657	3,939636	9,602432
3,557816	3,926468	9,463577
3,671539	3,884583	9,214584
3,682312	4,019852	9,121201
3,581757	4,173080	9,042191
3,635620	4,098862	8,942841
3,633224	4,096466	8,933258
3,566193	4,205399	8,970367
3,538651	4,276031	8,990723
3,548233	4,283218	8,880585
3,541046	4,315536	8,776443
3,514709	4,358627	8,698624
3,475204	4,339478	8,709396
3,414154	4,375381	8,894958
3,365082	4,406509	9,078110
3,408173	4,406509	9,026627
3,614075	4,447220	8,900940
3,690689	4,563339	8,632782
3,554214	4,620789	8,325134
3,402191	4,674667	8,126419
3,307617	4,727341	8,155136
3,193893	4,830292	8,350266
3,068192	4,879364	8,260483
3,034683	4,933243	8,021072
3,122070	5,024216	7,827133
3,293259	5,048157	7,557785
3,553024	4,988297	7,298019
3,645203	5,044571	7,093307
3,614075	5,049362	6,980789
3,457260	5,050552	6,856293
3,105301	5,027802	6,567795
2,627670	5,024216	6,272110
2,075806	5,118790	6,578568
1,823212	5,389328	7,809174
2,179947	5,511444	9,018250
2,620483	5,394119	9,190628
2,731812	5,250473	8,583710
2,607315	5,252869	8,321533
2,560623	5,262436	8,491531
2,760544	5,244476	8,716583
3,298035	5,257645	8,651947
3,737381	5,255264	8,058182
3,835541	5,390533	7,172318
3,773285	5,602417	6,518707
3,718216	5,746063	6,218231
3,604492	5,829865	6,161972
3,363876	5,931625	6,236191
3,148407	5,929230	6,225418
2,949677	5,993866	6,043457
2,812012	6,015411	5,968033
2,779694	5,974716	6,279282
2,756958	6,042953	6,758133
2,661179	6,066895	6,998749
2,479218	5,985489	7,168732
2,298462	6,008240	7,259705
2,127274	5,990280	7,335129
2,212265	6,069290	7,563782
2,412186	6,221313	7,519485
2,772507	6,256027	7,220215
3,365082	6,222519	6,844315
3,813995	6,301529	6,284073
4,009125	6,379333	5,698685
3,866669	6,459534	5,313232
3,630829	6,603195	5,177948
3,424927	6,706146	5,151611
3,169952	6,730087	5,492798
2,950882	6,811493	5,805237
2,758148	6,933594	5,857910
2,682724	7,009003	5,754959
2,698288	7,012604	5,488007
2,768921	7,009003	5,250977
2,821594	7,082031	5,034302
2,834763	7,089218	4,907410
2,719833	7,120346	4,940933
2,464859	7,165833	5,072601
2,290085	7,188568	5,200699
2,148819	7,199356	5,398224
2,061432	7,223297	5,526306
2,135651	7,228073	5,680740
2,320007	7,228073	5,835159
2,401413	7,228073	6,049438
2,458878	7,194565	6,188309
2,500778	7,253220	6,366669
2,590561	7,380112	6,163162
2,614502	7,429199	5,576584
2,509155	7,522568	4,866714
2,372681	7,662628	4,343567
2,250580	7,739243	4,102951
2,123688	7,753601	4,128098
1,902222	7,840988	4,237030
1,636459	7,880493	4,186752
1,488022	7,861343	4,003601
1,446121	7,908035	3,959305
1,637665	7,919998	4,096970
1,848358	7,882889	4,395050
2,023132	7,850571	4,679962
2,000381	7,848175	4,900223
1,889053	7,773956	5,133667
1,847153	7,738037	5,593353
1,831589	7,814651	6,075775
1,817230	7,930771	6,056625
1,818420	7,928391	5,711853
1,867508	7,904434	5,280899
1,863907	7,951126	5,089371
1,722656	8,061264	4,913391
1,527527	8,122314	4,714676
1,365921	8,195343	4,494415
1,187546	8,274353	4,342377
1,146851	8,325821	4,192734
1,171982	8,342575	4,164001
1,254593	8,340179	4,178375
1,351547	8,298294	4,311249
1,400635	8,299484	4,488419
1,313248	8,354553	4,500397
1,231842	8,341385	4,466873
1,156433	8,343781	4,451309
1,031921	8,429962	4,287308
0,981644	8,086395	4,147247
1,206711	8,309067	3,983246
1,496399	8,817825	4,089783
1,325211	8,714874	4,179565
0,978058	8,465881	3,956909
0,809265	8,519745	3,749817
0,841583	8,740021	3,484055
0,890671	8,802261	3,340408
0,875107	8,784317	3,266190
0,754196	8,759171	3,091400
0,605759	8,748398	2,960922
0,470490	8,779526	3,116547
0,436966	8,725647	3,381104
0,390289	8,676575	3,636093
0,326843	8,711288	3,788116
0,287338	8,674179	3,840790
0,253815	8,623901	3,980850
0,343597	8,619110	4,287308
0,427399	8,701706	4,366318
0,436966	8,682556	4,219070
0,495621	8,658615	4,075424
0,539917	8,682556	3,925781
0,521957	8,718475	3,669601
0,452530	8,772339	3,528351
0,332825	8,813034	3,569046
0,192764	8,832199	3,650452
0,046707	8,900436	3,699539
-0,011948	8,914795	3,686371
0,106567	8,886063	3,597778
0,124527	8,989014	3,390686
0,023972	8,967468	3,224289
-0,049057	8,921982	3,211121
-0,104126	8,943527	3,365540
-0,228622	8,956696	3,512787
-0,278900	8,913605	3,577423
-0,336365	8,880081	3,725876
-0,457260	8,933945	3,876709
-0,597321	8,911209	3,938950
-0,648804	8,836990	3,906631
-0,639221	8,850143	3,980850
-0,603317	8,892044	4,020355
-0,545853	8,881271	3,867126
-0,494370	8,877686	3,603760
-0,295654	8,875290	3,554688
-0,017929	8,886063	3,445755
0,087418	8,896835	2,941772
-0,059830	8,926758	2,359985
-0,338745	8,973450	2,089432
-0,586548	8,978241	2,221115
-0,889420	9,054855	2,411453
-1,115677	9,054855	2,381531
-1,223404	9,015350	2,280975
-1,264114	8,945923	2,410263
-1,183899	9,011765	2,593414
-1,146790	8,986618	2,701157
-1,219818	8,979431	2,738266
-1,308411	8,956696	2,716721
-1,317978	8,907608	2,734665
-1,339523	8,884872	2,968109
-1,364670	8,874100	3,247025
-1,357483	8,857330	3,464905
-1,364670	8,797485	3,625320
-1,335938	8,777130	3,669601
-1,260513	8,828598	3,687561
-1,231796	8,850143	3,481659
-1,260513	8,826202	3,178802
-1,393402	8,853745	2,805298
-1,497543	8,914795	2,631714
-1,674713	8,918381	2,403076
-1,811188	8,893250	2,204361
-1,930893	8,884872	2,119354
-2,020676	8,856140	2,048737
-2,133209	8,815430	1,980499
-2,225388	8,801071	2,005630
-2,360657	8,827408	1,897903
-2,515076	8,857330	1,750656
-2,693451	8,890854	1,525604
-2,792816	8,842972	1,311325
-2,906540	8,789093	1,057526
-2,932877	8,787903	0,849243
-2,977158	8,767548	0,856415
-3,004700	8,710083	1,006058
-3,094482	8,686142	1,063522
-3,245316	8,664597	0,976135
-3,308762	8,611923	1,025208
-3,280029	8,504196	1,182037
-3,147156	8,429962	1,415466
-3,009491	8,312653	1,489685
-2,969986	8,277939	1,440598
-2,986740	8,318634	1,407089
-3,053772	8,324631	1,354416
-3,136383	8,305466	1,229919
-3,235733	8,287506	1,016830
-3,356644	8,268356	0,930634
-3,501495	8,234848	0,976135
-3,649933	8,262375	1,031189
-3,770844	8,316238	0,820511
-3,944427	8,352158	0,470947
-4,034195	8,327011	0,247101
-4,133560	8,303070	0,201599
-4,157501	8,322235	0,233932
-4,133560	8,273148	0,113022
-4,165878	8,270752	0,010071
-4,243698	8,258789	-0,023453
-4,333481	8,283920	0,057953
-4,448395	8,285126	0,048370
-4,499878	8,221680	-0,024643
-4,522614	8,147446	0,026825
-4,521423	8,155838	0,061539
-4,501068	8,052887	0,261459
-4,383759	7,908035	0,552353
-4,402908	7,771561	0,697205
-4,388550	7,714096	0,785797
-4,393326	7,684174	0,922256
-4,481918	7,614746	1,001266
-4,574097	7,552490	0,979721
-4,599228	7,544113	0,897125
-4,560928	7,489044	0,812134
-4,627960	7,477081	0,755859
-4,675842	7,462708	0,662491
-4,775208	7,489044	0,453003
-4,909286	7,501022	0,199203
-4,966751	7,517776	0,019653
-5,000259	7,469894	-0,096466
-5,013428	7,445953	-0,078522
-4,996674	7,444748	-0,096466
-5,037369	7,483063	-0,133591
-5,052933	7,477081	-0,109634
-5,078079	7,412430	-0,064148
-5,263626	7,431580	0,060349
-5,382141	7,406448	0,200409
-5,330658	7,307083	0,376389
-5,353409	7,242447	0,480530
-5,373764	7,205338	0,485321
-5,401291	7,218506	0,433838
-5,426437	7,092804	0,413498
-5,470718	7,022171	0,322510
-5,571274	7,046127	0,342865
-5,657471	7,012604	0,493698
-5,758026	6,977890	0,628967
-5,785568	6,975494	0,600235
-5,777176	6,943176	0,418274
-5,816681	6,896484	0,095062
-5,671829	6,877335	-0,112030
-5,597610	6,835434	-0,222168
-5,670639	6,824661	-0,204208
-5,816681	6,829437	-0,230545
-6,034561	6,830643	-0,280823
-6,205750	6,843811	-0,347870
-6,319473	6,904861	-0,400543
-6,273972	6,894089	-0,541794
-6,208145	6,865356	-0,710587
-6,214127	6,806702	-0,853043
-6,284760	6,738464	-0,924866
-6,279968	6,732483	-0,872192
-6,253632	6,700165	-0,781219
-6,193771	6,611572	-0,814728
-6,145889	6,550522	-0,832687
-6,175812	6,477493	-0,924866
-6,242859	6,473907	-0,948807
-6,326645	6,445175	-0,935638
-6,368546	6,384125	-0,851837
-6,412842	6,386520	-0,680664
-6,485870	6,356583	-0,577713
-6,550507	6,317093	-0,507080
-6,588821	6,315887	-0,467575
-6,585220	6,333847	-0,510666
-6,590012	6,301529	-0,570526
-6,593597	6,273987	-0,629181
-6,622330	6,206955	-0,686646
-6,696548	6,232086	-0,716568
-6,791122	6,215332	-0,795578
-6,821060	6,222519	-0,711777
-6,843796	6,206955	-0,587280
-6,876114	6,208145	-0,550171
-6,959915	6,191391	-0,660309
-6,986252	6,179413	-0,736923
-7,038925	6,168640	-0,807556
-7,122726	6,209351	-0,966766
-7,128708	6,191391	-1,099640
-7,138290	6,190186	-1,286392
-7,096390	6,197372	-1,404907
-7,035339	6,200974	-1,511444
-7,006607	6,185410	-1,547363
-6,946747	6,179413	-1,571304
-6,854568	6,125549	-1,583267
-6,801895	6,048935	-1,554535
-6,850983	5,989075	-1,532990
-7,010193	6,054916	-1,443207
-7,050903	6,064499	-1,269638
-7,092789	6,040558	-1,173859
-7,165817	6,016617	-1,166687
-7,274750	6,045349	-1,159500
-7,351364	6,009430	-1,094849
-7,354965	5,987885	-0,941620
-7,386078	6,010620	-0,930847
-7,398056	5,971130	-1,030212
-7,408829	5,954361	-1,030212
-7,443542	5,942398	-1,009857
-7,439957	5,957962	-0,959579
-7,405243	5,997467	-1,048172
-7,308273	5,978302	-1,040985
-7,194550	5,904083	-1,036194
-7,096390	5,857391	-1,141541
-7,038925	5,857391	-1,146332
-7,041321	5,855011	-1,116409
-7,060471	5,852615	-1,125977
-7,099976	5,843033	-1,163086
-7,107162	5,835846	-1,266037
-7,211304	5,807114	-1,309143
-7,240036	5,789169	-1,221741
-7,272354	5,785568	-1,067322
-7,326233	5,807114	-1,078094
-7,400452	5,754456	-1,088867
-7,381302	5,760437	-1,178650
-7,420807	5,791565	-1,257660
-7,410034	5,789169	-1,377365
-7,374115	5,736496	-1,412094
-7,433975	5,676636	-1,389343
-7,483047	5,714951	-1,304352
-7,536926	5,702972	-1,163086
-7,558472	5,643112	-0,972748
-7,570435	5,596436	-0,879379
-7,559662	5,584457	-0,784805
-7,571640	5,600021	-0,759674
-7,588394	5,584457	-0,739319
-7,582413	5,558121	-0,765656
-7,615921	5,577271	-0,918884
-7,582413	5,610794	-1,116409
-7,504593	5,626358	-1,190628
-7,353760	5,591644	-1,171463
-7,305878	5,592834	-1,088867
-7,365738	5,566498	-1,078094
-7,402847	5,548553	-1,102036
-7,453125	5,564102	-1,075699
-7,456711	5,540161	-1,011063
-7,420807	5,483902	-0,930847
-7,378906	5,443207	-0,898529
-7,384888	5,372574	-0,977539
-7,402847	5,342651	-1,003876
-7,435165	5,337860	-0,912903
-7,509384	5,358215	-0,862625
-7,559662	5,370178	-0,851837
-7,558472	5,362991	-0,898529
-7,546494	5,361801	-0,845856
-7,580017	5,348633	-0,831497
-7,602753	5,294754	-0,766846
-7,631485	5,321091	-0,727341
-7,654236	5,354614	-0,789597
-7,651840	5,293564	-0,875778
-7,627899	5,298355	-0,941620
-7,560867	5,301941	-1,055344
-7,603958	5,222931	-1,087677
-7,686554	5,231308	-1,146332
-7,763168	5,299545	-1,064926
-7,776337	5,246872	-0,990707
-7,812256	5,172653	-1,000290
-7,802673	5,176254	-1,064926
-7,757187	5,136749	-1,153519
-7,753601	5,118790	-1,155914
-7,720078	5,133148	-1,151123
-7,643463	5,109207	-1,170273
-7,651840	5,116394	-1,263641
-7,673386	5,139145	-1,301956
-7,678177	5,193008	-1,264847
-7,679367	5,212158	-1,237305
-7,692535	5,218140	-1,262451
-7,668594	5,206177	-1,254074
-7,710495	5,230118	-1,231323
-7,815842	5,256454	-1,227737
-7,880493	5,251663	-1,232529
-7,892456	5,268433	-1,159500
-7,836197	5,297150	-1,080490
-7,759583	5,300751	-1,056549
-7,663818	5,325882	-1,182251
-7,617126	5,341446	-1,428848
-7,601562	5,354614	-1,653900
-7,550095	5,361801	-1,644318
-7,479462	5,394119	-1,529404
-7,483047	5,392929	-1,518631
-7,526138	5,365387	-1,549759
-7,583603	5,396515	-1,470749
-7,700928	5,456375	-1,403702
-7,760773	5,443207	-1,342651
-7,742828	5,442001	-1,304352
-7,715286	5,473129	-1,297165
-7,653046	5,474319	-1,261246
-7,552475	5,450378	-1,359421
-7,509384	5,452774	-1,404907
-7,475861	5,446793	-1,331879
-7,522552	5,410873	-1,252869
-7,571640	5,437210	-1,196609
-7,587204	5,450378	-1,224136
-7,554871	5,424042	-1,222946
-7,594376	5,445602	-1,216965
-7,540512	5,384537	-1,112808
-7,536926	5,377365	-1,094849
-7,603958	5,377365	-1,102036
-7,639877	5,386932	-1,096054
-7,629089	5,401306	-1,082886
-7,635086	5,365387	-1,033798
-7,595581	5,335464	-0,924866
-7,609940	5,354614	-0,916489
-7,621918	5,388138	-0,896133
-7,609940	5,394119	-1,003876
-7,609940	5,404892	-1,193024
-7,607544	5,420456	-1,328293
-7,611145	5,403702	-1,336670
-7,637482	5,390533	-1,286392
-7,597977	5,379761	-1,250473
-7,559662	5,416870	-1,226532
-7,585999	5,401306	-1,240906
-7,611145	5,360596	-1,221741
-7,607544	5,333069	-1,191818
-7,624313	5,323486	-1,135559
-7,722473	5,354614	-1,044571
-7,748810	5,334259	-1,070908
-7,723663	5,287582	-1,048172
-7,667404	5,269623	-1,003876
-7,666214	5,298355	-1,037399
-7,675781	5,287582	-1,070908
-7,679367	5,263641	-1,118790
-7,691345	5,282791	-1,137955
-7,718872	5,282791	-1,098450
-7,738037	5,289978	-1,155914
-7,741623	5,285187	-1,214569
-7,775146	5,273209	-1,230133
-7,777542	5,245682	-1,202591
-7,778732	5,212158	-1,280411
-7,838593	5,224136	-1,310333
-7,866119	5,245682	-1,321106
-7,903229	5,219345	-1,325897
-8,003784	5,207367	-1,200195
-8,045685	5,239700	-1,136749
-7,961884	5,254059	-1,209778
-7,868515	5,206177	-1,159500
-7,815842	5,197800	-1,193024
-7,744019	5,218140	-1,303146
-7,702118	5,206177	-1,404907
-7,724869	5,191818	-1,450394
-7,688950	5,167862	-1,397720
-7,736832	5,176254	-1,295975
-7,760773	5,193008	-1,279205
-7,803879	5,196594	-1,242096
-7,807465	5,183426	-1,250473
-7,760773	5,206177	-1,268433
-7,741623	5,201385	-1,339066
-7,693741	5,197800	-1,431244
-7,673386	5,189423	-1,450394
-7,670990	5,212158	-1,445602
-7,709305	5,194199	-1,432434
-7,773941	5,179840	-1,358215
-7,837387	5,210968	-1,342651
-7,886475	5,195404	-1,307938
-7,939148	5,185822	-1,272034
-7,966675	5,171463	-1,185837
-7,993011	5,152313	-1,130768
-7,935547	5,169067	-1,149918
-7,937943	5,209763	-1,199005
-7,872101	5,197800	-1,275620
-7,843384	5,220535	-1,363007
-7,830215	5,189423	-1,404907
-7,821823	5,210968	-1,377365
-7,831406	5,224136	-1,313919
-7,854156	5,202591	-1,281601
-7,814651	5,133148	-1,232529
-7,794296	5,176254	-1,123581
-7,778732	5,188217	-1,079300
-7,750000	5,172653	-1,111618
-7,820633	5,218140	-1,091263
-7,779938	5,173859	-1,125977
-7,740433	5,179840	-1,130768
-7,788315	5,189423	-1,212173
-7,772751	5,200195	-1,278015
-7,776337	5,194199	-1,311523
-7,755997	5,188217	-1,432434
-7,740433	5,189423	-1,559326
-7,766769	5,212158	-1,720932
-7,800278	5,228928	-1,710159
-7,779938	5,228928	-1,577286
-7,769150	5,218140	-1,511444
-7,759583	5,230118	-1,501877
-7,794296	5,206177	-1,390533
-7,852951	5,216949	-1,316315
-7,823029	5,219345	-1,256470
-7,821823	5,195404	-1,096054
-7,805069	5,190613	-0,973953
-7,767960	5,198990	-0,942825
-7,748810	5,177444	-0,904510
-7,747604	5,155899	-0,964371
-7,742828	5,148712	-0,960785
-7,696136	5,151108	-0,905716
-7,720078	5,127167	-1,013458
-7,778732	5,158295	-1,111618
-7,800278	5,188217	-1,159500
-7,809860	5,195404	-1,093658
-7,821823	5,188217	-1,153519
-7,848160	5,187027	-1,218155
-7,844574	5,193008	-1,266037
-7,855347	5,210968	-1,366592
-7,833801	5,210968	-1,372589
-7,782318	5,227722	-1,389343
-7,686554	5,215759	-1,395325
-7,669800	5,216949	-1,404907
-7,712891	5,268433	-1,485107
-7,676987	5,209763	-1,458771
-7,659027	5,187027	-1,422867
-7,735641	5,230118	-1,352234
-7,783524	5,214554	-1,309143
-7,817047	5,219345	-1,300751
-7,790710	5,248077	-1,303146
-7,758377	5,248077	-1,266037
-7,800278	5,239700	-1,279205
-7,898438	5,210968	-1,298355
-7,887665	5,234909	-1,275620
-7,868515	5,269623	-1,155914
-7,886475	5,251663	-1,136749
-7,896057	5,261246	-1,164291
-7,839783	5,250473	-1,196609
-7,779938	5,305542	-1,149918
-7,703323	5,310318	-1,196609
-7,675781	5,318710	-1,273224
-7,692535	5,357010	-1,430038
-7,648254	5,367783	-1,534195
-7,609940	5,390533	-1,529404
-7,532135	5,372574	-1,532990
-7,462692	5,348633	-1,664673
-7,466293	5,346237	-1,671860
-7,516571	5,364197	-1,661087
-7,620712	5,438416	-1,629959
-7,674591	5,394119	-1,589264
-7,770355	5,394119	-1,468353
-7,796692	5,374969	-1,361801
-7,767960	5,400101	-1,243301
-7,779938	5,427643	-1,130768
-7,769150	5,383347	-1,100845
-7,744019	5,352219	-1,096054
-7,727264	5,313919	-1,075699
-7,717682	5,327087	-1,030212
-7,690155	5,327087	-1,018234
-7,644653	5,289978	-1,026627
-7,588394	5,258850	-1,031403
-7,572830	5,287582	-1,026627
-7,596771	5,276810	-1,063736
-7,594376	5,222931	-1,096054
-7,606354	5,215759	-1,102036
-7,716492	5,252869	-1,118790
-7,790710	5,256454	-1,099640
-7,842178	5,204971	-1,153519
-7,785919	5,201385	-1,148727
-7,814651	5,208572	-0,978729
-7,923584	5,176254	-0,892548
-7,892456	5,153503	-1,030212
-7,850555	5,181030	-1,070908
-7,806274	5,179840	-1,019440
-7,741623	5,143921	-1,070908
-7,726059	5,075699	-1,128372
-7,802673	5,064911	-1,177460
-7,837387	5,108017	-1,152313
-7,851761	5,084076	-1,075699
-7,873306	5,085266	-1,037399
-7,940338	5,117584	-1,072113
-7,874496	5,070908	-1,147522
-7,899643	5,075699	-1,105637
-7,887665	5,086472	-1,091263
-7,791901	5,100830	-1,152313
-7,741623	5,129562	-1,287582
-7,747604	5,136749	-1,363007
-7,738037	5,145126	-1,372589
-7,767960	5,191818	-1,353424
-7,803879	5,274414	-1,312729
-7,833801	5,305542	-1,337860
-7,808655	5,293564	-1,360611
-7,799088	5,313919	-1,371384
-7,771545	5,352219	-1,368988
-7,698532	5,337860	-1,347443
-7,724869	5,403702	-1,378571
-7,692535	5,408493	-1,432434
-7,681763	5,403702	-1,473145
-7,662613	5,426437	-1,516235
-7,585999	5,406097	-1,528198
-7,619522	5,451584	-1,475540
-7,657822	5,451584	-1,370193
-7,602753	5,452774	-1,280411
-7,569244	5,450378	-1,183441
-7,589600	5,433624	-1,279205
-7,611145	5,450378	-1,368988
-7,615921	5,470734	-1,334274
-7,584808	5,424042	-1,287582
-7,641068	5,467148	-1,273224
-7,693741	5,461151	-1,335480
-7,681763	5,467148	-1,307938
-7,708099	5,507843	-1,293579
-7,704514	5,473129	-1,317520
-7,662613	5,365387	-1,333084
-7,627899	5,420456	-1,310333
-7,620712	5,412079	-1,358215
-7,589600	5,374969	-1,361801
-7,642258	5,386932	-1,270828
-7,655426	5,419266	-1,218155
-7,672195	5,396515	-1,228928
-7,706909	5,316315	-1,249283
-7,784714	5,311523	-1,136749
-7,840988	5,325882	-1,066132
-7,890060	5,337860	-1,075699
-7,861328	5,303146	-1,091263
-7,849365	5,288773	-1,069717
-7,790710	5,249268	-1,007462
-7,709305	5,228928	-1,042175
-7,661423	5,200195	-1,087677
-7,663818	5,194199	-1,082886
-7,682968	5,255264	-1,036194
-7,748810	5,207367	-1,079300
-7,772751	5,232513	-1,081680
-7,797882	5,251663	-1,001480
-7,793106	5,234909	-0,985916
-7,748810	5,216949	-1,051758
-7,699722	5,183426	-1,159500
-7,690155	5,197800	-1,199005
-7,751205	5,232513	-1,191818
-7,757187	5,198990	-1,190628
-7,832611	5,158295	-1,199005
-7,815842	5,160690	-1,254074
-7,797882	5,166672	-1,159500
-7,805069	5,160690	-1,164291
-7,799088	5,133148	-1,176254
-7,817047	5,093643	-1,226532
-7,862534	5,082870	-1,261246
-7,902039	5,082870	-1,181046
-7,872101	5,058929	-1,088867
-7,861328	5,070908	-1,060135
-7,874496	5,045761	-1,027817
-7,875702	5,017029	-0,972748
-7,839783	4,981125	-1,060135
-7,803879	4,976334	-1,079300
-7,794296	4,979919	-1,037399
-7,779938	5,021820	-0,975143
-7,879288	4,989502	-1,086472
-7,906830	5,036194	-1,001480
-7,836197	5,076889	-0,891342
-7,885269	5,080475	-0,959579
-7,922379	5,141525	-1,123581
-7,903229	5,142731	-1,143936
-7,928375	5,165482	-1,155914
-7,909225	5,219345	-1,160690
-7,858932	5,237305	-1,274414
-7,856552	5,268433	-1,396530
-7,819443	5,349823	-1,431244
-7,741623	5,376160	-1,492294
-7,637482	5,401306	-1,548553
-7,590790	5,431229	-1,597641
-7,584808	5,510239	-1,682632
-7,559662	5,497070	-1,741287
-7,539307	5,556931	-1,730515
-7,539307	5,572495	-1,740097
-7,481857	5,579666	-1,783188
-7,444748	5,609604	-1,726929
-7,419601	5,623962	-1,702988
-7,463898	5,612000	-1,663483
-7,528534	5,603607	-1,589264
-7,546494	5,614380	-1,437225
-7,570435	5,609604	-1,336670
-7,574036	5,577271	-1,295975
-7,563263	5,525803	-1,298355
-7,550095	5,566498	-1,228928
-7,501007	5,544952	-1,201401
-7,471085	5,549744	-1,164291
-7,496216	5,547348	-1,140350
-7,506989	5,523407	-1,124786
-7,483047	5,515030	-1,105637
-7,496216	5,487488	-1,140350
-7,553680	5,480316	-1,195404
-7,577621	5,446793	-1,118790
-7,558472	5,407288	-1,024231
-7,521362	5,386932	-0,947617
-7,518967	5,353424	-0,911697
-7,538116	5,366592	-0,936844
-7,594376	5,359406	-0,915283
-7,605148	5,323486	-0,861420
-7,678177	5,316315	-0,873398
-7,727264	5,359406	-1,020630
-7,727264	5,322296	-1,143936
-7,724869	5,321091	-1,232529
-7,747604	5,357010	-1,244492
-7,759583	5,339050	-1,297165
-7,752396	5,333069	-1,380966
-7,763168	5,333069	-1,368988
-7,784714	5,270813	-1,341461
-7,797882	5,242096	-1,324692
-7,802673	5,255264	-1,248077
-7,779938	5,283981	-1,189423
-7,755997	5,248077	-1,157104
-7,724869	5,228928	-1,165482
-7,685364	5,207367	-1,236115
-7,665009	5,212158	-1,263641
-7,712891	5,231308	-1,262451
-7,730850	5,225327	-1,237305
-7,777542	5,239700	-1,246887
-7,803879	5,236099	-1,295975
-7,842178	5,269623	-1,311523
-7,811050	5,280396	-1,342651
-7,782318	5,274414	-1,304352
-7,764374	5,255264	-1,263641
-7,789505	5,275604	-1,219360
-7,771545	5,270813	-1,210968
-7,773941	5,256454	-1,169083
-7,744019	5,249268	-1,148727
-7,699722	5,283981	-1,148727
-7,714096	5,303146	-1,149918
-7,697327	5,291168	-1,243301
-7,688950	5,287582	-1,278015
-7,663818	5,288773	-1,280411
-7,681763	5,300751	-1,286392
-7,679367	5,336655	-1,354630
-7,692535	5,311523	-1,410889
-7,708099	5,313919	-1,462372
-7,759583	5,367783	-1,492294
-7,824219	5,386932	-1,486313
-7,832611	5,370178	-1,461166
-7,802673	5,427643	-1,340256
-7,751205	5,400101	-1,294769
-7,679367	5,374969	-1,301956
-7,666214	5,379761	-1,316315
-7,685364	5,370178	-1,421661
-7,676987	5,370178	-1,513840
-7,682968	5,388138	-1,546158
-7,639877	5,331879	-1,495880
-7,656631	5,303146	-1,367798
-7,752396	5,330673	-1,304352
-7,763168	5,286377	-1,319916
-7,765564	5,272018	-1,386948
-7,751205	5,288773	-1,504257
-7,803879	5,269623	-1,452789
-7,825424	5,254059	-1,325897
-7,861328	5,219345	-1,313919
-7,893661	5,245682	-1,357025
-7,931961	5,260040	-1,412094
-7,930771	5,221741	-1,447998
-7,928375	5,189423	-1,428848
-7,904434	5,175049	-1,404907
-7,935547	5,145126	-1,395325
-7,972672	5,131958	-1,321106
-7,979843	5,129562	-1,331879
-8,030121	5,087662	-1,316315
-8,031326	5,045761	-1,368988
-8,009781	5,029007	-1,342651
-8,024139	5,067307	-1,288788
-7,969070	5,021820	-1,324692
-8,014557	5,000275	-1,342651
-8,052872	5,057739	-1,355820
-8,015762	5,069702	-1,368988
-7,997803	5,063721	-1,355820
-7,996613	5,070908	-1,348648
-7,955902	5,062531	-1,283997
-7,896057	5,100830	-1,237305
-7,867325	5,080475	-1,291183
-7,791901	5,078079	-1,424057
-7,690155	5,134354	-1,384552
-7,637482	5,152313	-1,371384
-7,609940	5,172653	-1,323502
-7,575226	5,195404	-1,283997
-7,571640	5,175049	-1,278015
-7,633881	5,224136	-1,312729
-7,655426	5,226532	-1,263641
-7,710495	5,260040	-1,281601
-7,706909	5,345047	-1,281601
-7,653046	5,294754	-1,300751
-7,599167	5,354614	-1,384552
-7,585999	5,385742	-1,452789
-7,532135	5,416870	-1,485107
-7,503403	5,450378	-1,524612
-7,468689	5,494675	-1,495880
-7,426788	5,535385	-1,488708
-7,384888	5,586853	-1,509048
-7,340591	5,592834	-1,397720
-7,368134	5,681427	-1,351028
-7,319046	5,766418	-1,340256
-7,261581	5,853806	-1,409698
-7,241241	5,871765	-1,513840
-7,155045	5,928024	-1,606018
-7,079620	6,017807	-1,535385
-6,985062	6,054916	-1,458771
-6,931183	6,044144	-1,404907
-6,910843	6,083649	-1,368988
-6,809082	6,082458	-1,371384
-6,713318	6,094421	-1,286392
-6,688171	6,111191	-1,207382
-6,673813	6,149490	-1,161896
-6,643875	6,185410	-1,100845
-6,659439	6,229691	-1,035004
-6,681000	6,289551	-0,969162
-6,724091	6,333847	-0,976349
-6,657043	6,387711	-0,842270
-6,597198	6,441589	-0,784805
-6,543320	6,470322	-0,863815
-6,458328	6,515808	-0,983521
-6,421219	6,551712	-0,975143
-6,390091	6,599594	-0,890152
-6,364960	6,663040	-0,862625
-6,333832	6,678604	-0,917679
-6,264404	6,701355	-0,922470
-6,271591	6,716919	-0,808746
-6,251236	6,756424	-0,709381
-6,194977	6,827057	-0,693832
-6,153076	6,856979	-0,663895
-6,075256	6,856979	-0,679459
-5,995056	6,865356	-0,708191
-6,017792	6,891693	-0,675873
-6,235672	6,797119	-0,587280
-6,123138	6,586426	-0,550171
-5,765213	7,453140	-0,686646
-5,609589	7,420807	-0,390961
-5,765213	6,868942	-0,314346
-5,808304	6,918030	-0,436447
-5,677826	7,199356	-0,461594
-5,540161	7,177795	-0,386169
-5,590439	7,070068	-0,309555
-5,589233	7,096405	-0,362228
-5,595215	7,168228	-0,393356
-5,601212	7,208923	-0,376602
-5,595215	7,208923	-0,333496
-5,620361	7,235260	-0,398148
-5,620361	7,262802	-0,479538
-5,537766	7,287933	-0,516663
-5,482697	7,332230	-0,468765
-5,425232	7,311874	-0,509476
-5,374954	7,346588	-0,562149
-5,373764	7,396866	-0,473557
-5,309113	7,376526	-0,357437
-5,261230	7,416031	-0,232941
-5,293549	7,430389	-0,229355
-5,283981	7,426804	-0,171890
-5,274399	7,451935	-0,060562
-5,279190	7,495026	-0,070129
-5,317490	7,594391	-0,165909
-5,270813	7,630310	-0,295197
-5,177429	7,663818	-0,487930
-5,032578	7,696152	-0,626785
-4,910477	7,709320	-0,678268
-4,872177	7,714096	-0,635162
-4,847031	7,777542	-0,563339
-4,880554	7,813461	-0,484329
-4,908081	7,839798	-0,401733
-4,972733	7,844589	-0,250900
-5,011032	7,849380	-0,176682
-4,963150	7,879303	-0,183868
-4,893723	7,864944	-0,220978
-4,782394	7,821838	-0,194641
-4,733307	7,861343	-0,238922
-4,683029	7,903244	-0,305969
-4,617188	7,884094	-0,368210
-4,566910	7,908035	-0,493912
-4,485504	7,909225	-0,533417
-4,437622	7,921204	-0,553772
-4,378967	7,921204	-0,535812
-4,402908	7,904434	-0,419693
-4,502274	7,915222	-0,343079
-4,553741	7,935562	-0,346664
-4,627960	7,929581	-0,264069
-4,651901	7,900848	-0,327515
-4,653107	7,906830	-0,335892
-4,672256	7,952332	-0,387375
-4,593246	7,930771	-0,519043
-4,459167	7,899658	-0,455597
-4,345444	7,929581	-0,272446
-4,254471	7,917603	-0,206604
-4,256866	7,935562	-0,168304
-4,261658	7,963104	-0,180267
-4,236511	7,957108	-0,074921
-4,193420	7,955917	0,087875
-4,112015	7,935562	0,280609
-4,035400	7,963104	0,418274
-3,992310	8,018173	0,487717
-4,054550	8,068451	0,454193
-4,132370	8,188156	0,338074
-4,123978	8,264771	0,259064
-4,132370	8,335403	0,259064
-4,128769	8,406021	0,267441
-4,076096	8,414413	0,165695
-3,964767	8,482635	0,038803
-3,786407	8,523346	-0,048584
-3,775635	8,683746	-0,604050
-3,612823	8,705307	-0,119217
-3,350662	8,743607	0,054367
-3,309952	8,793884	-0,313141
-3,244110	8,749588	-0,481934
-3,202225	8,801071	-0,311951
-3,175888	8,877686	-0,073730
-3,162720	8,890854	0,007675
-3,108841	8,852539	-0,023453
-3,044205	8,870499	-0,035416
-2,974762	8,870499	0,119003
-2,870621	8,899231	0,326111
-2,780838	8,923172	0,540390
-2,714996	8,959091	0,696014
-2,656342	8,936340	0,849243
-2,529449	8,963882	1,032394
-2,352280	8,975845	1,190414
-2,305588	9,012955	1,293365
-2,228973	8,990219	1,415466
-2,157150	8,957886	1,547150
-2,102081	8,981827	1,647705
-2,060181	9,021332	1,779388
-2,038635	9,029709	1,860794
-1,996735	9,000992	1,823669
-1,944061	8,963882	1,574677
-2,013489	9,032104	1,627350
-1,917725	9,034500	1,885925
-1,942871	9,145828	1,773392
-1,948853	9,148224	1,439407
-1,957230	9,101547	1,110199
-1,993149	9,124283	1,032394
-1,950043	9,145828	1,013245
-1,945267	9,233231	0,968948
-1,916534	9,212875	0,877960
-1,877029	9,190125	0,880356
-1,819565	9,232025	0,906693
-1,721405	9,218857	0,992889
-1,618454	9,238007	1,114990
-1,492752	9,197311	1,228714
-1,443680	9,148224	1,366379
-1,321579	9,113510	1,476517
-1,338333	9,138657	1,640518
-1,346710	9,162598	1,724319
-1,356293	9,139847	1,798538
-1,338333	9,084778	1,793747
-1,329956	9,087173	1,687210
-1,289246	9,048874	1,681229
-1,247345	9,057251	1,750656
-1,228195	9,093155	1,761429
-1,201859	9,169769	1,720734
-1,153976	9,185333	1,700378
-1,077362	9,135056	1,733887
-1,036667	9,158997	1,820084
-1,024689	9,160202	1,835648
-0,985184	9,161392	1,867966
-0,931320	9,166183	1,790161
-0,843933	9,149429	1,791351
-0,752945	9,153015	1,839233
-0,755341	9,180557	1,816498
-0,690704	9,167389	1,802124
-0,584152	9,168579	1,911072
-0,526703	9,212875	1,982895
-0,458466	9,188934	1,991272
-0,375870	9,190125	1,940994
-0,380646	9,200897	1,875153
-0,384247	9,230835	1,796143
-0,369873	9,325394	1,800934
-0,389038	9,360123	1,836838
-0,423752	9,356522	1,792557
-0,458466	9,394836	1,754242
-0,435715	9,392441	1,749451
-0,414169	9,388840	1,845230
-0,365082	9,361313	2,021194
-0,339951	9,340958	2,118164
-0,299255	9,314621	2,125351
-0,216644	9,317017	2,203156
-0,124466	9,326599	2,297729
-0,094543	9,238007	2,327652
-0,080185	9,205688	2,343216
-0,090958	9,155411	2,391098
-0,108902	9,105133	2,471313
-0,099335	9,145828	2,632919
-0,055038	9,145828	2,722702
-0,017929	9,132660	2,551514
-0,053848	9,166183	2,398285
-0,045456	9,190125	2,308502
-0,020325	9,181747	2,125351
0,016785	9,226044	1,929016
0,049103	9,263153	1,676437
0,082626	9,242798	1,502853
0,091003	9,247589	1,481308
0,134109	9,200897	1,468140
0,159241	9,167389	1,504044
0,160446	9,179352	1,580658
0,186768	9,119492	1,664459
0,207123	9,062042	1,805725
0,247833	8,996201	2,082245
0,277756	8,965073	2,397095
0,367538	8,927963	2,648483
0,447739	8,833389	2,758606
0,493240	8,784317	2,816071
0,548294	8,790298	2,896286
0,578232	8,817825	2,890289
0,652451	8,773529	2,834030
0,712296	8,736420	2,747833
0,758987	8,748398	2,721497
0,778137	8,747208	2,687988
0,745819	8,797485	2,562286
0,718292	8,765152	2,379135
0,782928	8,723251	2,247452
0,893066	8,711288	2,191193
1,012772	8,674179	2,157669
1,029541	8,603546	2,103806
0,981644	8,531723	2,072678
0,978058	8,505386	2,059509
0,942139	8,505386	2,099014
0,914612	8,453903	2,227097
0,999603	8,415604	2,259415
1,058258	8,392853	2,175629
1,079819	8,361740	2,064301
1,053482	8,376099	2,150482
1,103760	8,371307	2,359985
1,186356	8,349762	2,516800
1,255783	8,365326	2,525177
1,471268	8,340179	2,634109
1,673569	8,283920	2,855576
1,768143	8,318634	3,073456
1,842361	8,447922	3,630096
1,879471	8,390457	3,907822
1,865112	8,352158	4,019165
1,981232	8,366516	4,017960
2,090164	8,449127	4,231049
2,232620	8,483841	4,439346
2,292480	8,497009	4,330399
2,337967	8,560455	4,134079
2,530701	8,585587	3,988037
2,893417	8,553268	3,910217
3,078964	8,609528	3,760590
3,005951	8,601151	3,542709
2,868286	8,554474	3,425400
2,778503	8,553268	3,522369
2,643219	8,546082	3,649261
2,523514	8,544891	3,654037
2,505554	8,510178	3,716293
2,569000	8,461090	3,947327
2,689911	8,404831	4,164001
2,703079	8,342575	4,234634
2,618088	8,309067	4,270554
2,563019	8,252792	4,532715
2,662384	8,165405	4,910995
2,780899	8,099564	5,078598
2,972427	8,009781	5,016342
3,041855	7,999008	4,891846
2,995178	8,010986	4,920578
2,995178	7,966690	5,100143
2,955673	7,951126	5,250977
2,964050	7,925995	5,331177
2,954468	7,896057	5,408997
2,977219	7,873322	5,489197
2,954468	7,845779	5,508347
2,877853	7,831421	5,527512
2,875458	7,794312	5,587357
2,965240	7,727264	5,635239
3,122070	7,705719	5,695099
3,201080	7,760788	5,544266
3,223816	7,759598	5,374283
3,179520	7,692551	5,258163
3,151993	7,687759	5,210281
3,179520	7,697342	5,224640
3,268112	7,673401	5,107330
3,324371	7,602768	4,933746
3,336349	7,572845	4,943329
3,298035	7,564468	5,089371
3,225021	7,535736	5,253372
3,254944	7,451935	5,249786
3,420151	7,314270	5,404205
3,588928	7,313080	5,777695
3,626053	7,345398	6,060211
3,549438	7,295120	6,051834
3,405777	7,297516	5,966843
3,344727	7,287933	6,000366
3,440491	7,260406	6,111694
3,612885	7,266388	6,114090
3,675125	7,237656	5,951279
3,641602	7,195755	5,748978
3,593719	7,194565	5,522720
3,597321	7,162231	5,411392
3,574570	7,152664	5,429352
3,564987	7,094009	5,525116
3,635620	7,019791	5,602921
3,676331	6,980286	5,699890
3,602097	6,914444	5,843536
3,576965	6,855774	6,013535
3,598511	6,811493	6,167953
3,639221	6,732483	6,360687
3,706253	6,724106	6,464844
3,683502	6,666641	6,449280
3,599716	6,635513	6,230209
3,530273	6,598404	6,070984
3,460846	6,551712	6,177536
3,389023	6,558899	6,203873
3,282471	6,496643	6,017120
3,286072	6,396088	5,849533
3,254944	6,404480	6,073380
3,369873	6,270401	6,245773
3,466827	6,126740	6,315201
3,587738	6,080063	6,390610
3,737381	6,004639	6,443283
3,819977	5,974716	6,647995
3,864273	5,981903	6,692291
3,779282	5,908875	6,591736
3,653580	5,850220	6,554626
3,578156	5,799942	6,725800
3,497955	5,723328	7,111267
3,471619	5,720932	7,357880
3,337540	5,742477	7,365051
3,277695	5,687408	7,229782
3,240585	5,629944	7,088531
3,193893	5,579666	7,082535
3,245361	5,560516	7,319565
3,294449	5,526993	7,464417
3,276489	5,439606	7,362656
3,251358	5,359406	7,257324
3,280090	5,312714	7,404556
3,390213	5,213364	7,497940
3,633224	5,052948	7,394989
3,757721	5,073303	7,307602
3,689499	5,165482	7,776855
3,562607	5,096039	7,815170
3,359085	4,989502	7,549408
3,196289	4,946411	7,330338
3,157974	4,933243	7,554199
3,236984	4,811127	7,944458
3,202271	4,704590	8,228165
3,184311	4,644730	8,365829
3,191498	4,571716	8,492722
3,031082	4,632767	8,665115
2,990387	4,599243	9,203796
3,099319	4,517838	9,389359
3,226212	4,353836	9,238525
3,347122	4,307159	9,365417
3,426132	4,316727	9,755661
3,345917	4,274826	9,971146
3,137634	4,337082	9,809540
2,903000	4,347855	9,384567
2,792862	4,224548	9,026627
2,777298	4,185043	9,109238
2,918564	4,189835	9,407318
2,977219	4,161102	9,376190
2,886230	4,108429	8,942841
2,740189	4,120407	8,486740
2,640839	4,097656	8,361038
2,711456	4,011475	8,563354
2,888626	3,903732	8,842285
3,076584	3,785217	9,133179
3,205856	3,620010	9,335480
3,142410	3,543396	9,708984
2,898209	3,646347	10,005859
2,597733	3,617630	9,898117
2,223038	3,541016	9,650330
1,959686	3,515869	9,625183
1,867508	3,512283	9,658707
1,896240	3,481155	9,617996
1,963272	3,396164	9,578491
2,090164	3,306381	9,734116
2,129669	3,259689	9,685043
2,079391	3,214203	9,517441
1,981232	3,161530	9,397736
1,845963	3,123215	9,369003
1,747787	3,074142	9,352249
1,729843	2,980759	9,355835
1,701111	2,882599	9,440826
1,762161	2,779648	9,716156
1,874695	2,712616	9,919662
1,786102	2,656357	9,814331
1,664001	2,604874	9,691025
1,497604	2,626419	9,682648
1,412613	2,537842	9,773621
1,397049	2,474396	9,884949
1,292892	2,463623	9,877777
1,276138	2,365463	9,805939
1,288101	2,293625	9,912491
1,271347	2,223007	10,098038
1,356339	2,148773	10,414078
1,377884	2,081741	10,515823
1,356339	2,019501	10,274017
1,207901	1,989563	10,133957
1,055878	2,127228	10,618774
1,034317	2,091324	10,447586
0,832016	1,966827	10,008255
0,709915	1,964432	9,845444
0,705124	1,991959	9,845444
0,811661	1,953659	10,004669
0,866730	1,915344	10,169861
0,877502	1,911758	10,232117
0,897858	1,844711	10,114792
0,917007	1,800430	9,999878
0,901443	1,850708	10,172256
0,956512	1,806412	10,203384
1,023544	1,728592	10,029800
0,952927	1,719025	9,961563
0,870316	1,741760	9,999878
0,873917	1,696274	10,009445
0,749405	1,794434	9,811935
0,641678	1,747757	9,517441
0,519562	1,680710	9,318726
0,511185	1,709442	9,348648
0,547104	1,628036	9,536591
0,659637	1,505936	9,746094
0,768570	1,492767	9,827499
0,787720	1,528687	10,123184
0,770966	1,470032	10,287186
0,590195	1,452072	10,208176
0,330429	1,480804	9,980728
0,174805	1,468826	9,783203
0,144882	1,441299	9,901718
0,268173	1,417358	10,202179
0,415421	1,397003	10,527802
0,454926	1,382629	10,528992
0,399857	1,364685	10,315903
0,274170	1,389816	10,048950
0,185577	1,446075	9,783203
0,162827	1,395798	9,479141
0,158051	1,365875	9,369003
0,175995	1,340744	9,464767
0,278946	1,329956	9,669479
0,403458	1,273697	9,797562
0,543518	1,255737	9,743698
0,553085	1,253342	9,576096
0,484848	1,267715	9,531815
0,441757	1,308411	9,592865
0,331619	1,326370	9,577301
0,252609	1,325180	9,495895
0,220291	1,363480	9,564133
0,317261	1,294052	9,626373
0,362747	1,229401	9,534210
0,362747	1,180328	9,473145
0,264587	1,206665	9,476746
0,245438	1,201874	9,673065
0,142487	1,186310	9,802353
0,088608	1,115677	9,907700
-0,021515	1,124069	10,032196
-0,088562	1,098923	10,190216
-0,152008	1,064209	10,198593
-0,196304	1,045059	10,154297
-0,161575	1,070190	10,121979
-0,205872	1,024704	10,111206
-0,223831	0,968445	10,078888
-0,252563	0,989990	10,060928
-0,239395	0,945694	10,062119
-0,165176	0,934921	10,132751
-0,034683	0,944504	10,127960
0,086212	0,940903	9,967560
0,064667	0,955276	9,795166
0,011993	0,909775	9,670670
-0,040680	0,893021	9,653915
-0,101730	1,003159	9,671875
-0,084961	0,954071	9,772430
-0,099335	0,876266	9,918472
-0,187912	0,902603	9,817917
-0,239395	0,921753	9,667084
-0,323196	0,951675	9,578491
-0,271713	0,926544	9,591660
-0,100525	0,885834	9,780807
0,075439	0,871475	10,023819
0,197556	0,851120	10,149506
0,226273	0,845139	10,052551
0,165222	0,835556	9,838272
0,105377	0,858307	9,729324
0,154449	0,851120	9,768829
0,210724	0,882248	9,832275
0,142487	0,896606	9,904114
0,055099	0,893021	10,064514
-0,028702	0,904999	10,089661
-0,095734	0,891830	10,157898
-0,153198	0,809219	10,303940
-0,201080	0,770920	10,451187
-0,260941	0,842743	10,619980
-0,271713	0,805634	10,744476
-0,280090	0,776901	10,758835
-0,326782	0,778107	10,659485
-0,403397	0,800842	10,531387
-0,466843	0,786484	10,483505
-0,447693	0,823593	10,457169
-0,401001	0,815216	10,315903
-0,274109	0,823593	10,177048
-0,120880	0,839157	10,071701
-0,007156	0,852325	9,937622
-0,005951	0,883438	9,613205
-0,022720	0,931335	9,268448
-0,015533	0,934921	9,134369
0,025162	0,908585	9,193024
0,073044	0,922943	9,264862
0,077835	0,930130	9,434845
0,006012	0,877457	9,509064
-0,093353	0,899002	9,595261
-0,216644	0,895416	9,744888
-0,391418	0,861893	9,940018
-0,514725	0,818802	10,144730
-0,603317	0,816406	10,397308
-0,669159	0,798447	10,509842
-0,609299	0,760147	10,566101
-0,533875	0,661987	10,643921
-0,477615	0,717041	10,611588
-0,397415	0,793655	10,404495
-0,323196	0,804443	10,088455
-0,240585	0,833160	9,707779
-0,221436	0,881058	9,336685
-0,201080	1,000763	9,147537
-0,112503	0,991180	9,039795
-0,007156	0,985199	9,052963
0,190369	0,999557	9,269638
0,164032	1,061813	9,313934
0,085022	1,022308	9,291199
-0,076584	0,897812	9,218170
-0,242981	0,890625	9,141556
-0,341141	0,858307	9,063736
-0,369873	0,800842	9,139160
-0,377060	0,720642	9,390549
-0,311218	0,629654	9,674271
-0,333969	0,609314	9,809540
-0,434525	0,632050	9,747284
-0,501556	0,616486	9,736511
-0,529099	0,604523	9,754471
-0,587753	0,570999	9,799957
-0,651199	0,497986	9,871780
