0,100586	1,179123	9,623993
0,116150	1,198288	9,702988
0,177200	1,188705	9,801163
0,288528	1,219833	9,844254
0,249023	1,218628	9,876572
0,186768	1,246170	9,870590
0,082626	1,303635	9,839462
-0,019119	1,337143	9,798767
0,027557	1,319183	9,679047
0,045517	1,331161	9,671875
0,031158	1,314407	9,725739
0,051498	1,221024	9,792770
0,047913	1,193497	9,839462
-0,008347	1,225815	9,878967
0,017990	1,244965	9,900513
0,040726	1,247360	9,791580
-0,005951	1,206665	9,659897
0,001221	1,222229	9,604828
0,059875	1,237793	9,677856
0,114944	1,235397	9,774826
0,241837	1,240173	9,880173
0,300507	1,236588	9,977127
0,311279	1,279678	9,911285
0,299301	1,291656	9,780807
0,292114	1,249756	9,705383
0,334015	1,241379	9,825104
0,430984	1,333557	10,032196
0,731461	1,313202	10,154297
0,683578	1,351517	9,983109
0,664413	1,334747	9,770035
0,627304	1,322784	9,732925
-0,618881	1,514313	9,640747
-1,607681	0,545868	9,458786
2,626465	0,039490	8,605255
2,124878	2,917313	8,874603
-0,226227	3,446442	9,888550
0,828415	0,684723	10,162674
1,754974	0,275314	9,872986
0,390289	2,032669	10,046570
0,781738	1,915344	10,568497
1,321625	1,170746	10,523010
0,756592	1,298843	9,975937
-1,489166	0,834366	8,868622
0,799698	0,106522	8,580109
1,950104	2,197861	9,717361
0,999603	3,691849	10,701370
-0,080185	2,075760	10,733704
1,595764	0,102936	10,493088
1,029541	1,164764	10,719330
0,669205	2,062592	11,287949
1,158813	1,660370	11,443573
1,357544	1,255737	10,868973
-0,485992	0,604523	9,267242
1,626892	0,639236	9,182251
2,580978	2,759308	10,549347
1,412613	3,623611	10,927628
1,003204	1,645996	10,555328
2,479218	0,495590	10,154297
1,501190	1,950058	10,257248
1,343170	2,303207	10,523010
1,929749	1,643600	10,491882
1,784912	1,495163	10,211761
1,531113	1,782471	10,131561
1,053482	1,701065	10,303940
0,141281	0,745773	9,940018
1,969254	1,254547	10,636734
2,360718	3,023865	11,869751
0,696747	3,078934	12,095993
1,227051	1,151596	11,864960
1,789688	1,022308	11,767990
1,069031	2,024277	11,893692
1,259384	1,988373	12,006210
1,644836	1,746552	11,814682
1,705902	1,883026	11,103607
1,795685	2,026672	10,518219
1,952499	2,015900	10,180634
1,997986	2,038651	10,003464
2,045868	2,169128	9,822708
2,087769	2,291229	9,798767
2,084183	2,281662	10,003464
2,147629	2,237366	10,192612
2,182343	2,361862	10,329071
2,235016	2,403763	10,533783
2,334381	2,341507	10,780380
2,406204	2,331940	10,815094
2,341553	2,364258	10,924042
2,153610	2,398972	11,082062
1,928558	2,406158	11,226898
1,774124	2,491150	11,202957
1,789688	2,578537	11,272400
1,851944	2,518692	11,648285
1,912994	2,535446	12,002625
1,970459	2,601288	12,097198
2,065033	2,657547	12,016983
2,150024	2,732971	11,790741
2,141647	2,850281	11,333450
2,219452	3,014282	10,718140
2,298462	3,139984	10,106415
2,469650	3,256104	9,750885
2,770111	3,362640	9,352249
2,980804	3,440445	8,880585
3,123260	3,411728	8,675888
3,223816	3,445236	8,789612
3,172348	3,646347	8,903336
3,072983	3,651138	8,712997
3,049042	3,555374	8,806366
2,949677	3,558960	9,262466
2,816803	3,651138	9,538986
2,721039	3,718185	9,795166
2,679138	3,786407	10,026215
2,475632	3,903732	10,086060
2,348740	3,952805	10,086060
2,305649	4,006683	10,098038
2,250580	4,023438	10,148315
2,316422	3,998306	10,171066
2,462463	3,989914	10,353027
2,523514	4,068924	10,494278
2,601334	4,091675	10,252457
2,580978	4,189835	9,996277
2,560623	4,258072	9,732925
2,583374	4,332291	9,497086
2,524719	4,492706	9,250488
2,693497	4,513062	9,100845
2,695892	4,638748	9,105637
2,689911	4,775223	9,189438
2,966446	4,814728	9,258865
3,264526	4,918869	9,245697
3,415359	5,019424	9,001495
3,434509	5,098434	8,730942
3,317200	5,105621	8,455612
3,087357	5,070908	8,110855
2,792862	5,197800	7,738556
2,609711	5,413269	7,993530
2,573792	5,394119	8,425690
2,693497	5,316315	8,720169
2,689911	5,461151	8,909317
2,722229	5,499466	9,111633
2,825180	5,424042	9,264862
2,899399	5,516220	9,280411
2,846741	5,713745	9,015854
2,874268	5,834656	8,563354
3,169952	5,820282	8,198242
3,549438	5,905289	8,179092
3,737381	6,193787	7,963608
3,784058	6,273987	7,495544
3,763718	6,309906	6,911362
3,702667	6,497849	6,330765
3,622452	6,604385	5,982407
3,554214	6,622345	6,169159
3,547043	6,647491	6,633621
3,464432	6,675018	6,962830
3,373459	6,652267	6,892197
3,381836	6,631927	6,736572
3,296844	6,715714	6,906570
3,067001	6,722900	6,802414
2,780899	6,716919	6,503143
2,340363	6,601990	6,104507
1,690338	6,325470	5,489197
0,572235	6,453552	5,435333
0,083832	7,005417	7,428497
1,258179	7,258011	9,803558
2,612106	7,380112	9,783203
3,532669	7,454330	7,938461
4,351486	7,188568	6,620453
4,824341	7,095200	6,416946
4,683090	7,260406	6,199081
4,285645	7,493835	5,448502
3,696671	7,714096	4,635666
3,225021	7,811066	4,432159
2,926941	7,886490	4,846359
2,891022	7,918808	5,352737
3,171143	8,002609	5,744186
3,429718	8,072037	6,154785
3,687103	8,048096	6,600113
3,869064	7,952332	6,612076
3,833145	7,939163	6,249359
3,711044	7,952332	5,793259
3,386627	8,064850	5,503571
2,986801	8,078018	5,236618
2,686325	8,037323	4,960083
2,383453	8,101959	4,641647
2,269730	8,112732	4,184357
2,336761	8,130692	4,112534
2,633652	8,128296	4,492020
2,916168	8,177383	4,654816
3,083755	8,155838	4,508774
3,153198	8,145065	4,414200
3,002350	8,131897	4,192734
2,785675	8,139069	3,865936
2,542664	8,075623	3,687561
2,093750	8,032532	3,619324
1,580200	8,104355	3,448135
1,261765	8,124710	3,233856
1,055878	8,100769	3,231461
0,915802	8,037323	3,400253
0,788910	8,001404	3,409836
0,754196	8,002609	3,479263
0,760193	7,991837	3,505600
0,758987	8,039719	3,403854
0,826019	8,044495	3,266190
1,025940	8,105560	3,397858
1,250992	8,145065	3,584610
1,345566	8,072037	3,090210
1,288101	7,963104	2,456940
1,049881	8,021759	2,399475
0,827225	8,079224	2,594604
0,568649	8,215683	2,473709
0,335220	8,305466	1,948181
0,190369	8,242020	1,513626
0,141281	8,209702	1,378357
0,089813	8,282730	1,466934
-0,044266	8,310257	1,641724
-0,282486	8,173782	1,845230
-0,545853	8,064850	1,960144
-0,744568	8,031342	1,966125
-0,767319	7,977463	1,738678
-0,876251	7,911621	1,640518
-1,066589	7,715302	1,646500
-1,323959	7,621933	1,839233
-1,690277	7,772766	1,867966
-2,007507	7,808670	1,447784
-2,134399	7,715302	1,019226
-1,958435	7,600372	1,027603
-1,770477	7,595596	0,852829
-1,637604	7,626709	0,169281
-1,513107	7,650650	-0,357437
-1,414948	7,671005	-0,669891
-1,418533	7,583618	-0,866211
-1,620850	7,533340	-0,789597
-1,994339	7,552490	-0,608826
-2,339111	7,638687	-0,410110
-2,624023	7,575241	-0,119217
-2,795197	7,438766	0,198013
-2,887375	7,392075	0,303360
-3,052582	7,410034	0,406311
-3,192642	7,333420	0,631363
-3,266861	7,206528	0,722351
-3,301575	7,080841	0,753464
-3,406921	7,139496	0,791779
-3,404526	7,186188	0,800156
-3,335098	7,059296	0,661285
-3,343475	6,997040	0,424271
-3,385376	6,969513	0,223160
-3,429672	6,931198	0,152527
-3,560150	6,943176	0,113022
-3,700211	6,974289	0,031616
-3,837875	6,956345	-0,006683
-4,005478	6,916840	0,020844
-4,083282	6,925217	0,034012
-4,064133	6,883316	-0,047394
-3,995895	6,841415	-0,106049
-4,064133	6,908447	-0,033020
-4,246094	6,963516	0,093872
-4,550156	6,946762	-0,047394
-4,668671	6,898880	-0,188644
-4,637543	6,861771	-0,096466
-4,692612	6,885712	-0,067749
-4,764435	6,880920	-0,200623
-4,824295	6,818665	-0,521439
-4,888931	6,816284	-0,927261
-4,972733	6,880920	-1,343857
-5,054138	6,847397	-1,595245
-5,105606	6,780365	-1,555740
-5,216934	6,750443	-1,485107
-5,383331	6,744446	-1,532990
-5,473114	6,688187	-1,621582
-5,477905	6,639099	-1,701782
-5,542557	6,658264	-1,760437
-5,667053	6,641495	-1,726929
-5,779572	6,597214	-1,635941
-5,906464	6,596008	-1,371384
-5,971115	6,538544	-1,212173
-5,945969	6,493057	-1,243301
-5,907669	6,516998	-1,301956
-5,881332	6,528976	-1,275620
-5,826263	6,534958	-1,118790
-5,758026	6,518204	-1,110413
-5,679016	6,482285	-1,096054
-5,696976	6,615158	-0,967957
-5,742462	6,675018	-0,833893
-5,724503	6,618759	-0,769241
-5,730499	6,627136	-0,691437
-5,718521	6,657059	-0,457993
-5,673035	6,663040	-0,328705
-5,645508	6,677414	-0,484329
-5,634720	6,678604	-0,648331
-5,681412	6,672623	-0,727341
-5,854996	6,647491	-0,786011
-6,060898	6,718109	-0,904510
-6,185394	6,707336	-0,945221
-6,301514	6,715714	-0,999084
-6,385315	6,678604	-1,134354
-6,442764	6,592422	-1,279205
-6,505020	6,597214	-1,361801
-6,607971	6,664246	-1,512650
-6,570862	6,637909	-1,653900
-6,452347	6,576859	-1,723328
-6,386505	6,610382	-1,807129
-6,342209	6,609177	-1,914871
-6,403259	6,611572	-2,048950
-6,397278	6,575653	-1,968735
-6,464310	6,556503	-1,802338
-6,643875	6,593613	-1,926834
-6,691772	6,599594	-2,064514
-6,624725	6,528976	-1,790375
-6,615158	6,471512	-1,511444
-6,696548	6,484680	-1,382156
-6,703735	6,460739	-1,110413
-6,795914	6,420029	-0,765656
-6,798309	6,323074	-0,614822
-6,874924	6,303925	-0,692627
-6,900055	6,319473	-0,680664
-6,904846	6,282364	-0,691437
-6,922806	6,290756	-0,657913
-6,902451	6,282364	-0,648331
-6,858170	6,299133	-0,777618
-6,746826	6,336243	-0,923676
-6,659439	6,358978	-1,099640
-6,695358	6,336243	-1,315125
-6,776764	6,366165	-1,695801
-6,731277	6,396088	-1,831070
-6,664230	6,436798	-1,717346
-6,615158	6,443985	-1,695801
-6,660645	6,458344	-1,698196
-6,754013	6,422424	-1,598831
-6,788727	6,442780	-1,323502
-6,906052	6,499039	-1,128372
-6,892883	6,528976	-1,038589
-6,830627	6,507431	-0,977539
-6,710922	6,464325	-0,930847
-6,586426	6,515808	-0,903320
-6,551712	6,540939	-0,924866
-6,515793	6,556503	-1,013458
-6,519379	6,566086	-1,097244
-6,478683	6,640305	-1,121185
-6,336227	6,599594	-1,070908
-6,331436	6,607986	-1,013458
-6,277573	6,603195	-0,987122
-6,218918	6,671432	-0,929657
-6,190186	6,675018	-0,906906
-6,159058	6,657059	-0,836288
-6,150681	6,671432	-0,855438
-6,184189	6,704941	-0,794388
-6,184189	6,713333	-0,662704
-6,209335	6,692978	-0,750092
-6,240463	6,652267	-0,836288
-6,283554	6,629532	-0,757278
-6,388901	6,670227	-0,650726
-6,525375	6,665436	-0,625595
-6,640289	6,669037	-0,696228
-6,718109	6,694168	-0,710587
-6,661835	6,677414	-0,653122
-6,651062	6,682205	-0,724945
-6,700150	6,762405	-0,893738
-6,617554	6,775574	-1,011063
-6,466705	6,775574	-1,036194
-6,291931	6,806702	-1,111618
-6,147079	6,862961	-1,221741
-6,059692	6,920425	-1,322311
-6,059692	6,998230	-1,348648
-6,145889	7,117950	-1,303146
-6,238068	7,179001	-1,222946
-6,327850	7,211319	-1,019440
-6,352982	7,220901	-0,868607
-6,375732	7,304688	-0,905716
-6,339813	7,352585	-0,941620
-6,236862	7,347794	-0,794388
-6,142303	7,313080	-0,686646
-6,048920	7,395676	-0,687836
-6,018997	7,462708	-0,776428
-5,943573	7,436371	-0,839874
-5,925629	7,390884	-0,745300
-5,975906	7,374130	-0,661499
-6,040543	7,363358	-0,649536
-6,088425	7,406448	-0,677063
-6,086029	7,387299	-0,823120
-6,089630	7,344193	-0,928452
-6,121948	7,350189	-0,960785
-6,184189	7,305893	-0,965561
-6,217712	7,311874	-0,932053
-6,222504	7,343002	-0,940430
-6,283554	7,320251	-1,014648
-6,308701	7,363358	-1,176254
-6,279968	7,358566	-1,361801
-6,278763	7,359756	-1,455185
-6,308701	7,412430	-1,504257
-6,362564	7,430389	-1,513840
-6,410446	7,386093	-1,392929
-6,390091	7,335815	-1,202591
-6,391296	7,343002	-1,032608
-6,379318	7,313080	-0,906906
-6,355377	7,263992	-0,797974
-6,252426	7,199356	-0,699814
-6,159058	7,153854	-0,633972
-6,103989	7,064072	-0,559753
-6,114761	6,997040	-0,520248
-6,168640	6,983871	-0,508270
-6,147079	6,937180	-0,550171
-6,093216	6,883316	-0,538208
-6,075256	6,853394	-0,498703
-6,143494	6,803116	-0,529831
-6,223694	6,761215	-0,596863
-6,258423	6,739655	-0,636368
-6,345810	6,695374	-0,679459
-6,434387	6,688187	-0,842270
-6,445160	6,682205	-0,910507
-6,463120	6,676208	-0,865005
-6,546921	6,655869	-0,851837
-6,560089	6,649887	-0,861420
-6,590012	6,702545	-0,874588
-6,579239	6,724106	-0,963181
-6,490646	6,776779	-1,043381
-6,428406	6,859375	-1,220551
-6,385315	6,967117	-1,403702
-6,281158	6,979080	-1,469543
-6,236862	7,052109	-1,383362
-6,198563	7,030563	-1,517426
-6,221298	7,105972	-1,692215
-6,187790	7,140686	-1,640732
-6,115967	7,183792	-1,540176
-6,056107	7,244843	-1,499481
-6,004623	7,271179	-1,389343
-5,991455	7,331024	-1,228928
-5,920837	7,337021	-1,125977
-5,884918	7,320251	-1,057739
-5,896896	7,283142	-0,957184
-5,838226	7,289139	-0,823120
-5,892105	7,271179	-0,781219
-5,928009	7,225677	-0,786011
-5,979492	7,234070	-0,655518
-6,016602	7,266388	-0,527435
-6,078857	7,268784	-0,608826
-6,070465	7,258011	-0,764450
-6,136307	7,296310	-0,845856
-6,121948	7,263992	-0,894943
-6,198563	7,266388	-0,991898
-6,240463	7,290329	-1,104431
-6,235672	7,253220	-1,199005
-6,233276	7,222092	-1,283997
-6,235672	7,220901	-1,351028
-6,208145	7,193359	-1,274414
-6,232086	7,212524	-1,273224
-6,218918	7,190964	-1,358215
-6,256027	7,159851	-1,374969
-6,197357	7,147873	-1,321106
-6,193771	7,167023	-1,135559
-6,194977	7,132309	-0,972748
-6,200958	7,096405	-0,918884
-6,245255	7,068863	-0,884171
-6,222504	6,991058	-0,712982
-6,277573	7,031754	-0,613617
-6,271591	7,018585	-0,590881
-6,238068	7,010208	-0,595657
-6,312286	7,003021	-0,613617
-6,384109	6,959930	-0,662704
-6,415237	6,965912	-0,643555
-6,463120	6,940781	-0,669891
-6,478683	6,945557	-0,744110
-6,440369	6,924011	-0,806351
-6,482269	6,907257	-0,891342
-6,540939	6,900070	-0,958389
-6,561279	6,922821	-0,977539
-6,570862	6,896484	-0,946411
-6,629517	6,885712	-0,985916
-6,631912	6,891693	-0,921280
-6,628326	6,868942	-0,898529
-6,555298	6,830643	-0,855438
-6,463120	6,810287	-0,728546
-6,374542	6,785156	-0,703400
-6,320663	6,743256	-0,758469
-6,300308	6,752823	-0,837479
-6,250031	6,720505	-0,865005
-6,233276	6,706146	-0,917679
-6,270386	6,695374	-0,955994
-6,299118	6,732483	-0,944016
-6,321869	6,730087	-0,914093
-6,358978	6,754028	-0,960785
-6,378128	6,841415	-1,073303
-6,349396	6,862961	-1,072113
-6,338623	6,868942	-1,032608
-6,358978	6,910843	-1,032608
-6,372147	6,987457	-1,070908
-6,351791	7,037735	-1,045776
-6,314682	7,067673	-1,026627
-6,271591	7,140686	-1,046967
-6,273972	7,198151	-1,158295
-6,137512	7,193359	-1,252869
-5,990265	7,214905	-1,227737
-5,871750	7,247238	-1,254074
-5,770004	7,278351	-1,298355
-5,789154	7,293915	-1,345047
-5,811905	7,284348	-1,274414
-5,910065	7,337021	-1,148727
-5,996246	7,357361	-1,158295
-5,974701	7,390884	-1,160690
-5,923233	7,417221	-1,098450
-5,969910	7,438766	-1,182251
-5,995056	7,431580	-1,266037
-5,934006	7,441162	-1,216965
-5,928009	7,425598	-1,090073
-5,924423	7,418411	-1,023026
-5,957947	7,417221	-1,056549
-5,959137	7,410034	-1,088867
-5,965134	7,386093	-1,060135
-5,996246	7,357361	-0,984726
-6,002243	7,353775	-0,997894
-6,044128	7,320251	-1,018234
-6,040543	7,291519	-0,960785
-5,969910	7,321457	-0,904510
-5,947174	7,314270	-0,994293
-5,965134	7,296310	-1,033798
-5,974701	7,268784	-1,017044
-6,017792	7,296310	-0,973953
-6,100403	7,269974	-0,920074
-6,163849	7,253220	-0,946411
-6,211731	7,297516	-0,876984
-6,202148	7,247238	-0,896133
-6,179413	7,187378	-0,966766
-6,200958	7,196960	-0,906906
-6,226089	7,179001	-0,873398
-6,172226	7,177795	-0,921280
-6,153076	7,182587	-1,000290
-6,126740	7,123932	-1,018234
-6,023788	7,110764	-1,002686
-6,044128	7,068863	-1,040985
-6,093216	7,016190	-1,078094
-6,147079	6,997040	-0,939240
-6,257217	7,020981	-0,824310
-6,344604	7,026962	-0,791992
-6,403259	6,974289	-0,770447
-6,381714	6,970703	-0,777618
-6,319473	6,974289	-0,844666
-6,319473	6,971893	-0,958389
-6,372147	6,989853	-1,088867
-6,372147	6,933594	-1,141541
-6,434387	6,938385	-1,039795
-6,508606	6,945557	-1,017044
-6,554092	6,939575	-1,048172
-6,609161	6,926407	-1,087677
-6,606766	6,907257	-1,177460
-6,525375	6,888107	-1,141541
-6,391296	6,894089	-1,115204
-6,317078	6,892899	-1,146332
-6,276367	6,922821	-1,219360
-6,223694	6,957535	-1,187027
-6,248840	6,889297	-1,222946
-6,251236	6,867752	-1,337860
-6,217712	6,909653	-1,355820
-6,171021	7,005417	-1,261246
-6,224899	6,987457	-1,221741
-6,276367	6,965912	-1,270828
-6,276367	6,931198	-1,280411
-6,229691	6,922821	-1,122391
-6,166245	6,937180	-1,058945
-6,178207	6,925217	-1,082886
-6,203354	6,941971	-1,048172
-6,263199	6,912048	-0,985916
-6,284760	6,898880	-0,881775
-6,356583	6,894089	-0,902115
-6,378128	6,924011	-0,903320
-6,364960	6,915634	-0,940430
-6,309891	6,880920	-0,892548
-6,242859	6,904861	-0,896133
-6,177017	6,934784	-0,989517
-6,223694	6,918030	-1,026627
-6,247635	6,903671	-1,030212
-6,266800	6,924011	-1,111618
-6,259613	6,922821	-1,115204
-6,342209	6,891693	-1,093658
-6,430801	6,876129	-1,096054
-6,448761	6,841415	-0,978729
-6,533752	6,855774	-0,891342
-6,570862	6,828247	-0,857834
-6,561279	6,749237	-0,754883
-6,576843	6,731277	-0,801559
-6,554092	6,697769	-0,782410
-6,590012	6,657059	-0,793182
-6,630707	6,627136	-0,802765
-6,619934	6,677414	-0,801559
-6,624725	6,683395	-0,885361
-6,631912	6,671432	-0,981125
-6,550507	6,675018	-1,035004
-6,427200	6,641495	-1,136749
-6,370941	6,788742	-1,324692
-6,279968	6,848602	-1,421661
-6,230881	6,861771	-1,498276
-6,130325	6,937180	-1,558136
-6,093216	7,044922	-1,541367
-5,995056	7,099991	-1,540176
-5,900482	7,152664	-1,548553
-5,872955	7,177795	-1,497086
-5,847809	7,236465	-1,374969
-5,804718	7,321457	-1,363007
-5,712540	7,378922	-1,325897
-5,604797	7,387299	-1,210968
-5,456360	7,477081	-1,033798
-5,432419	7,442368	-1,171463
-5,347427	7,420807	-1,274414
-5,286377	7,532150	-1,115204
-5,240875	7,568054	-1,058945
-5,172638	7,595596	-1,117599
-5,148697	7,618332	-1,160690
-5,119980	7,648254	-1,075699
-5,040970	7,649460	-1,017044
-4,960754	7,699738	-0,969162
-4,878159	7,728470	-0,899734
-4,863800	7,773956	-0,876984
-4,796753	7,829025	-0,809952
-4,806335	7,908035	-0,782410
-4,741684	7,915222	-0,741714
-4,689011	7,923599	-0,675873
-4,620789	7,959503	-0,672272
-4,570511	7,984650	-0,708191
-4,556137	8,026550	-0,782410
-4,545364	8,085205	-0,826706
-4,483109	8,123505	-0,862625
-4,473541	8,100769	-0,845856
-4,480728	8,117523	-0,904510
-4,417282	8,143860	-0,939240
-4,370590	8,149841	-0,802765
-4,323898	8,134277	-0,712982
-4,350235	8,131897	-0,720169
-4,317917	8,067245	-0,668686
-4,249680	8,021759	-0,563339
-4,286789	8,050491	-0,489120
-4,317917	7,989441	-0,448425
-4,372986	7,953522	-0,400543
-4,416077	7,965500	-0,404129
-4,380157	7,941559	-0,426880
-4,352631	7,918808	-0,410110
-4,237717	7,952332	-0,400543
-4,116806	7,941559	-0,229355
-4,144333	7,936768	-0,220978
-4,163483	7,940353	-0,260483
-4,162292	7,991837	-0,191040
-4,174271	8,000214	-0,116821
-4,177856	7,979858	-0,082108
-4,140747	7,951126	-0,110840
-4,102432	7,960709	-0,152740
-4,038986	7,949936	-0,193436
-4,003082	7,990631	-0,220978
-3,982727	7,966690	-0,313141
-4,046173	7,967880	-0,416092
-4,046173	7,979858	-0,511871
-3,903717	7,927185	-0,347870
-3,835480	7,953522	-0,237732
-3,742111	7,982254	-0,279633
-3,647537	7,991837	-0,288010
-3,520645	7,904434	-0,216187
-3,444031	7,914017	-0,185059
-3,427277	8,024155	-0,129990
-3,408112	8,040909	-0,011475
-3,365021	8,016968	0,074707
-3,404526	7,991837	0,136963
-3,484726	8,039719	0,169281
-3,594864	8,034927	0,247101
-3,625992	7,960709	0,363220
-3,758865	7,953522	0,454193
-3,913300	7,977463	0,467361
-4,015045	7,899658	0,493698
-4,098846	7,863739	0,595444
-3,998291	7,781143	0,663681
-3,806747	7,789520	0,441025
-3,416504	7,797897	0,039993
-2,980759	7,854156	-0,373001
-2,645569	7,914017	-0,744110
-2,434875	7,961899	-1,009857
-2,389389	8,001404	-1,080490
-2,414520	8,122314	-0,915283
-2,436066	8,192947	-1,052963
-2,369034	8,198929	-0,999084
-2,337906	8,297089	-0,733337
-2,151169	8,299484	-0,627991
-1,893784	8,346176	-0,689041
-1,775269	8,432358	-0,702209
-1,656754	8,383286	-0,705795
-1,480789	8,423981	-0,696228
-1,288055	8,470673	-0,620804
-1,229401	8,498199	-0,479538
-1,273682	8,576019	-0,384979
-1,228195	8,623901	-0,319138
-1,140808	8,577209	-0,191040
-1,084549	8,598755	-0,137177
-1,011520	8,614319	-0,104858
-0,906174	8,572418	-0,053375
-0,628448	8,474258	0,108231
-0,367477	8,463486	0,214767
-0,107712	8,520950	0,194427
0,037140	8,616714	0,241104
0,077835	8,623901	0,423065
0,095795	8,646637	0,535599
0,142487	8,674179	0,693619
0,122131	8,751984	0,887543
0,101776	8,798676	0,982117
0,162827	8,749588	0,983307
0,223892	8,775925	0,973740
0,243042	8,859726	1,013245
0,323242	8,881271	0,988098
0,498016	8,882477	0,911484
0,700333	8,918381	0,837265
0,810471	8,951904	0,869583
0,944534	8,930359	0,895920
1,017563	8,932755	0,808533
1,094177	8,902817	0,840851
1,095367	8,886063	1,085068
1,030731	8,836990	1,375961
0,933762	8,838181	1,531586
0,925385	8,769943	1,694397
1,069031	8,706497	1,944580
1,253387	8,664597	2,024796
1,416199	8,586792	1,931412
1,588577	8,578415	1,871567
1,714279	8,589188	1,718338
1,810043	8,608337	1,695587
1,804062	8,634674	1,624954
1,757370	8,647842	1,511230
1,754974	8,689743	1,538773
1,732239	8,683746	1,561508
1,748993	8,651428	1,528000
1,709488	8,613129	1,553131
1,622101	8,663406	1,622559
1,680756	8,634674	1,715942
1,766953	8,540100	1,769806
1,851944	8,516159	1,735092
2,071014	8,452713	1,715942
2,287689	8,435959	1,861984
2,484009	8,388077	1,951767
2,569000	8,368912	1,931412
2,630051	8,301880	2,060699
2,626465	8,165405	2,258224
2,546265	8,137878	2,377930
2,408600	8,149841	2,650879
2,348740	8,125900	3,060287
2,280502	8,043304	3,352371
2,164383	7,922394	3,503204
2,029114	7,928391	3,551086
1,932144	7,921204	3,685165
1,782516	7,860153	3,753403
1,720261	7,791916	3,800095
1,680756	7,730865	3,827621
1,844757	7,660233	3,737839
2,202698	7,529755	3,408646
2,813217	7,510590	2,733475
3,429718	7,535736	2,237869
3,897781	7,489044	2,116974
4,298813	7,381302	2,199570
4,498734	7,404053	2,315689
4,495148	7,472290	2,625732
4,452042	7,459122	3,193161
4,413742	7,420807	3,745026
4,355087	7,370529	4,211899
4,159958	7,314270	4,604538
3,949265	7,277161	5,009155
3,804413	7,188568	5,337173
3,679916	7,150269	5,623276
3,602097	7,058090	5,762146
3,786453	6,873734	5,703476
4,130020	6,797119	5,489197
4,416138	6,804306	5,280899
4,601685	6,758820	5,200699
4,690262	6,692978	5,228226
4,777664	6,518204	5,325195
4,717804	6,593613	5,300064
4,631607	6,555313	5,428146
4,599289	6,424820	5,790863
4,549011	6,455948	6,038666
4,400574	6,423630	6,088943
4,249741	6,296738	6,353500
4,051010	6,204559	6,932907
3,920532	6,185410	7,420120
4,098907	6,048935	7,575745
4,462814	5,866974	7,502716
4,692657	5,847824	7,435684
4,971588	5,802338	7,398575
5,355850	5,693390	7,430893
5,615631	5,651505	7,417725
5,518661	5,600021	7,507507
5,388184	5,528198	7,727783
5,190659	5,531784	7,824738
4,908142	5,547348	7,866638
4,665131	5,481506	7,809174
4,503525	5,392929	7,894180
4,272476	5,384537	8,053391
4,043839	5,291168	8,180283
3,845108	5,230118	8,266479
3,648788	5,153503	8,320343
3,515915	5,066116	8,425690
3,503937	4,891342	8,608841
3,706253	4,724945	8,627991
3,853500	4,638748	8,594482
3,962433	4,562134	8,613632
4,085739	4,436447	8,639969
4,341919	4,370605	8,768051
4,468811	4,361023	8,881790
4,386200	4,271240	8,897339
4,203049	4,115616	8,882980
3,920532	4,098862	9,024231
3,592529	4,029419	9,145142
3,344727	3,919296	9,282806
3,169952	3,891754	9,469559
2,977219	3,888168	9,509064
2,662384	3,845078	9,327103
2,552246	3,700226	9,219360
2,752167	3,646347	9,298370
3,337540	3,506287	9,292389
4,019897	3,391373	9,408508
4,440079	3,348282	9,774826
4,576538	3,371017	10,327881
4,513092	3,447632	10,817490
4,209030	3,447632	10,940796
3,803223	3,463196	10,853409
3,487183	3,398560	10,485901
3,314804	3,302780	9,991501
3,169952	3,258499	9,632370
3,078964	3,289612	9,503082
3,220230	3,195053	9,693420
3,317200	3,154343	9,655106
3,299240	3,094498	9,476746
3,252548	3,005905	9,457596
3,254944	2,900558	9,535400
3,199875	2,882599	9,758057
3,069397	2,845490	10,108810
2,935318	2,768875	10,148315
2,712662	2,718597	10,025009
2,533096	2,710220	10,121979
2,381058	2,620438	10,355408
2,175156	2,501923	10,312317
2,037491	2,513901	10,318298
2,000381	2,483963	10,353027
1,989609	2,424118	10,369781
1,964462	2,345108	10,429642
1,994400	2,302002	10,580475
1,971649	2,263702	10,714539
1,901016	2,239761	10,810318
1,822021	2,203842	10,932419
1,912994	2,135605	10,913269
2,026718	2,136810	10,877350
2,084183	2,169128	10,716934
2,082977	2,127228	10,635529
2,025528	2,036255	10,453583
1,982422	1,985977	10,193802
1,895035	2,044632	10,094452
1,754974	2,100891	10,129166
1,714279	1,935699	10,291962
1,758575	1,766907	10,501465
1,710678	1,760925	10,531387
1,498795	1,849503	10,543365
1,306061	1,817184	10,630753
1,138474	1,732193	10,619980
0,891861	1,691483	10,344635
0,669205	1,644806	10,014236
0,556686	1,607697	9,972336
0,463303	1,578964	10,078888
0,459717	1,516708	10,211761
0,665619	1,456863	10,364990
0,824829	1,481995	10,396118
0,927780	1,459244	10,410477
1,096573	1,345520	10,501465
1,083405	1,355103	10,538574
0,907425	1,406570	10,485901
0,729065	1,332352	10,494278
0,512390	1,295242	10,479919
0,339996	1,258133	10,497864
0,271774	1,252151	10,546951
0,196350	1,277298	10,485901
0,208328	1,273697	10,438019
0,280151	1,224625	10,362595
0,180786	1,218628	10,301544
0,032349	1,233002	10,230911
0,047913	1,210251	10,240494
0,074249	1,165955	10,309921
0,021576	1,142014	10,279999
0,083832	1,079773	10,353027
0,100586	1,089340	10,367386
0,035934	1,098923	10,409286
0,027557	1,132446	10,512238
0,000031	1,180328	10,487091
-0,021515	1,168350	10,446396
0,017990	1,158783	10,438019
-0,022720	1,185120	10,302750
0,076645	1,199478	10,232117
0,140091	1,252151	10,268021
0,094604	1,266510	10,236908
0,006012	1,236588	10,185425
-0,010742	1,241379	10,144730
-0,084961	1,253342	10,062119
-0,208267	1,209061	10,008255
-0,227417	1,187515	9,962769
-0,225021	1,200684	9,972336
-0,149612	1,198288	9,957977
0,056290	1,158783	9,971146
0,251419	1,074982	9,878967
0,415421	1,021118	9,822708
0,496826	1,088150	9,965164
0,496826	1,114487	10,110016
0,480072	1,082169	10,038177
0,478867	1,037872	9,955582
0,427399	1,010330	9,871780
0,441757	1,013931	9,936432
0,495621	0,997162	10,007065
0,589005	0,997162	9,941223
0,715897	0,984009	9,962769
0,706314	0,998367	10,045364
0,653641	1,003159	9,985504
0,626114	0,963654	9,955582
0,616531	1,003159	9,999878
0,684769	1,092941	10,009445
0,840393	1,106110	10,011841
0,957703	1,122864	9,896927
1,019958	1,086945	9,736511
1,090591	1,130051	9,547379
1,011581	1,177933	9,436035
0,917007	1,228210	9,340271
0,846375	1,213852	9,397736
0,812866	1,249756	9,471954
0,729065	1,215042	9,583282
0,547104	1,207855	9,592865
0,472885	1,213852	9,697006
0,433380	1,181519	9,876572
0,435776	1,048645	10,104019
0,462112	1,028290	10,236908
0,402252	1,103714	10,252457
0,389084	1,118073	10,268021
0,538727	1,090546	10,185425
0,703918	1,080963	10,035782
0,772156	1,115677	9,778412
0,776947	1,177933	9,553360
0,766174	1,203064	9,515045
0,696747	1,176727	9,468369
