-1,045044	8,701706	4,186752
-1,042648	8,738815	4,341187
-1,027084	8,665802	4,384277
-0,986389	8,659805	4,402237
-0,966034	8,659805	4,409409
-0,934906	8,671783	4,351959
-0,912170	8,661011	4,307663
-0,944489	8,707703	4,189148
-1,004333	8,674179	4,122116
-1,153976	8,674179	4,112534
-1,300018	8,747208	4,025146
-1,350296	8,944717	3,870712
-1,277283	8,985428	3,660034
-1,238968	8,929153	3,517578
-1,241364	8,854935	3,450531
-1,316788	8,883667	3,432587
-1,351501	8,944717	3,504410
-1,368256	9,006973	3,592987
-1,302414	9,006973	3,585815
-1,156372	8,984222	3,460114
-0,979202	9,003387	3,309280
-0,677536	8,973450	3,242249
-0,427338	8,999786	3,281738
-0,229813	9,076401	3,355972
-0,111298	9,158997	3,683975
0,008408	9,228439	4,155624
0,100586	9,281113	4,614120
0,257401	9,259552	5,089371
0,397461	9,206894	5,672363
0,547104	9,188934	6,122467
0,671600	9,180557	6,430115
0,652451	9,148224	6,416946
0,525558	9,164993	6,266113
0,233459	9,254776	6,195496
-0,058624	9,374481	6,146408
-0,301636	9,415176	6,049438
-0,459656	9,406799	5,945297
-0,572189	9,396027	5,766922
-0,636826	9,257172	5,552643
-0,915756	9,162598	5,345551
-1,250946	9,234421	5,418564
-0,766113	9,283508	5,416183
-0,070602	9,020142	5,325195
0,337616	8,890854	5,649612
0,470490	8,889648	5,687912
0,462112	8,932755	5,313232
0,423798	8,959091	4,978043
0,336411	9,035706	4,769745
-0,090958	9,085983	4,750595
-0,250168	9,375671	4,794876
-0,250168	9,734802	4,820023
-0,269318	9,901199	4,764954
-0,237000	10,004150	4,851151
-0,157990	10,008942	5,200699
-0,110107	9,935928	5,686722
-0,067017	9,877258	6,455261
0,070663	9,788681	7,353088
0,293320	9,636642	7,846298
0,580627	9,399628	7,966003
0,849976	9,114716	7,932480
1,154037	8,854935	7,575745
1,392258	8,535309	6,932907
1,589783	8,356949	6,309219
1,630478	8,414413	5,760941
1,538300	8,627487	5,191116
1,315643	8,868103	4,501587
1,033127	9,021332	4,094574
0,767365	9,155411	3,903046
0,529144	9,320618	3,814453
0,331619	9,487015	3,766571
0,228668	9,616302	3,748611
0,168823	9,698898	3,426590
-0,186722	9,809036	3,071060
-1,201859	10,348923	3,242249
-2,231369	10,766708	4,752975
-2,488739	10,755936	6,349915
-2,064972	10,169357	7,520676
-1,432907	9,440323	8,576523
-0,890610	9,094360	9,686234
-0,465652	9,027328	10,515823
-0,209473	8,972260	10,886932
-0,086166	8,927963	10,794754
-0,072998	8,743607	10,396118
-0,117294	8,487427	9,997482
-0,116089	8,349762	9,991501
-0,183136	8,269562	10,233307
-0,307632	8,072037	10,584061
-0,436920	7,880493	10,848618
-0,524307	7,711700	10,991074
-0,438110	7,451935	10,900101
-0,321991	7,183792	10,441605
-0,327972	7,044922	9,813126
-0,404587	6,956345	9,257675
-0,501556	6,900070	8,805176
-0,666763	6,833038	8,695038
-0,725418	6,572067	8,770447
-0,620071	6,361374	8,775238
-0,496765	6,203354	8,799179
-0,310028	6,056122	8,940445
-0,122070	5,825073	9,380981
-0,027512	5,641922	9,851440
-0,199890	5,353424	10,034592
-0,508743	5,058929	10,215347
-0,803223	4,697403	10,388931
-1,072571	4,137161	10,475128
-1,108490	3,530228	10,393723
-0,943283	2,997528	10,100433
-0,775696	2,610855	9,710175
-0,767319	2,310394	9,109238
-0,573380	1,808807	8,173096
-0,130463	1,279678	6,813187
0,138885	0,963654	5,144440
-0,057434	0,924149	3,668411
-0,201080	0,847534	2,486877
-0,374664	0,598541	1,024017
-0,706268	0,298065	-0,434052
-0,878647	0,078995	-1,497086
-0,707458	-0,065857	-2,193787
-0,483597	-0,202332	-2,883331
-0,289673	-0,429779	-3,594406
-0,063416	-0,660812	-4,365341
0,096985	-0,905029	-5,300278
0,096985	-1,187546	-6,411179
0,058685	-1,545471	-7,580750
0,061081	-2,092545	-9,162125
-0,089752	-2,822784	-11,089447
-0,410583	-3,466812	-13,355560
-0,705063	-3,798416	-16,033478
-1,112076	-3,712219	-18,993912
-1,341919	-3,594910	-22,066864
-1,541840	-3,287262	-25,261932
-1,321579	-2,859894	-28,164902
-0,755341	-2,157196	-30,071884
-0,241791	-1,174377	-31,282150
-0,019119	-0,040710	-32,875488
0,270569	1,136032	-34,021118
0,737442	2,197861	-34,300034
2,025528	2,191879	-34,274902
3,123260	2,313980	-33,507553
3,500351	3,143570	-31,383896
3,812790	3,969574	-28,641342
3,989960	4,584885	-26,390793
3,936096	4,966751	-24,531693
3,954056	5,224136	-22,605560
3,968414	5,723328	-20,706955
3,383041	6,623550	-18,556961
2,446899	7,675797	-16,681107
1,544281	8,443130	-15,268524
0,800888	8,962677	-14,205505
0,238251	9,340958	-12,923416
-0,213058	9,779099	-11,399506
-0,644012	10,247162	-10,018051
-1,031876	10,644608	-8,981354
-1,265305	10,790649	-8,551590
-1,284454	10,745163	-8,197250
-0,952866	10,400391	-7,784256
-0,499161	9,970642	-7,501740
-0,286087	9,569611	-7,645386
-0,471634	9,223648	-8,301407
-0,815201	9,046478	-9,466187
-1,556198	9,196106	-11,209167
-2,450439	9,646225	-13,140091
-2,960403	9,903595	-14,836380
-3,099274	9,871277	-16,289658
-3,265671	9,794662	-17,634003
-3,786407	9,843750	-18,808350
-4,381363	9,922760	-19,574493
-4,552551	9,817413	-19,761246
-4,355026	9,536087	-19,217758
-3,962372	9,257172	-18,327118
-3,558960	9,062042	-17,481964
-3,244110	8,886063	-16,831940
-2,873016	8,755585	-16,338730
-2,635986	8,698120	-15,883835
-2,346283	8,576019	-15,663574
-2,139191	8,281525	-15,639633
-2,111664	7,954712	-15,565414
-2,217010	7,839798	-15,397812
-2,533035	8,016968	-14,996780
-2,874207	8,352158	-14,318024
-3,069336	8,574814	-13,622513
-3,373398	8,590378	-13,025162
-3,867813	8,431168	-12,274582
-4,472336	8,341385	-11,544342
-4,751266	8,313843	-10,784195
-4,388550	8,438354	-9,761871
-3,756470	8,737625	-8,593491
-2,901749	8,933945	-7,698059
-1,820770	8,996201	-7,077972
-1,071381	9,109924	-7,085144
-0,711044	9,136261	-7,805801
-0,653595	8,910004	-8,817352
-0,624863	8,456299	-9,806152
-0,466843	7,922394	-10,344849
-0,436920	7,321457	-10,784195
-0,598526	6,591217	-11,274994
-0,569794	5,547348	-11,163666
-0,161575	4,459183	-10,433441
0,745819	3,521851	-9,092682
1,881866	2,645584	-7,463425
2,873062	1,838730	-6,017334
3,860672	0,901398	-4,886078
4,894974	-0,172394	-4,006210
5,601257	-1,160004	-3,436386
5,738922	-1,714264	-3,109573
5,467194	-1,947693	-2,991058
5,257690	-2,310425	-2,847412
5,267273	-2,940094	-2,427231
5,339096	-3,708633	-1,499481
5,577316	-4,558578	-0,369415
5,855042	-5,436050	0,919861
6,254883	-6,100449	2,227097
6,762451	-6,493088	3,515182
7,151505	-6,564911	4,846359
7,188614	-6,230927	6,118881
6,873779	-5,583298	7,867844
6,505066	-4,959610	9,880173
6,173477	-4,365845	11,929596
6,180664	-3,713425	14,256760
6,596054	-2,974808	16,606674
7,132355	-2,023117	18,571121
7,619568	-0,877487	20,017212
8,437195	0,271729	20,739075
9,661835	1,322784	20,436203
10,819427	2,390594	18,864410
11,488602	3,543396	16,567169
11,644226	4,610016	13,823410
11,288681	5,675446	10,987488
10,545288	6,733673	8,392166
9,200943	7,680588	5,933319
7,176651	8,401245	3,862335
4,754913	8,481445	2,557495
2,240997	7,903244	2,184006
-0,251358	6,888107	2,854385
-2,833511	5,916061	4,366318
-5,221725	5,300751	6,525894
-6,830627	4,875778	9,056564
-7,638672	4,576508	11,866150
-7,983444	4,509460	14,278320
-7,940338	4,569321	16,082352
-7,224472	4,440033	17,467392
-5,969910	4,068924	18,058762
-4,782394	3,727753	18,636963
-3,646347	3,189056	18,326904
-2,724579	2,718597	17,075943
-2,051804	2,232574	15,795044
-1,564590	1,620865	14,302261
-1,024689	0,802048	12,652649
-0,487198	-0,074234	11,094025
-0,222641	-0,606949	9,861008
-0,153198	-0,606949	8,990723
-0,148407	-0,271759	8,219788
-0,130463	0,089767	7,380615
-0,154404	0,312424	6,637222
-0,003571	0,280106	6,001556
0,420212	0,138855	5,598129
1,016373	0,049072	5,385056
1,802856	0,099350	5,296463
3,020309	0,193909	5,453293
4,407745	0,450089	5,508347
5,250519	1,122864	4,871490
5,388184	2,005127	3,472092
4,964401	2,784439	1,450180
4,244949	3,321945	-1,097244
3,452469	3,602066	-3,809875
2,784485	3,718185	-6,377655
2,302048	3,938446	-8,449844
1,768143	4,384964	-10,046768
1,061859	5,073303	-11,084656
0,214310	5,829865	-11,668854
-0,634430	6,555313	-11,966919
-1,519089	7,110764	-12,288940
-2,533035	7,526154	-12,165649
-3,495514	7,779938	-11,379150
-4,121597	7,799103	-9,991714
-4,332275	7,608765	-8,161346
-4,167084	7,339417	-6,419556
-3,657120	7,182587	-4,896851
-2,935257	7,281952	-3,184998
-2,051804	7,498627	-1,458771
-1,346710	7,891266	-0,155136
-0,817596	8,273148	0,804947
-0,626053	8,678970	1,064713
-0,859497	9,108719	0,589462
-1,364670	9,521729	-0,438843
-2,054199	9,807831	-1,620377
-2,524658	9,873672	-2,731293
-2,893372	9,797058	-3,785934
-3,416504	9,697693	-4,662216
-3,968369	9,645020	-5,266754
-4,621979	9,670166	-5,600739
-5,274399	9,943100	-5,740799
-5,655075	10,277100	-5,605530
-5,629944	10,492569	-5,251190
-5,236099	10,570389	-4,646652
-4,440018	10,662567	-3,814667
-3,823517	11,097107	-3,350189
-3,250107	11,862061	-3,121552
-2,451630	12,352875	-3,109573
-1,576553	12,605453	-3,477081
-0,750549	12,635391	-4,118729
-0,199890	12,587494	-4,968674
0,175995	12,429489	-5,792282
0,330429	12,174500	-6,599121
0,234665	11,799805	-7,361679
-0,432129	11,420334	-8,067963
-1,639999	11,075562	-8,716797
-3,136383	10,820572	-9,147751
-4,712952	10,674530	-9,223175
-6,227295	10,767914	-8,927490
-7,554871	11,111481	-8,002121
-8,340179	11,581940	-6,363297
-8,262360	11,955429	-4,463501
-7,631485	12,249924	-2,745651
-6,544525	12,428284	-1,378571
-4,923645	12,424698	-0,149139
-3,264465	12,625809	0,716354
-1,776474	13,029236	1,038376
-0,271713	13,232742	0,800156
1,025940	13,236328	-0,212585
1,842361	13,032822	-1,538986
2,142838	12,664108	-2,854599
1,891449	12,228363	-3,904449
1,103760	11,839310	-4,784317
-0,074188	11,559189	-5,173370
-1,426910	11,487366	-4,767563
-2,649155	11,573563	-3,539337
-3,508682	11,802200	-1,859802
-3,819916	11,982971	0,047180
-3,667892	12,169708	1,703964
-3,185455	12,391174	3,111755
-2,515076	12,591095	4,307663
-1,764496	12,679672	5,270126
-1,005539	12,667709	6,050644
-0,247772	12,577927	6,586945
0,397461	12,430679	6,553421
0,894257	12,290619	5,657990
1,222275	12,108658	4,028732
1,321625	11,881210	2,066681
1,040314	11,671722	0,181259
0,482452	11,544830	-1,154709
-0,052643	11,468216	-1,744888
-0,655991	11,548416	-1,754456
-1,341919	11,716003	-1,169083
-1,891388	11,840515	-0,168304
-2,233765	11,775864	0,909088
-2,463608	11,659744	1,994858
-2,444458	11,605881	3,199142
-2,178696	11,596298	4,116119
-1,809982	11,574753	4,803253
-1,346710	11,524475	5,295273
-0,989975	11,407166	5,460464
-0,743378	11,289841	5,450897
-0,634430	11,139008	5,392227
-0,661972	11,028870	5,180344
-0,749359	10,866074	4,840378
-0,770905	10,664963	4,554260
-0,659576	10,583557	4,391464
-0,529099	10,546448	4,259781
-0,497971	10,518906	4,077820
-0,488388	10,429123	3,838394
-0,559021	10,261536	3,697144
-0,752945	10,025711	3,601364
-0,995956	9,767136	3,466095
-1,261719	9,649811	3,415817
-1,577759	9,630661	3,537918
-1,833939	9,676147	3,722275
-1,952438	9,671356	3,965286
-1,860260	9,624680	4,249008
-1,649582	9,544464	4,334000
-1,359879	9,543274	4,429764
-1,085739	9,582779	4,472855
-0,885834	9,708466	4,360336
-0,726608	9,763535	4,214294
-0,553040	9,690521	4,065842
-0,414169	9,621078	3,916214
-0,421356	9,564819	3,783325
-0,549438	9,594742	3,669601
-0,623657	9,528900	3,600174
-0,648804	9,423569	3,434967
-0,797241	9,400818	3,116547
-0,974411	9,357727	2,775375
-1,092926	9,295471	2,508423
-1,216232	9,204498	2,352798
-1,359879	9,158997	2,343216
-1,428116	9,099152	2,532364
-1,533463	9,090775	2,810089
-1,475998	9,168579	3,320053
-1,303619	9,240402	3,796494
-1,142014	9,283508	4,233444
-0,930115	9,235611	4,611725
-0,700272	9,190125	4,863113
-0,434525	9,167389	5,073807
-0,222641	9,169769	5,168381
-0,110107	9,239212	4,995987
-0,113693	9,242798	4,652420
-0,114899	9,215271	4,219070
-0,155594	9,143448	3,774948
-0,257355	9,063232	3,428986
-0,459656	9,047668	3,148865
-0,671539	9,052460	2,859161
-0,843933	9,074005	2,519196
-0,964828	9,051270	2,102600
-1,034271	9,011765	1,776993
-1,118073	9,016541	1,468140
-1,163559	8,978241	1,304138
-1,151581	8,969864	1,375961
-1,124054	8,996201	1,683609
-1,098907	8,981827	2,149292
-1,005539	8,961487	2,654465
-0,863083	9,015350	3,130905
-0,744568	9,054855	3,548706
-0,645203	9,076401	3,977264
-0,579376	9,080002	4,275345
-0,519516	9,089569	4,360336
-0,422546	9,072815	4,556656
-0,377060	9,075211	4,671585
-0,313614	9,039291	4,548279
-0,278900	9,018936	4,304077
-0,245377	8,998596	4,044296
-0,332764	9,022537	3,770157
-0,452484	9,046478	3,476868
-0,487198	9,059647	3,267380
-0,538666	9,003387	2,954941
-0,597321	8,993805	2,642487
-0,659576	9,004578	2,415039
-0,628448	9,035706	2,364761
-0,617676	9,070419	2,412643
-0,573380	9,105133	2,642487
-0,469238	9,102737	2,923813
-0,374664	9,107529	3,236252
-0,331573	9,089569	3,493637
-0,290863	9,132660	3,627701
-0,312408	9,180557	3,743820
-0,355515	9,192520	3,804886
-0,420151	9,193726	3,693542
-0,469238	9,205688	3,697144
-0,518311	9,175766	3,776154
-0,635635	9,124283	3,880295
-0,758942	9,029709	4,009583
-0,797241	8,954300	3,995224
-0,915756	8,850143	3,955719
-1,067780	8,783112	3,840790
-1,217422	8,741211	3,776154
-1,344315	8,714874	3,743820
-1,414948	8,650238	3,774948
-1,425720	8,614319	3,771362
-1,458038	8,564041	3,697144
-1,472412	8,566437	3,567856
-1,462830	8,621506	3,433777
-1,391006	8,641861	3,358353
-1,285660	8,731644	3,468491
-1,145599	8,810654	3,559479
-0,952866	8,858536	3,657639
-0,767319	8,860931	3,731857
-0,576981	8,882477	3,740234
-0,396210	8,895645	3,752213
-0,199890	8,926758	3,868332
-0,022720	8,977051	3,942551
0,026367	9,008163	3,940155
0,002426	9,032104	3,822830
-0,134048	8,953094	3,711502
-0,336365	8,898041	3,622925
-0,524307	8,883667	3,631302
-0,712250	8,835785	3,756989
-0,925339	8,859726	3,807266
-1,001953	8,863312	3,833603
-1,055817	8,860931	3,891068
-1,096512	8,841766	3,850372
-1,162354	8,822617	3,827621
-1,210236	8,858536	3,825226
-1,235382	8,932755	3,851562
-1,204254	9,010559	3,869522
-1,138412	8,997391	3,867126
-1,021103	9,010559	3,734253
-0,893005	8,998596	3,543915
-0,756546	8,985428	3,402649
-0,566208	8,960281	3,377518
-0,366287	8,930359	3,409836
-0,222641	8,933945	3,446945
-0,114899	8,974655	3,505600
-0,095734	8,993805	3,496033
-0,131653	8,975845	3,509201
-0,226227	8,907608	3,572647
-0,404587	8,815430	3,645660
-0,600922	8,772339	3,730652
-0,773300	8,732834	3,948532
-0,942093	8,732834	4,249008
-1,097717	8,670593	4,422577
-1,255737	8,643051	4,481247
-1,371857	8,604752	4,587784
-1,468811	8,644257	4,679962
-1,558594	8,693329	4,684753
-1,511917	8,725647	4,580597
-1,356293	8,747208	4,453705
-1,136017	8,766357	4,177170
-0,979202	8,819031	3,935364
-0,833160	8,884872	3,733047
-0,682327	8,939926	3,503204
-0,515930	9,021332	3,336807
-0,396210	8,953094	3,249420
-0,319595	8,923172	3,181183
-0,262131	8,965073	3,219498
-0,225021	8,936340	3,225479
-0,227417	8,926758	3,311676
-0,220245	8,911209	3,279358
-0,288467	8,868103	3,256607
-0,380646	8,813034	3,402649
-0,551834	8,775925	3,564255
-0,725418	8,748398	3,752213
-0,878647	8,735229	3,929382
-1,028290	8,627487	4,046692
-1,171936	8,579605	4,094574
-1,294037	8,593979	4,085007
-1,363464	8,617920	4,021561
-1,404175	8,637070	4,019165
-1,377838	8,634674	3,879105
-1,302414	8,613129	3,751007
-1,204254	8,626297	3,683975
-1,109680	8,698120	3,608551
-0,942093	8,817825	3,628906
-0,824768	8,881271	3,650452
-0,719437	8,889648	3,573837
-0,576981	8,904022	3,463699
-0,505142	8,918381	3,311676
-0,444092	8,954300	3,290131
-0,411774	8,969864	3,269775
-0,403397	8,984222	3,323639
-0,380646	8,945923	3,446945
-0,361496	8,853745	3,535538
-0,356705	8,809448	3,630096
-0,341141	8,790298	3,654037
-0,378250	8,784317	3,758194
-0,462051	8,792694	3,837204
-0,632050	8,846558	3,868332
-0,825974	8,828598	3,940155
-0,950470	8,827408	4,073029
-1,047440	8,825012	4,253784
-1,109680	8,848953	4,418991
-1,124054	8,846558	4,459686
-1,077362	8,852539	4,404633
-1,100113	8,877686	4,349564
-1,036667	8,948318	4,314850
-0,942093	8,961487	4,137680
-0,835556	8,966263	3,947327
-0,720627	9,008163	3,733047
-0,633240	8,986618	3,575043
-0,514725	8,951904	3,466095
-0,464447	9,002182	3,317657
-0,503952	8,984222	3,172806
-0,580566	8,967468	3,033951
-0,611694	8,927963	2,964508
-0,702667	8,866913	2,987259
-0,822388	8,822617	3,025558
-0,894211	8,780716	3,227875
-0,931320	8,786697	3,507996
-0,982788	8,791489	3,749817
-0,974411	8,775925	3,972473
-0,950470	8,746002	4,175980
-0,954056	8,722061	4,439346
-0,922943	8,753189	4,676361
-0,919342	8,785507	4,814041
-0,857101	8,797485	4,846359
-0,706268	8,814240	4,700317
-0,629654	8,811844	4,560242
-0,544647	8,841766	4,293289
-0,469238	8,895645	4,015564
-0,444092	8,943527	3,818054
-0,421356	8,929153	3,644470
-0,345932	8,917191	3,490036
-0,298050	8,907608	3,284134
-0,287277	8,921982	3,183578
-0,349533	8,955490	3,051895
-0,434525	8,957886	2,995636
-0,468033	8,908813	3,063873
-0,474030	8,841766	3,122528
-0,553040	8,817825	3,288925
-0,659576	8,825012	3,445755
-0,810410	8,790298	3,631302
-0,893005	8,766357	3,865936
-1,023499	8,747208	4,082611
-1,040253	8,686142	4,256180
-1,098907	8,675369	4,430969
-1,120453	8,661011	4,562637
-1,091736	8,686142	4,656021
-1,028290	8,708893	4,622498
-0,946884	8,743607	4,554260
-0,851105	8,726852	4,404633
-0,778091	8,717270	4,226257
-0,660767	8,738815	4,093384
-0,549438	8,746002	3,917404
-0,514725	8,768753	3,689957
-0,520706	8,802261	3,399063
-0,526703	8,820221	3,142883
-0,442902	8,827408	3,092606
-0,436920	8,817825	3,133301
-0,511139	8,833389	3,242249
-0,582962	8,789093	3,367935
-0,670349	8,761566	3,498428
-0,770905	8,736420	3,565460
-0,916946	8,710083	3,716293
-1,003143	8,704102	3,923386
-1,072571	8,695724	4,101761
-1,125244	8,666992	4,186752
-1,137222	8,661011	4,272949
-1,115677	8,638260	4,363922
-1,064194	8,714874	4,391464
-0,952866	8,746002	4,320831
-0,808014	8,775925	4,233444
-0,743378	8,805862	4,190338
-0,630844	8,799866	4,092178
-0,503952	8,841766	3,961700
-0,331573	8,848953	3,788116
-0,246582	8,860931	3,582214
-0,233414	8,963882	3,314072
-0,231018	8,989014	3,103378
-0,247772	8,965073	3,006409
-0,274109	8,947113	3,025558
-0,337555	8,917191	3,060287
-0,414169	8,893250	3,120132
-0,518311	8,841766	3,164429
-0,640427	8,814240	3,285339
-0,734985	8,780716	3,524750
-0,797241	8,784317	3,788116
-0,817596	8,731644	4,085007
-0,864273	8,713684	4,282516
-0,932510	8,705307	4,381882
-0,964828	8,746002	4,433350
-0,988785	8,714874	4,377090
-0,928925	8,692139	4,396240
-0,877441	8,706497	4,532715
-0,744568	8,734039	4,648834
-0,654785	8,749588	4,662003
-0,586548	8,763962	4,623703
-0,530289	8,821426	4,526733
-0,515930	8,838181	4,393845
-0,523102	8,845367	4,226257
-0,509933	8,869308	4,070633
-0,478806	8,862122	3,952118
-0,490784	8,830994	3,851562
-0,517120	8,869308	3,739044
-0,544647	8,868103	3,650452
-0,519516	8,833389	3,610947
-0,574585	8,767548	3,570251
-0,636826	8,766357	3,474472
-0,720627	8,755585	3,570251
-0,720627	8,746002	3,663620
-0,808014	8,767548	3,740234
-0,870270	8,767548	3,756989
-0,932510	8,753189	3,771362
-0,946884	8,713684	3,800095
-0,934906	8,710083	3,871918
-0,867874	8,706497	3,962891
-0,792450	8,738815	4,089783
-0,673935	8,734039	4,137680
-0,572189	8,736420	4,178375
-0,462051	8,763962	4,232239
-0,391418	8,774734	4,183167
-0,338745	8,792694	4,113724
-0,343536	8,828598	4,021561
-0,374664	8,816635	3,875504
-0,384247	8,811844	3,784531
-0,423752	8,841766	3,689957
-0,435715	8,826202	3,539124
-0,548248	8,810654	3,426590
-0,611694	8,760376	3,341599
-0,658371	8,699310	3,249420
-0,677536	8,714874	3,259003
-0,711044	8,692139	3,267380
-0,689499	8,637070	3,304489
-0,648804	8,598755	3,476868
-0,630844	8,608337	3,648056
-0,604507	8,595169	3,925781
-0,553040	8,577209	4,186752
-0,544647	8,633469	4,367523
-0,535080	8,625092	4,484833
-0,543457	8,678970	4,529129
-0,567398	8,754379	4,520752
-0,611694	8,760376	4,533920
-0,615280	8,742416	4,428574
-0,598526	8,712479	4,277740
-0,590149	8,717270	4,208298
-0,569794	8,724457	4,090988
-0,568588	8,753189	3,941345
-0,614090	8,749588	3,846771
-0,588943	8,769943	3,736649
-0,543457	8,737625	3,610947
-0,530289	8,704102	3,577423
-0,556625	8,735229	3,533142
-0,587753	8,750793	3,515182
-0,614090	8,755585	3,485260
-0,648804	8,767548	3,481659
-0,701477	8,767548	3,437363
-0,725418	8,791489	3,460114
-0,745773	8,811844	3,527145
-0,706268	8,852539	3,627701
-0,626053	8,853745	3,785721
-0,566208	8,838181	3,915009
-0,518311	8,880081	3,960495
-0,513535	8,906418	4,092178
-0,535080	8,892044	4,228653
-0,505142	8,893250	4,311249
-0,531479	8,860931	4,323227
-0,547043	8,820221	4,272949
-0,532684	8,805862	4,263367
-0,568588	8,821426	4,211899
-0,606903	8,832199	4,159225
-0,661972	8,779526	4,074219
-0,683517	8,725647	4,028732
-0,676331	8,700516	4,047897
-0,677536	8,718475	4,117325
-0,696686	8,717270	4,126892
-0,727814	8,688538	4,119720
-0,787659	8,711288	4,114929
-0,845123	8,688538	4,079010
-0,866669	8,717270	4,102951
-0,881042	8,737625	4,140060
-0,852310	8,736420	4,171188
-0,793655	8,766357	4,197525
-0,758942	8,768753	4,264572
-0,703873	8,793884	4,284912
-0,618881	8,804657	4,353149
-0,502762	8,810654	4,380692
-0,374664	8,809448	4,308853
-0,368683	8,829803	4,131683
-0,359100	8,822617	3,959305
-0,374664	8,827408	3,837204
-0,387833	8,840576	3,677979
-0,409378	8,863312	3,566650
-0,450089	8,863312	3,469696
-0,500366	8,820221	3,430191
-0,543457	8,815430	3,379913
-0,562607	8,769943	3,366745
-0,557816	8,754379	3,415817
-0,575775	8,775925	3,511581
-0,623657	8,780716	3,633698
-0,665558	8,766357	3,800095
-0,655991	8,771149	3,961700
-0,642822	8,766357	4,092178
-0,670349	8,726852	4,184357
-0,713440	8,696915	4,168793
-0,675140	8,674179	4,185562
-0,664368	8,649033	4,241821
-0,670349	8,611923	4,316040
-0,663162	8,635864	4,304077
-0,679932	8,657425	4,322021
-0,669159	8,643051	4,270554
-0,669159	8,632278	4,104156
-0,720627	8,622696	3,990433
-0,757736	8,641861	3,922195
-0,764923	8,671783	3,809662
-0,772110	8,670593	3,715103
-0,773300	8,666992	3,685165
-0,796051	8,632278	3,682770
-0,803223	8,641861	3,675598
-0,818787	8,684952	3,731857
-0,827164	8,671783	3,876709
-0,852310	8,722061	3,961700
-0,847519	8,707703	3,867126
-0,816391	8,680161	3,862335
-0,768509	8,720871	4,101761
-0,717041	8,723251	4,424973
-0,622467	8,750793	4,579407
-0,587753	8,787903	4,621307
-0,560211	8,798676	4,591370
-0,541061	8,778320	4,524338
-0,529099	8,773529	4,369904
-0,519516	8,798676	4,198730
-0,460861	8,817825	4,112534
-0,442902	8,842972	4,019165
-0,453674	8,841766	3,936554
-0,475220	8,815430	3,870712
-0,497971	8,787903	3,812057
-0,543457	8,787903	3,751007
-0,648804	8,777130	3,740234
-0,746964	8,722061	3,814453
-0,802032	8,690933	3,912613
-0,876251	8,682556	4,027542
-0,916946	8,688538	4,118515
-0,939697	8,678970	4,278931
-0,997162	8,680161	4,349564
-1,011520	8,700516	4,375900
-1,025894	8,734039	4,299286
-0,952866	8,735229	4,232239
-0,889420	8,741211	4,119720
-0,781677	8,744812	3,949722
-0,699081	8,756775	3,778549
-0,614090	8,798676	3,667206
-0,555420	8,826202	3,555878
-0,533875	8,828598	3,407440
-0,466843	8,797485	3,408646
-0,395020	8,811844	3,478073
-0,327972	8,832199	3,600174
-0,259750	8,827408	3,760590
-0,199890	8,826202	3,904236
-0,239395	8,795090	4,037109
-0,307632	8,761566	4,152039
-0,401001	8,746002	4,227463
-0,481201	8,723251	4,310059
-0,535080	8,700516	4,379486
-0,653595	8,689743	4,442932
-0,774490	8,643051	4,415405
-0,843933	8,637070	4,408218
-0,863083	8,644257	4,367523
-0,855896	8,647842	4,392654
-0,785278	8,651428	4,343567
-0,737381	8,643051	4,284912
-0,708664	8,672974	4,305267
-0,684708	8,670593	4,210693
-0,626053	8,682556	4,113724
-0,630844	8,696915	4,050278
-0,593735	8,748398	3,990433
-0,615280	8,772339	3,889877
-0,603317	8,737625	3,797699
-0,592545	8,692139	3,743820
-0,604507	8,718475	3,729462
-0,593735	8,744812	3,747421
-0,644012	8,756775	3,798889
-0,711044	8,732834	3,900650
-0,799637	8,700516	3,935364
-0,852310	8,674179	3,966492
-0,890610	8,661011	4,028732
-0,914551	8,640656	4,122116
-0,907379	8,652634	4,167603
-0,878647	8,671783	4,150833
-0,754150	8,656219	4,160416
-0,634430	8,692139	4,159225
-0,547043	8,708893	4,166397
-0,517120	8,757980	4,184357
-0,488388	8,755585	4,208298
-0,460861	8,763962	4,229843
-0,434525	8,778320	4,132889
-0,398605	8,809448	4,010773
-0,393814	8,801071	3,900650
-0,411774	8,833389	3,825226
-0,469238	8,868103	3,753403
-0,490784	8,851349	3,703125
-0,463257	8,838181	3,722275
-0,427338	8,781921	3,742630
-0,428528	8,796280	3,709106
-0,505142	8,761566	3,677979
-0,545853	8,674179	3,652847
-0,570984	8,692139	3,701935
-0,654785	8,669388	3,822830
-0,752945	8,651428	3,976059
-0,740982	8,585587	4,150833
-0,819992	8,578415	4,260971
-0,855896	8,578415	4,366318
-0,873856	8,628693	4,458496
-0,878647	8,639465	4,539902
-0,828369	8,650238	4,513565
-0,840332	8,671783	4,453705
-0,816391	8,719666	4,371109
-0,806824	8,759171	4,284912
-0,689499	8,784317	4,269348
-0,556625	8,802261	4,195129
-0,457260	8,805862	4,087387
-0,390228	8,814240	3,893463
-0,342346	8,841766	3,728271
-0,299255	8,860931	3,555878
-0,290863	8,882477	3,481659
-0,332764	8,907608	3,484055
-0,351913	8,875290	3,614532
-0,377060	8,852539	3,671997
-0,459656	8,795090	3,657639
-0,524307	8,762756	3,698334
-0,591339	8,724457	3,844376
-0,683517	8,712479	3,972473
-0,731400	8,701706	4,104156
-0,733795	8,698120	4,203506
-0,709854	8,664597	4,330399
-0,672745	8,629883	4,375900
-0,611694	8,662201	4,446518
-0,605713	8,696915	4,451309
-0,570984	8,659805	4,413010
-0,502762	8,686142	4,367523
-0,471634	8,718475	4,278931
-0,434525	8,734039	4,162811
-0,383041	8,725647	4,089783
-0,381851	8,719666	4,003601
-0,404587	8,737625	3,995224
-0,417755	8,773529	3,994019
-0,483597	8,801071	3,944946
-0,482407	8,763962	3,869522
-0,530289	8,718475	3,752213
-0,575775	8,728043	3,697144
-0,645203	8,687347	3,666016
-0,707458	8,678970	3,739044
-0,758942	8,668198	3,858749
-0,791260	8,672974	4,052673
-0,792450	8,639465	4,187958
-0,819992	8,629883	4,189148
-0,854706	8,663406	4,165207
-0,819992	8,701706	4,198730
-0,773300	8,699310	4,160416
-0,730209	8,669388	4,147247
-0,679932	8,708893	4,047897
-0,573380	8,725647	3,913818
-0,547043	8,738815	3,839600
-0,512329	8,761566	3,796494
-0,429733	8,751984	3,768967
-0,375870	8,743607	3,753403
-0,326782	8,747208	3,734253
-0,331573	8,761566	3,759384
-0,368683	8,784317	3,806076
-0,361496	8,768753	3,900650
-0,395020	8,748398	4,095779
-0,494370	8,738815	4,198730
-0,541061	8,722061	4,284912
-0,648804	8,639465	4,408218
-0,763718	8,614319	4,442932
-0,878647	8,604752	4,483627
-0,966034	8,598755	4,501587
-0,989975	8,608337	4,545883
-0,974411	8,602356	4,578201
-0,949280	8,585587	4,556656
-0,966034	8,589188	4,405823
-1,001953	8,637070	4,168793
-0,963638	8,655029	3,996414
-0,882233	8,700516	3,841995
-0,804428	8,730438	3,660034
-0,688309	8,754379	3,555878
-0,570984	8,771149	3,448135
-0,468033	8,766357	3,376312
-0,402191	8,763962	3,389481
-0,371078	8,767548	3,385895
-0,375870	8,796280	3,421814
-0,381851	8,786697	3,486450
-0,380646	8,765152	3,633698
-0,378250	8,795090	3,788116
-0,381851	8,765152	3,898254
-0,396210	8,730438	4,051483
-0,393814	8,682556	4,229843
-0,448883	8,689743	4,325623
-0,502762	8,704102	4,410614
-0,575775	8,661011	4,442932
-0,629654	8,661011	4,373505
-0,678726	8,633469	4,275345
-0,706268	8,628693	4,216675
-0,764923	8,689743	4,108948
-0,793655	8,743607	4,019165
-0,780487	8,793884	4,023941
-0,684708	8,774734	4,057465
-0,559021	8,789093	4,155624
-0,480011	8,847763	4,190338
-0,351913	8,870499	4,208298
-0,280090	8,870499	4,213089
-0,280090	8,874100	4,207108
