-0,719437	1,094131	9,014664
-0,754150	1,139618	9,049377
-0,670349	1,118073	9,199020
-0,553040	1,094131	9,465973
-0,385437	1,054626	9,750885
-0,178345	1,053436	9,999878
-0,070602	1,065399	10,086060
0,032349	1,031891	9,978333
-0,037079	1,043854	9,704193
-0,192703	1,112091	9,438431
-0,301636	1,138428	9,267242
-0,452484	1,131241	9,219360
-0,490784	1,094131	9,263657
-0,542267	1,065399	9,324707
-0,515930	1,067795	9,480331
-0,392624	1,006744	9,606033
-0,283691	0,976822	9,712570
-0,198685	0,962448	9,744888
-0,169968	1,029495	9,688629
-0,226227	1,074982	9,523422
-0,345932	1,085754	9,452805
-0,410583	1,089340	9,410904
-0,317200	1,005554	9,515045
-0,190308	0,984009	9,723343
-0,181931	0,957672	9,881363
-0,203476	1,009140	9,978333
-0,268127	0,980408	10,010651
-0,351913	1,000763	9,995087
-0,366287	0,960052	9,962769
-0,335159	0,980408	9,880173
-0,333969	0,989990	9,820312
-0,275299	1,022308	9,784393
-0,207077	1,028290	9,738907
-0,191513	1,048645	9,625183
-0,088562	1,108505	9,442032
0,071854	1,102509	9,379776
0,125717	1,119278	9,357025
0,101776	1,149200	9,353439
0,083832	1,188705	9,354645
0,096985	1,181519	9,449203
0,211914	1,133636	9,616806
0,185577	1,145615	9,720947
0,136490	1,127655	9,826294
0,088608	1,146805	9,904114
0,013199	1,149200	9,916077
-0,095734	1,102509	9,969955
-0,147217	1,089340	9,974731
-0,074188	1,150406	10,031006
-0,009552	1,157578	10,074097
0,009598	1,158783	10,112396
-0,014343	1,200684	10,040573
-0,044266	1,219833	9,978333
0,055099	1,222229	9,920868
0,203537	1,189896	9,949600
0,289719	1,162369	9,998672
0,325638	1,173141	10,027405
0,306488	1,264130	10,071701
0,305283	1,327576	10,035782
0,387894	1,267715	10,021423
0,508789	1,243774	10,008255
0,560272	1,290466	10,039383
0,514786	1,264130	9,992691
0,419006	1,259338	9,906494
0,339996	1,322784	9,813126
0,344788	1,367081	9,744888
0,347183	1,322784	9,797562
0,350784	1,280884	9,895721
0,305283	1,312012	9,977127
0,359161	1,309616	10,036987
0,508789	1,313202	10,173462
0,633301	1,307220	10,220139
0,690750	1,325180	10,156693
0,741028	1,319183	9,996277
0,709915	1,338348	9,822708
0,645264	1,355103	9,737717
0,609344	1,356293	9,747284
0,638077	1,340744	9,791580
0,538727	1,310806	9,781998
0,451340	1,383835	9,768829
0,462112	1,379044	9,773621
0,495621	1,285675	9,875381
0,501617	1,254547	9,917282
0,425003	1,320389	9,990295
0,451340	1,316788	10,040573
0,399857	1,314407	10,010651
0,403458	1,302429	9,954391
0,454926	1,277298	9,831085
0,488449	1,329956	9,573715
0,494431	1,352707	9,360626
0,515976	1,361084	9,298370
0,578232	1,290466	9,485123
0,562668	1,261734	9,680252
0,609344	1,224625	9,911285
0,641678	1,187515	10,082474
0,670410	1,165955	10,184235
0,756592	1,054626	10,185425
0,893066	1,016327	10,375763
0,665619	1,308411	10,649902
0,499222	1,340744	10,530197
0,518372	1,261734	10,307526
0,442947	1,365875	10,077682
0,567459	1,373062	9,951996
0,735046	1,356293	9,892136
0,872711	1,349121	9,791580
0,969681	1,373062	9,704193
0,994812	1,388626	9,674271
1,046295	1,370667	9,667084
1,021149	1,397003	9,692215
0,986435	1,410172	9,834671
0,976868	1,418549	10,078888
1,010376	1,386230	10,191406
1,013977	1,460449	10,233307
0,991226	1,520309	10,180634
0,957703	1,501144	9,997482
0,873917	1,522690	9,922058
0,804474	1,636429	9,892136
0,841583	1,655579	9,845444
0,932571	1,630432	9,755661
0,932571	1,651978	9,790390
0,918198	1,684311	9,878967
0,921799	1,648392	10,044174
0,913422	1,679520	10,145920
1,019958	1,696274	10,195007
1,115723	1,768097	10,118393
1,195938	1,836334	9,947205
1,296494	1,830353	9,816727
1,352753	1,851898	9,665878
1,392258	1,951263	9,568924
1,500000	2,051819	9,607224
1,656815	2,062592	9,644333
1,685547	2,072159	9,513855
1,636459	2,068573	9,230133
1,612518	2,051819	9,185852
1,589783	2,175110	9,413300
1,514359	2,214615	9,628769
1,460495	2,187088	9,675461
1,379089	2,185898	9,728134
1,382675	2,197861	9,814331
1,426971	2,132019	9,910095
1,527527	2,136810	10,110016
1,619705	2,147583	10,289581
1,588577	2,214615	10,372177
1,559845	2,191879	10,378159
1,472458	2,185898	10,381744
1,448517	2,225388	10,477524
1,452118	2,261307	10,600815
1,522736	2,207443	10,645111
1,647232	2,219406	10,655884
1,877075	2,304398	10,702576
1,924973	2,431290	10,477524
1,855530	2,517487	9,917282
1,875885	2,540237	9,552155
1,935745	2,554596	9,507874
1,910599	2,586914	9,528214
1,808853	2,655151	9,402527
1,697510	2,670715	9,311539
1,624496	2,626419	9,427658
1,594559	2,636002	9,702988
1,690338	2,674301	10,064514
1,720261	2,715012	10,348236
1,701111	2,692261	10,409286
1,672379	2,584518	10,497864
1,599350	2,630020	10,687012
1,553864	2,796417	10,721725
1,582596	2,852676	10,415268
1,652023	2,862259	10,125565
1,808853	2,887390	10,108810
1,922577	2,959213	10,112396
2,043472	3,017868	10,023819
2,116501	3,059769	9,735321
2,175156	3,032242	9,487518
2,281708	3,153152	9,422867
2,393036	3,229767	9,509064
2,528305	3,232162	9,606033
2,559433	3,265671	9,504272
2,525909	3,323135	9,360626
2,478027	3,454819	9,317535
2,524719	3,509888	9,307953
2,582169	3,575729	9,412094
2,548660	3,705017	9,541382
2,602524	3,714584	9,583282
2,630051	3,647552	9,669479
2,551056	3,683456	9,987900
2,427750	3,761276	10,125565
2,311630	3,794800	10,054947
2,195511	3,836685	9,924454
2,176361	3,841476	9,864609
2,151215	3,879791	9,949600
2,072205	3,873810	9,956787
1,930954	3,943237	9,809540
1,829193	4,065338	9,579697
1,836380	4,194626	9,358231
2,132065	4,185043	9,102051
2,478027	4,195816	8,993118
2,671951	4,266449	8,997910
2,766525	4,323914	8,674683
2,721039	4,274826	8,456818
2,494781	4,390945	8,537018
2,255371	4,547775	8,853058
2,153610	4,568115	9,023041
2,211075	4,460388	9,020645
2,278107	4,442429	9,112823
2,235016	4,534607	9,359421
2,233810	4,547775	9,531815
2,246979	4,483124	9,686234
2,106918	4,564529	9,664688
1,935745	4,679459	9,515045
1,892639	4,733322	9,369003
1,916580	4,841064	8,993118
2,048264	4,932037	8,498718
2,130859	4,984711	8,127609
2,175156	5,034988	7,878616
2,231430	5,054138	7,614059
2,183533	5,037384	7,469208
1,918976	5,113998	7,505112
1,669983	5,216949	7,664337
1,598160	5,263641	7,829529
1,649628	5,215759	8,076141
1,775330	5,148712	8,447235
1,941727	5,043365	8,904526
1,942917	5,031403	9,195419
1,807648	5,087662	9,171478
1,713074	5,066116	9,048187
1,561050	5,125977	8,938049
1,328812	5,228928	8,499908
1,025940	5,321091	7,766083
0,757797	5,503052	7,397385
0,804474	5,670654	7,633209
1,048691	5,679031	8,049805
1,254593	5,543762	8,265274
1,459290	5,297150	8,376602
1,555054	5,274414	8,479553
1,436554	5,438416	8,608841
1,300079	5,511444	8,546600
1,180374	5,430038	8,436462
1,071426	5,439606	8,542999
1,037918	5,560516	8,667496
1,134872	5,638336	8,452026
1,297684	5,663467	7,839111
1,316833	5,718536	6,959244
1,345566	5,731705	6,460052
1,307266	5,774796	6,686295
1,118118	5,749664	7,155563
0,738632	5,753250	7,598495
0,287338	5,780777	7,919312
-0,037079	5,786774	8,164719
-0,222641	5,677841	8,618423
-0,360306	5,503052	9,140350
-0,456070	5,409683	9,689819
-0,367477	5,438416	10,335068
0,002426	5,537766	10,572083
0,456116	5,544952	10,177048
1,131287	5,633545	9,746094
2,316422	5,481506	9,458786
3,496765	5,567703	8,841080
4,264099	5,950775	7,616455
4,669922	5,901688	6,189499
4,279663	6,297928	4,888260
3,573380	7,448349	3,752213
3,011932	7,626709	2,856781
2,285294	7,360962	2,321671
1,485626	7,648254	2,673615
0,820038	8,142670	3,516373
0,450134	8,230057	4,320831
0,288528	8,177383	4,700317
0,154449	8,172592	4,672775
0,225082	8,145065	4,640457
0,408234	8,180969	4,597366
0,549500	8,221680	4,532715
0,572235	8,195343	4,427368
0,504013	8,124710	4,317230
0,420212	8,113937	4,349564
0,410629	8,086395	4,594971
0,404648	8,036118	5,000778
0,381897	8,073227	5,430542
0,373520	8,196533	5,610107
0,586609	8,203720	5,328781
0,943344	8,172592	4,669189
1,167206	8,243225	3,633698
1,057068	8,295898	2,820862
0,853561	8,157028	2,746643
0,147278	8,506577	2,848389
-0,444092	8,846558	2,849594
-0,715836	8,552078	3,010010
-1,045044	8,529327	3,251816
-1,211441	8,614319	3,595383
-1,207840	8,644257	3,867126
-1,180313	8,611923	3,814453
-1,162354	8,613129	3,449341
-1,110886	8,587982	3,077042
-1,078568	8,517365	2,980072
-1,029480	8,423981	3,127319
-1,059402	8,366516	3,316467
-1,193481	8,359344	3,354767
-1,361084	8,361740	3,387085
-1,589722	8,338989	3,668411
-1,605286	8,358139	4,215485
-1,442474	8,406021	4,428574
-1,380234	8,358139	3,748611
-1,477188	8,310257	2,889099
-1,587326	8,259979	2,677216
-1,741760	8,281525	2,856781
-2,060181	8,333008	2,619751
-2,396576	8,342575	2,254639
-2,766479	8,403625	2,022400
-2,995117	8,403625	1,991272
-3,005890	8,359344	1,956558
-2,971176	8,324631	2,061905
-3,010681	8,246811	2,178024
-2,899353	8,094788	2,247452
-2,890976	7,961899	2,340820
-3,040604	7,878098	2,485672
-3,210602	7,908035	2,802902
-3,287216	7,928391	3,127319
-3,325516	7,934372	3,127319
-3,393753	7,857758	2,781357
-3,456009	7,805084	2,325256
-3,493118	7,840988	2,085846
-3,393753	7,791916	1,821289
-3,371002	7,711700	1,486099
-3,427277	7,633896	1,296951
-3,529022	7,632706	1,349625
-3,780411	7,675797	1,504044
-4,082092	7,661423	1,518417
-4,302353	7,602768	1,383148
-4,428055	7,541718	1,250259
-4,471146	7,437576	1,160477
-4,453186	7,382507	1,001266
-4,544174	7,287933	0,935425
-4,733307	7,179001	0,955780
-4,832672	7,121536	1,034790
-4,734512	6,959930	1,150909
-4,613602	6,786346	1,183228
-4,545364	6,748047	1,176041
-4,454391	6,666641	1,219147
-4,422058	6,475098	1,274200
-4,467560	6,385315	1,324478
-4,454391	6,327866	1,348434
-4,424454	6,252441	1,320892
-4,444809	6,220123	1,268219
-4,588455	6,259628	1,124573
-4,843445	6,275192	0,722351
-5,139130	6,246460	0,370392
-5,365372	6,263214	0,409897
-5,488678	6,241669	0,743896
-5,688599	6,260818	0,961761
-5,887314	6,263214	0,831284
-6,064484	5,999847	0,690018
-6,318268	5,770004	0,379974
-6,491852	6,483490	0,347656
-6,113571	6,467926	0,771423
-6,011810	6,133926	0,937820
-6,119553	5,868179	0,846848
-6,222504	5,776001	0,709183
-6,227295	5,827469	0,624176
-6,256027	5,827469	0,704391
-6,275177	5,725723	0,733124
-6,254822	5,661072	0,668472
-6,256027	5,639526	0,614609
-6,240463	5,631149	0,455383
-6,208145	5,614380	0,230331
-6,241653	5,604813	0,101044
-6,273972	5,614380	0,002884
-6,415237	5,607208	-0,113235
-6,625931	5,586853	-0,189850
-6,847397	5,584457	-0,163513
-7,019775	5,589249	-0,048584
-7,102371	5,523407	0,090271
-7,082016	5,428833	0,113022
-7,122726	5,382156	0,189636
-7,212509	5,421661	0,159714
-7,265182	5,425247	0,056763
-7,175400	5,384537	-0,037811
-7,066452	5,316315	-0,138367
-7,000626	5,313919	-0,259277
-7,010193	5,340256	-0,449615
-7,068848	5,299545	-0,554962
-7,120331	5,251663	-0,651932
-7,232849	5,244476	-0,730942
-7,345383	5,255264	-0,685440
-7,463898	5,249268	-0,531021
-7,637482	5,214554	-0,480743
-7,876892	5,286377	-0,514267
-8,009781	5,304337	-0,505875
-7,967880	5,267227	-0,558548
-7,909225	5,245682	-0,563339
-7,851761	5,220535	-0,551376
-7,753601	5,202591	-0,462784
-7,709305	5,194199	-0,346664
-7,709305	5,113998	-0,252090
-7,686554	5,079285	-0,157532
-7,682968	5,018234	-0,060562
-7,660217	5,026611	0,054367
-7,541702	4,940414	0,227936
-7,450729	4,873383	0,382370
-7,420807	4,887741	0,470947
-7,477066	4,855423	0,474548
-7,515366	4,813522	0,567917
-7,551285	4,801559	0,773819
-7,533325	4,780014	0,797760
-7,489029	4,698608	0,710373
-7,505798	4,638748	0,761841
-7,608749	4,692627	0,864792
-7,751205	4,807541	0,770233
-7,875702	4,815918	0,449402
-8,016953	4,873383	0,219559
-8,148636	4,955978	0,121399
-8,312637	4,957184	0,035202
-8,307846	4,969147	-0,116821
-8,231232	4,918869	-0,317932
-8,221664	4,899719	-0,398148
-8,194122	4,872192	-0,368210
-8,121109	4,863800	-0,289200
-8,097168	4,803955	-0,234146
-7,982239	4,765640	-0,176682
-7,864929	4,768036	-0,100067
-7,827820	4,714172	-0,061752
-7,885269	4,722549	-0,095276
-7,955902	4,741699	-0,191040
-7,868515	4,744095	-0,304764
-7,750000	4,740509	-0,311951
-7,657822	4,758453	-0,390961
-7,657822	4,752472	-0,526230
-7,716492	4,717758	-0,614822
-7,844574	4,696213	-0,559753
-7,922379	4,685440	-0,442429
-8,060059	4,709381	-0,339478
-8,134277	4,651917	-0,241318
-8,237228	4,645935	-0,043808
-8,377289	4,648331	0,113022
-8,422775	4,657898	0,201599
-8,377289	4,610016	0,412292
-8,400024	4,572906	0,515244
-8,477844	4,552551	0,491302
-8,508972	4,502274	0,540390
-8,526917	4,461578	0,547562
-8,556854	4,438828	0,418274
-8,553253	4,419678	0,299774
-8,531708	4,465164	0,286606
-8,504181	4,471161	0,212372
-8,480240	4,434052	0,109421
-8,441925	4,423279	0,101044
-8,420380	4,374191	0,072311
-8,403625	4,301163	0,028030
-8,456299	4,305954	-0,013870
-8,566422	4,326309	-0,018661
-8,585587	4,317932	0,109421
-8,623886	4,274826	0,181259
-8,651413	4,298767	0,203995
-8,677750	4,320328	0,189636
-8,663391	4,287994	0,096268
-8,553253	4,212585	0,068726
-8,496994	4,213776	-0,000702
-8,511353	4,212585	-0,153931
-8,561646	4,222153	-0,235336
-8,635864	4,235321	-0,278427
-8,681351	4,242508	-0,268860
-8,688538	4,197021	-0,232941
-8,664581	4,151535	-0,206604
-8,659805	4,094070	-0,209000
-8,663391	4,114426	-0,191040
-8,572418	4,114426	-0,188644
-8,543686	4,096466	-0,200623
-8,542480	4,090485	-0,207809
-8,548477	4,101257	-0,171890
-8,518539	4,088089	-0,114426
-8,519745	4,056961	-0,024643
-8,525726	4,062943	0,000488
-8,549667	4,065338	0,024429
-8,518539	4,077316	0,186035
-8,481430	4,071320	0,308151
-8,444321	4,114426	0,444611
-8,420380	4,066544	0,509262
-8,331787	4,070129	0,472153
-8,233627	4,090485	0,406311
-8,179764	4,090485	0,389557
-8,192932	4,089279	0,284210
-8,230042	4,104843	0,227936
-8,238419	4,140762	0,232727
-8,238419	4,183853	0,254272
-8,261169	4,231735	0,215973
-8,358124	4,224548	0,072311
-8,451508	4,252090	0,023239
-8,483826	4,308350	0,020844
-8,462280	4,308350	0,017258
-8,437134	4,322708	0,017258
-8,413193	4,321518	-0,048584
-8,337784	4,331100	0,024429
-8,312637	4,356232	0,086685
-8,344955	4,356232	0,053162
-8,378479	4,352646	0,044785
-8,382080	4,380173	0,063934
-8,307846	4,420883	0,097458
-8,287506	4,466370	0,030426
-8,234833	4,453201	-0,080917
-8,165390	4,456787	-0,120422
-8,164200	4,484329	-0,138367
-8,213287	4,467560	-0,175476
-8,246796	4,498688	-0,157532
-8,287506	4,551361	-0,095276
-8,277924	4,510666	-0,086899
-8,297073	4,501083	-0,118027
-8,318634	4,563339	-0,118027
-8,323410	4,600449	-0,092880
-8,261169	4,510666	-0,073730
-8,237228	4,487915	-0,044998
-8,220459	4,503479	-0,035416
-8,250397	4,454391	0,012466
-8,185745	4,408905	0,059143
-8,137863	4,367004	0,156113
-8,146240	4,386169	0,183655
-8,222855	4,396942	0,079498
-8,311447	4,416092	-0,028244
-8,338974	4,408905	0,068726
-8,372498	4,431656	0,104645
-8,408401	4,449615	0,105835
-8,504181	4,419678	0,026825
-8,562836	4,389755	0,014862
-8,491013	4,346664	0,032806
-8,519745	4,377777	-0,027039
-8,496994	4,402924	-0,079712
-8,384460	4,388550	-0,072525
-8,370102	4,368210	0,002884
-8,354538	4,369400	-0,001907
-8,382080	4,423279	0,054367
-8,379684	4,418488	0,134567
-8,332993	4,363419	0,162094
-8,256378	4,323914	0,135757
-8,207291	4,355042	0,146545
-8,231232	4,411301	0,089081
-8,212082	4,367004	-0,005493
-8,231232	4,398132	0,026825
-8,252792	4,440033	0,065140
-8,271942	4,465164	0,048370
-8,322220	4,472351	-0,021057
-8,373688	4,453201	-0,133591
-8,406021	4,431656	-0,071335
-8,428757	4,463974	0,026825
-8,383270	4,463974	0,162094
-8,291092	4,443619	0,187241
-8,255173	4,417282	0,136963
-8,209686	4,405319	0,132172
-8,168991	4,355042	0,144150
-8,236023	4,369400	0,110626
-8,291092	4,463974	0,072311
-8,306656	4,426865	0,057953
-8,299469	4,416092	0,019653
-8,328201	4,410110	0,013657
-8,334183	4,429260	-0,048584
-8,332993	4,434052	-0,106049
-8,289902	4,448410	-0,088089
-8,301865	4,456787	-0,110840
-8,336578	4,481934	-0,189850
-8,406021	4,438828	-0,188644
-8,406021	4,436447	-0,064148
-8,362915	4,428055	0,062744
-8,261169	4,384964	0,079498
-8,250397	4,371796	-0,034225
-8,171387	4,343063	-0,176682
-8,075623	4,315536	-0,109634
-8,063644	4,331100	-0,034225
-8,151031	4,339478	-0,108444
-8,258774	4,368210	-0,191040
-8,354538	4,393341	-0,131195
-8,433548	4,382568	0,023239
-8,462280	4,393341	0,066330
-8,467072	4,356232	0,066330
-8,422775	4,327499	0,055557
-8,433548	4,323914	0,037598
-8,412003	4,298767	0,043594
-8,414398	4,305954	0,097458
-8,398834	4,265259	0,122589
-8,380875	4,253281	0,078308
-8,370102	4,247299	-0,012680
-8,309052	4,219772	-0,107254
-8,315033	4,234131	-0,216187
-8,319824	4,248489	-0,182663
-8,319824	4,274826	-0,210205
-8,384460	4,302368	-0,188644
-8,446716	4,260468	-0,151535
-8,492203	4,285599	-0,167099
-8,524521	4,315536	-0,116821
-8,554459	4,337082	-0,103653
-8,565231	4,340668	-0,133591
-8,554459	4,321518	-0,236526
-8,493408	4,316727	-0,246109
-8,367706	4,367004	-0,236526
-8,336578	4,375381	-0,199417
-8,239624	4,363419	-0,177872
-8,167786	4,340668	-0,203018
-8,148636	4,297577	-0,232941
-8,134277	4,327499	-0,212585
-8,183350	4,279617	-0,159912
-8,237228	4,286804	-0,044998
-8,232437	4,319122	0,031616
-8,227646	4,340668	0,069931
-8,310242	4,356232	0,084290
-8,350952	4,375381	0,048370
-8,340179	4,378983	0,018448
-8,312637	4,390945	0,035202
-8,277924	4,416092	0,047180
-8,231232	4,410110	0,034012
-8,248001	4,417282	0,039993
-8,219269	4,347855	-0,028244
-8,213287	4,383774	-0,103653
-8,191727	4,437637	-0,103653
-8,204895	4,462784	-0,043808
-8,252792	4,472351	-0,031830
-8,271942	4,455597	-0,074921
-8,300674	4,480728	-0,040207
-8,329407	4,468765	0,000488
-8,329407	4,437637	0,037598
-8,293488	4,449615	0,000488
-8,289902	4,417282	-0,060562
-8,328201	4,449615	-0,089294
-8,343765	4,465164	0,006485
-8,371292	4,484329	-0,007889
-8,403625	4,466370	-0,041412
-8,348557	4,459183	0,018448
-8,336578	4,481934	0,084290
-8,301865	4,436447	0,022034
-8,258774	4,425659	-0,055771
-8,214478	4,462784	-0,114426
-8,198914	4,454391	-0,141968
-8,264755	4,513062	-0,191040
-8,329407	4,489105	-0,332306
-8,315033	4,508270	-0,317932
-8,353348	4,542984	-0,222168
-8,389252	4,552551	-0,168304
-8,431152	4,537003	-0,134781
-8,414398	4,541779	-0,137177
-8,380875	4,547775	-0,121613
-8,265961	4,578888	-0,159912
-8,219269	4,545380	-0,278427
-8,212082	4,558548	-0,356247
-8,255173	4,626785	-0,368210
-8,258774	4,626785	-0,459198
-8,242020	4,589676	-0,381378
-8,243210	4,601639	-0,229355
-8,239624	4,563339	-0,173080
-8,213287	4,517838	-0,187454
-8,201309	4,502274	-0,241318
-8,225250	4,502274	-0,149139
-8,286301	4,448410	-0,016266
-8,343765	4,402924	-0,019852
-8,373688	4,408905	-0,036621
-8,382080	4,411301	0,043594
-8,391647	4,404114	0,114212
-8,397629	4,333496	0,063934
-8,398834	4,340668	0,057953
-8,407211	4,389755	0,018448
-8,368912	4,373001	-0,039017
-8,356934	4,355042	-0,132385
-8,332993	4,331100	-0,114426
-8,312637	4,268845	-0,034225
-8,287506	4,266449	0,038803
-8,245605	4,261658	0,055557
-8,242020	4,256882	0,067535
-8,249191	4,237717	0,093872
-8,329407	4,236526	0,107040
-8,355743	4,236526	0,199203
-8,342575	4,247299	0,218369
-8,310242	4,249695	0,236328
-8,325806	4,258072	0,310547
-8,319824	4,274826	0,286606
-8,331787	4,267654	0,205200
-8,349747	4,267654	0,113022
-8,318634	4,255676	0,048370
-8,300674	4,258072	0,045975
-8,355743	4,337082	0,016052
-8,373688	4,321518	-0,047394
-8,388062	4,316727	-0,017471
-8,388062	4,357437	-0,040207
-8,331787	4,393341	-0,120422
-8,321014	4,393341	-0,170700
-8,299469	4,407715	-0,244919
-8,293488	4,383774	-0,237732
-8,289902	4,425659	-0,243713
-8,316238	4,428055	-0,250900
-8,350952	4,465164	-0,205414
-8,312637	4,429260	-0,139572
-8,256378	4,376587	-0,049789
-8,228851	4,378983	-0,012680
-8,221664	4,376587	0,081894
-8,220459	4,383774	0,047180
-8,177368	4,398132	0,018448
-8,163010	4,405319	0,025635
-8,201309	4,446014	-0,006683
-8,243210	4,463974	-0,101257
-8,332993	4,461578	-0,205414
-8,425171	4,491501	-0,323929
-8,419189	4,492706	-0,377792
-8,385666	4,499893	-0,375397
-8,407211	4,487915	-0,284424
-8,458694	4,478333	-0,236526
-8,498184	4,485519	-0,191040
-8,452698	4,478333	-0,104858
-8,409607	4,460388	0,011261
-8,352142	4,438828	0,066330
-8,267151	4,396942	0,043594
-8,207291	4,430450	0,025635
-8,160614	4,451996	0,006485
-8,230042	4,491501	-0,033020
-8,243210	4,471161	-0,101257
-8,274338	4,462784	0,005280
-8,328201	4,456787	0,078308
-8,324615	4,453201	0,023239
-8,371292	4,447220	-0,022247
-8,364120	4,422073	0,026825
-8,350952	4,437637	0,068726
-8,370102	4,424469	0,089081
-8,331787	4,369400	0,093872
-8,297073	4,393341	0,032806
-8,270737	4,392151	-0,049789
-8,280319	4,388550	-0,077316
-8,274338	4,334686	-0,047394
-8,255173	4,331100	-0,042603
-8,316238	4,370605	-0,033020
-8,310242	4,368210	-0,080917
-8,224060	4,357437	-0,118027
-8,203705	4,343063	-0,047394
-8,271942	4,357437	-0,070129
-8,304260	4,357437	-0,139572
-8,356934	4,370605	-0,188644
-8,409607	4,361023	-0,219772
-8,459885	4,359833	-0,203018
-8,499390	4,343063	-0,129990
-8,516144	4,316727	-0,120422
-8,500580	4,345459	-0,214981
-8,432358	4,344269	-0,252090
-8,415588	4,375381	-0,234146
-8,440735	4,353836	-0,177872
-8,423965	4,361023	-0,214981
-8,408401	4,392151	-0,205414
-8,335388	4,398132	-0,171890
-8,244400	4,359833	-0,120422
-8,226456	4,373001	-0,168304
-8,215683	4,382568	-0,234146
-8,197723	4,390945	-0,364624
-8,168991	4,408905	-0,295197
-8,163010	4,406509	-0,235336
-8,159409	4,401718	-0,138367
-8,179764	4,364609	-0,004303
-8,231232	4,382568	0,042389
-8,317429	4,413696	0,020844
-8,331787	4,371796	0,081894
-8,336578	4,359833	0,150131
-8,335388	4,337082	0,158508
-8,340179	4,357437	0,079498
-8,429962	4,386169	0,022034
-8,392853	4,363419	0,038803
-8,323410	4,367004	0,055557
-8,366516	4,344269	0,060349
-8,434738	4,370605	-0,005493
-8,419189	4,334686	0,050766
-8,352142	4,345459	0,128586
-8,322220	4,317932	0,134567
-8,265961	4,277222	0,022034
-8,245605	4,270050	-0,024643
-8,201309	4,307159	0,007675
-8,197723	4,297577	-0,053375
-8,177368	4,304764	-0,135971
-8,210892	4,287994	-0,162308
-8,238419	4,289200	-0,126404
-8,298279	4,314331	-0,147949
-8,322220	4,309540	-0,186249
-8,378479	4,315536	-0,211395
-8,437134	4,412491	-0,264069
-8,437134	4,416092	-0,259277
-8,451508	4,380173	-0,214981
-8,409607	4,386169	-0,147949
-8,467072	4,412491	-0,214981
-8,486221	4,411301	-0,299988
-8,493408	4,441223	-0,174286
-8,419189	4,408905	-0,074921
-8,398834	4,417282	-0,103653
-8,409607	4,448410	-0,145554
-8,434738	4,461578	-0,140762
-8,407211	4,393341	-0,021057
-8,340179	4,384964	0,060349
-8,310242	4,413696	0,054367
-8,246796	4,377777	0,038803
-8,210892	4,349045	-0,037811
-8,207291	4,339478	-0,086899
-8,221664	4,344269	-0,104858
-8,275528	4,347855	-0,115631
-8,319824	4,376587	-0,077316
-8,380875	4,432846	0,004089
-8,451508	4,429260	0,050766
-8,495804	4,412491	-0,011475
-8,463470	4,363419	0,005280
-8,379684	4,346664	-0,054581
-8,329407	4,344269	-0,070129
-8,324615	4,347855	-0,064148
-8,364120	4,373001	0,004089
-8,338974	4,381378	0,115417
-8,334183	4,335876	0,086685
-8,336578	4,307159	0,060349
-8,328201	4,305954	0,075912
-8,299469	4,321518	0,054367
-8,250397	4,334686	0,011261
-8,200119	4,352646	-0,073730
-8,194122	4,321518	-0,192245
-8,194122	4,346664	-0,307159
-8,201309	4,343063	-0,295197
-8,275528	4,345459	-0,232941
-8,318634	4,362213	-0,159912
-8,327011	4,362213	-0,152740
-8,330597	4,345459	-0,206604
-8,348557	4,337082	-0,237732
-8,323410	4,367004	-0,167099
-8,287506	4,329895	-0,161118
-8,298279	4,315536	-0,175476
-8,263565	4,317932	-0,141968
-8,267151	4,335876	-0,096466
-8,307846	4,344269	-0,092880
-8,382080	4,388550	-0,106049
-8,451508	4,384964	-0,162308
-8,479034	4,432846	-0,169495
-8,474243	4,478333	-0,155136
-8,446716	4,471161	-0,236526
-8,443130	4,444824	-0,223358
-8,413193	4,455597	-0,205414
-8,313843	4,437637	-0,128799
-8,301865	4,414886	-0,086899
-8,277924	4,418488	-0,067749
-8,240814	4,429260	-0,067749
-8,215683	4,456787	-0,094086
-8,185745	4,465164	-0,113235
-8,202515	4,429260	-0,079712
-8,232437	4,431656	-0,102463
-8,309052	4,428055	-0,169495
-8,348557	4,432846	-0,156326
-8,365311	4,387360	-0,003098
-8,378479	4,362213	0,060349
-8,398834	4,341873	-0,005493
-8,395248	4,353836	-0,042603
-8,404816	4,302368	-0,000702
-8,396439	4,302368	0,034012
-8,401230	4,313141	0,057953
-8,379684	4,311935	0,019653
-8,327011	4,313141	0,029221
-8,267151	4,313141	0,013657
-8,262360	4,332291	-0,084503
-8,304260	4,353836	-0,118027
-8,289902	4,347855	-0,109634
-8,280319	4,337082	-0,070129
-8,257568	4,380173	-0,091690
-8,276733	4,370605	-0,103653
-8,279129	4,344269	-0,107254
-8,291092	4,338272	-0,048584
-8,329407	4,383774	-0,074921
-8,354538	4,390945	-0,135971
-8,358124	4,369400	-0,152740
-8,362915	4,322708	-0,164703
-8,337784	4,340668	-0,116821
-8,366516	4,332291	-0,192245
-8,331787	4,340668	-0,247314
-8,323410	4,346664	-0,266464
-8,306656	4,383774	-0,180267
-8,289902	4,333496	-0,088089
-8,300674	4,297577	-0,028244
-8,311447	4,331100	-0,050980
-8,282715	4,315536	-0,066544
-8,324615	4,286804	-0,138367
-8,353348	4,284409	-0,174286
-8,394043	4,278427	-0,103653
-8,376083	4,276031	-0,028244
-8,414398	4,258072	-0,072525
-8,467072	4,250885	-0,157532
-8,452698	4,254486	-0,129990
-8,470657	4,222153	-0,114426
-8,531708	4,206604	-0,084503
-8,548477	4,207794	-0,050980
-8,519745	4,191040	0,018448
-8,530518	4,175476	-0,067749
-8,486221	4,183853	-0,125198
-8,402420	4,135971	-0,048584
-8,407211	4,137161	0,045975
-8,426361	4,139557	0,012466
-8,428757	4,115616	0,014862
-8,408401	4,110825	0,091476
-8,404816	4,098862	0,101044
-8,352142	4,123993	0,069931
-8,277924	4,120407	-0,030640
-8,340179	4,158707	-0,150345
-8,395248	4,152725	-0,235336
-8,462280	4,156311	-0,349060
-8,536499	4,181458	-0,331100
-8,590363	4,131180	-0,228149
-8,643036	4,139557	-0,170700
-8,689728	4,122803	-0,267654
-8,749588	4,149139	-0,388565
-8,802261	4,123993	-0,515457
-8,792679	4,088089	-0,614822
-8,847748	4,079697	-0,654327
-8,845352	4,095261	-0,548981
-8,832184	4,103653	-0,419693
-8,820206	4,060547	-0,392151
-8,807037	3,988724	-0,477158
-8,797470	4,013870	-0,456802
-8,756760	4,017456	-0,352646
-8,750778	3,993515	-0,247314
-8,750778	3,975555	-0,217377
-8,743591	4,000702	-0,143158
-8,736420	4,001892	-0,097672
-8,711273	3,962387	-0,004303
-8,707687	3,954010	0,068726
-8,738815	3,994705	-0,113235
-8,925552	3,975555	-0,295197
-8,671768	3,852249	0,180054
-8,712479	4,011475	0,135757
-8,712479	3,997101	-0,189850
-8,663391	3,977951	-0,322723
-8,647827	4,036606	-0,249695
-8,607132	4,059357	-0,173080
-8,627472	4,109634	-0,211395
-8,644241	4,144348	-0,236526
-8,574799	4,198212	-0,243713
-8,523331	4,199417	-0,315536
-8,542480	4,188644	-0,387375
-8,513748	4,249695	-0,339478
-8,496994	4,289200	-0,219772
-8,480240	4,252090	-0,157532
-8,473053	4,283218	-0,205414
-8,414398	4,315536	-0,113235
-8,310242	4,326309	0,067535
-8,183350	4,364609	0,089081
-8,069626	4,375381	0,032806
-7,916397	4,426865	-0,010284
-7,873306	4,493896	-0,080917
-7,837387	4,556152	-0,141968
-7,834991	4,601639	0,005280
-7,809860	4,632767	0,108231
-7,781128	4,692627	0,154922
-7,808655	4,739304	0,135757
-7,705704	4,774017	0,170486
-7,623108	4,787186	0,245895
-7,542908	4,854233	0,330887
-7,466293	4,991898	0,341660
-7,383698	4,996689	0,367996
-7,287918	5,058929	0,419479
-7,217300	5,135544	0,449402
-7,158630	5,196594	0,391937
-7,138290	5,268433	0,387161
-7,102371	5,236099	0,389557
-7,013794	5,098434	0,445816
-7,006607	5,716141	0,423065
-6,797104	5,823883	0,522430
-6,801895	5,585663	0,479340
-6,785141	5,512634	0,397934
-6,671417	5,664673	0,449402
-6,611557	5,790359	0,531998
-6,555298	5,790359	0,557144
-6,533752	5,837051	0,663681
-6,533752	5,908875	0,785797
-6,538544	5,986679	0,785797
-6,455933	6,026184	0,821701
-6,354187	6,071686	0,709183
-6,254822	6,093231	0,549957
-6,151871	6,111191	0,503281
-6,033356	6,109985	0,510452
-5,928009	6,080063	0,551163
-5,840622	6,081253	0,579895
-5,811905	6,115967	0,584671
-5,822678	6,102798	0,627777
-5,827454	6,115967	0,640945
-5,880127	6,151886	0,643341
-5,950760	6,221313	0,576294
-5,998642	6,266800	0,579895
-5,980682	6,342224	0,681641
-5,981888	6,475098	0,710373
-5,934006	6,552917	0,656509
-5,892105	6,617554	0,545166
-5,860977	6,760010	0,589462
-5,797531	6,879730	0,570312
-5,752045	6,969513	0,426666
-5,603607	7,062881	0,299774
-5,477905	7,140686	0,273438
-5,420441	7,219696	0,237518
-5,388123	7,291519	0,153717
-5,343826	7,357361	0,093872
-5,327072	7,462708	0,212372
-5,304321	7,533340	0,339279
-5,242081	7,594391	0,333282
-5,141525	7,653046	0,212372
-4,993088	7,691360	0,080704
-4,915268	7,776352	0,018448
-4,821899	7,842194	0,011261
-4,751266	7,906830	0,047180
-4,698593	7,982254	0,184845
-4,587265	7,971481	0,226746
-4,451996	7,953522	0,218369
-4,387344	7,977463	0,157318
-4,353836	8,010986	0,162094
-4,256866	8,009781	0,271042
-4,181442	8,039719	0,391937
-4,123978	8,043304	0,430252
-4,134766	8,104355	0,388351
-4,125183	8,176178	0,388351
-4,151520	8,215683	0,312943
-4,149124	8,258789	0,164490
-4,115601	8,304276	0,066330
-4,037796	8,342575	0,010071
-3,939636	8,362930	-0,054581
-3,847458	8,383286	-0,098862
-3,738525	8,364120	-0,024643
-3,620010	8,315048	-0,048584
-3,581696	8,299484	0,043594
-3,600845	8,317444	0,253082
-3,563736	8,301880	0,517639
-3,518250	8,277939	0,681641
-3,496704	8,257584	0,745087
-3,525436	8,301880	0,766632
-3,573318	8,303070	0,795364
-3,502686	8,322235	0,834869
-3,390167	8,309067	0,883957
-3,306366	8,342575	0,869583
-3,239334	8,398849	0,765442
-3,186661	8,422791	0,783401
-3,120819	8,425186	0,855225
-3,008286	8,434753	0,973740
-2,912521	8,451523	1,037186
-2,840698	8,492218	1,123367
-2,738937	8,552078	1,190414
-2,710205	8,638260	1,243088
-2,668304	8,653824	1,205978
-2,488739	8,702911	0,984512
-2,403748	8,730438	0,802551
-2,282837	8,732834	0,675659
-2,179886	8,801071	0,779800
-2,078140	8,786697	0,894730
-2,060181	8,751984	0,979721
-1,972794	8,735229	1,069504
-1,990753	8,743607	1,172455
-1,985962	8,811844	1,355606
-1,917725	8,784317	1,610596
-1,833939	8,738815	1,829666
-1,813583	8,804657	1,980499
-1,796814	8,866913	2,022400
-1,809982	8,868103	2,100204
-1,696259	8,877686	2,251038
-1,470016	8,941132	2,334839
-1,237778	8,980637	2,209137
-1,033066	8,930359	1,982895
-0,901382	8,969864	1,876343
-0,767319	9,006973	1,781784
-0,679932	8,990219	1,805725
-0,673935	8,978241	1,828461
-0,703873	8,980637	1,793747
-0,718231	8,981827	1,864380
-0,672745	9,056046	2,014023
-0,712250	9,045273	2,059509
-0,689499	8,948318	2,014023
-0,670349	8,915985	1,998459
-0,676331	8,974655	2,108582
-0,734985	9,009369	2,331253
-0,721817	8,951904	2,515594
-0,620071	8,956696	2,717911
-0,495575	8,993805	2,841217
-0,332764	8,972260	2,921417
-0,142426	8,898041	2,958527
0,063477	8,877686	3,012405
0,171219	8,895645	3,014786
0,209518	8,851349	3,007614
0,211914	8,848953	3,150070
0,202332	8,882477	3,230270
0,183182	8,896835	3,189575
0,196350	8,886063	3,081833
0,213104	8,905212	3,035141
0,233459	8,899231	3,011200
0,223892	8,929153	2,846008
0,235855	9,005768	2,741852
0,360352	9,005768	2,690384
0,536331	8,984222	2,769394
0,718292	8,917191	2,878326
0,776947	8,907608	2,940567
0,782928	8,927963	3,079437
0,832016	8,929153	3,223083
0,901443	8,908813	3,334412
0,927780	8,893250	3,294907
0,933762	8,865707	3,123734
0,918198	8,866913	3,043518
0,869125	8,935150	3,010010
0,839188	8,911209	2,879517
0,897858	8,852539	2,837616
1,013977	8,801071	2,921417
1,143265	8,751984	3,136902
1,242615	8,719666	3,360748
1,444931	8,616714	3,571442
1,552673	8,570023	3,770157
1,590973	8,578415	3,940155
1,608932	8,548477	4,038315
1,672379	8,526932	4,037109
1,807648	8,485031	3,968887
1,934540	8,469467	3,765381
1,980026	8,451523	3,567856
1,958481	8,463486	3,597778
1,893845	8,482635	3,619324
1,856735	8,451523	3,570251
1,891449	8,410812	3,630096
1,966858	8,379684	3,807266
2,117706	8,323425	3,967682
2,255371	8,358139	3,984451
2,328384	8,392853	3,761780
2,406204	8,390457	3,555878
2,451691	8,410812	3,494827
2,486404	8,397644	3,565460
2,487610	8,328217	3,651657
2,415771	8,263565	3,736649
2,337967	8,257584	3,898254
2,302048	8,224060	4,035919
2,290085	8,152237	4,161621
2,316422	8,095978	4,311249
2,255371	8,067245	4,439346
2,221848	8,030136	4,585388
2,249374	7,949936	4,638062
2,315216	7,928391	4,594971
2,425354	7,927185	4,645248
2,640839	7,891266	4,785309
2,832367	7,878098	4,646439
2,950882	7,886490	4,257385
3,019119	7,918808	4,017960
3,124466	7,925995	4,021561
3,252548	7,862549	4,040710
3,332764	7,836212	3,984451
3,326767	7,886490	3,959305
3,241776	7,911621	4,056274
3,167557	7,857758	4,269348
3,120865	7,809875	4,308853
3,120865	7,787125	4,241821
3,268112	7,686569	4,308853
3,490768	7,620728	4,520752
3,802017	7,609955	4,784103
4,034256	7,630310	4,907410
4,192276	7,632706	4,855927
4,261703	7,566864	4,820023
4,277267	7,466309	5,036697
4,150375	7,442368	5,285690
4,036652	7,378922	5,443710
3,994751	7,284348	5,690308
4,070175	7,252014	5,899811
4,097702	7,220901	6,061417
4,109680	7,213715	6,200272
4,060593	7,226883	6,176331
3,945679	7,226883	6,142822
3,927719	7,234070	6,100922
4,146790	7,217300	6,013535
4,454437	7,146683	5,746582
4,753708	7,025772	5,373077
5,001511	6,890503	5,156403
5,124817	6,854584	5,118103
5,170303	6,842606	5,243790
5,169113	6,783951	5,464066
5,007507	6,743256	5,788467
4,758499	6,688187	6,121262
4,492752	6,631927	6,376251
4,215027	6,566086	6,472015
3,992355	6,493057	6,551025
3,815186	6,430817	6,628845
3,714630	6,342224	6,729401
3,667938	6,284760	6,888611
3,632034	6,193787	7,032257
3,582947	6,032181	7,138809
3,603302	5,923233	7,417725
3,634430	5,850220	7,702637
3,733780	5,767609	7,806793
3,866669	5,651505	7,709824
3,985168	5,609604	7,523071
4,083344	5,622772	7,288437
4,183899	5,598831	6,997543
4,180298	5,550934	6,765305
4,329941	5,528198	6,390610
4,570557	5,525803	5,771713
4,792023	5,476715	5,140839
4,963211	5,333069	4,863113
5,056580	5,154694	5,039093
5,094894	5,006256	5,552643
5,049393	4,841064	6,169159
4,930893	4,654312	6,847916
4,818359	4,502274	7,816360
4,746536	4,384964	8,915298
4,782440	4,250885	9,787994
4,823151	4,168289	10,263245
4,782440	4,181458	10,473923
4,759705	4,198212	10,528992
4,736954	4,290390	10,428436
4,705826	4,390945	10,258453
4,665131	4,405319	10,076492
4,566971	4,400528	9,859818
4,470001	4,489105	9,562927
4,253326	4,604034	9,157120
4,170731	4,639954	8,837494
4,085739	4,656708	8,668701
4,067780	4,657898	8,477158
4,137207	4,611221	8,163528
4,206635	4,540588	7,940857
4,210236	4,520233	7,857071
4,197067	4,471161	7,864243
4,247345	4,368210	7,944458
4,273682	4,308350	7,915726
4,203049	4,278427	7,796005
4,024673	4,273636	7,752914
3,804413	4,237717	7,576950
3,627243	4,152725	7,371048
3,444092	4,052170	7,491943
3,258530	3,992310	7,688278
3,064606	3,954010	7,914520
2,941299	3,896545	8,147964
2,959259	3,725357	8,418503
3,093338	3,584106	8,893753
3,221420	3,519455	9,369003
3,265717	3,405731	9,443222
3,298035	3,326721	9,340271
3,396210	3,264481	9,331894
3,404587	3,210602	9,465973
3,324371	3,205826	9,566528
3,198685	3,186661	9,476746
3,092133	3,153152	9,184647
3,102905	3,071747	8,938049
3,154388	3,051392	8,853058
3,205856	2,975983	8,861435
3,173538	2,882599	8,802780
2,955673	2,839508	8,571732
2,621674	2,869431	8,285629
2,201492	2,841904	7,974380
1,774124	2,810776	7,706238
1,476059	2,737747	7,659546
1,442535	2,609665	7,781647
1,380280	2,492355	8,065353
1,250992	2,400177	8,396957
1,198318	2,274475	8,643555
1,213882	2,163147	8,610046
1,212692	2,064987	8,693832
1,266556	1,936890	9,032623
1,454498	1,836334	9,409698
1,471268	1,813599	9,658707
1,398239	1,692688	9,755661
1,462891	1,574173	9,835876
1,500000	1,538254	10,047760
1,528732	1,529877	10,307526
1,452118	1,455658	10,592438
1,310852	1,382629	10,818695
1,088196	1,413757	11,016220
0,846375	1,466431	11,286758
0,623718	1,532272	11,317886
0,377121	1,562195	11,036560
0,201141	1,578964	10,664261
0,104172	1,640015	10,500259
0,053894	1,653183	10,533783
0,007217	1,583755	10,556534
0,009598	1,499954	10,521805
0,071854	1,420944	10,548141
0,272964	1,386230	10,732498
0,498016	1,322784	11,004242
0,662018	1,228210	11,219727
0,712296	1,203064	11,310699
0,669205	1,247360	11,284363
0,536331	1,260529	11,219727
0,420212	1,201874	11,158676
0,325638	1,206665	11,185013
0,154449	1,283279	11,150284
0,017990	1,344330	10,940796
-0,157990	1,368271	10,751648
-0,219040	1,361084	10,544556
-0,269318	1,422134	10,320694
-0,286087	1,438904	10,242889
-0,205872	1,344330	10,266830
-0,022720	1,332352	10,339859
0,162827	1,319183	10,372177
0,257401	1,304825	10,234512
0,385498	1,319183	10,120789
0,533936	1,307220	10,041779
0,745819	1,283279	9,826294
0,822433	1,244965	9,669479
0,845184	1,320389	9,671875
0,888275	1,386230	9,538986
0,926590	1,327576	9,340271
0,936157	1,290466	9,129578
0,909821	1,241379	8,945236
0,861938	1,197083	8,935654
0,835602	1,170746	9,158310
0,884689	1,112091	9,464767
0,869125	1,072586	9,676651
0,706314	1,088150	9,871780
0,530350	1,096527	9,943619
0,462112	1,063004	9,815521
0,403458	1,054626	9,655106
0,324448	1,142014	9,732925
0,276550	1,140823	9,913681
0,253815	1,120468	10,033401
0,294510	1,085754	10,068115
0,349579	1,024704	10,107620
0,465698	0,975616	10,236908
0,548294	0,973221	10,403305
0,562668	0,987595	10,439209
0,567459	0,978012	10,270416
0,583008	1,009140	9,940018
0,526749	1,084564	9,513855
0,587799	1,051041	9,234924
0,653641	1,073776	9,152328
0,654846	1,066605	9,109238
0,624908	1,037872	9,066132
0,578232	1,005554	9,166687
0,524353	0,934921	9,370193
0,463303	0,964844	9,494705
0,367538	0,948090	9,506668
0,189163	0,921753	9,530609
0,033539	0,961258	9,536591
-0,093353	0,895416	9,662292
-0,216644	0,816406	9,774826
-0,257355	0,815216	9,954391
-0,326782	0,809219	9,975937
-0,305237	0,770920	9,979523
-0,219040	0,750565	10,016632
-0,143631	0,706268	9,785599
-0,172348	0,669159	9,538986
-0,199890	0,615295	9,541382
-0,169968	0,611710	9,665878
-0,169968	0,550644	9,862213
-0,142426	0,507553	10,056137
-0,094543	0,501572	10,127960
-0,069397	0,474030	10,131561
-0,098129	0,520721	10,092056
-0,131653	0,567413	9,981918
-0,147217	0,545868	9,792770
-0,150803	0,599731	9,676651
-0,185516	0,657196	9,674271
-0,208267	0,620087	9,685043
-0,239395	0,648819	9,737717
-0,275299	0,670364	9,852631
-0,222641	0,647614	9,953186
-0,143631	0,642822	10,038177
-0,168762	0,708664	10,115997
-0,241791	0,730209	10,141129
-0,245377	0,706268	10,238098
-0,265732	0,632050	10,410477
-0,258545	0,717041	10,432022
-0,363892	0,760147	10,326691
-0,435715	0,770920	10,296753
-0,408188	0,743378	10,245285
-0,339951	0,764938	10,209366
-0,355515	0,815216	10,238098
-0,377060	0,876266	10,312317
-0,329178	0,828384	10,342239
-0,295654	0,876266	10,338654
-0,263336	0,939713	10,205780
-0,231018	0,979218	10,005859
-0,125671	0,946884	9,839462
-0,002365	0,928940	9,667084
0,124527	0,960052	9,633560
0,164032	0,912170	9,646729
0,232269	0,723038	9,702988
0,220291	0,659592	9,942413
0,098190	0,779297	10,230911
-0,037079	0,841553	10,495468
-0,064621	0,843933	10,700180
-0,101730	0,824783	10,691803
-0,226227	0,840347	10,465546
-0,275299	0,878662	10,380554
-0,226227	0,882248	10,295563
-0,189117	0,968445	10,148315
-0,197495	0,978012	9,937622
-0,242981	0,994781	9,776016
-0,265732	1,010330	9,632370
-0,292068	1,005554	9,519836
-0,270523	1,030685	9,521042
-0,305237	1,069000	9,543777
-0,347137	1,113281	9,561737
-0,311218	1,053436	9,567719
-0,266922	0,931335	9,565323
