4,073976	-6,687830	-12,758101
3,652695	-6,448466	-11,934690
2,427151	-4,926111	-8,650616
2,513322	-5,634629	-9,138918
2,360129	-5,720800	-8,612317
2,235660	-5,787822	-8,641041
2,159063	-5,979313	-8,822957
1,996296	-5,826120	-8,717637
1,852677	-5,816545	-8,478273
1,737783	-6,017611	-8,401677
1,670761	-6,391019	-8,468699
1,527142	-6,563361	-8,487848
1,364375	-6,582510	-8,449550
1,211182	-6,668681	-8,401677
1,086713	-6,611234	-8,152739
1,010116	-6,687830	-7,855927
0,780327	-6,888896	-8,258059
0,569686	-7,176133	-8,114440
0,311173	-7,176133	-7,817628
-0,071809	-7,310177	-8,028269
-1,335651	-8,286782	-8,976151
0,885647	-10,249567	-8,305931
0,033511	-3,193116	-4,389936
-0,339897	-7,013366	-5,184625
-1,115436	-9,521900	-7,147409
-1,402673	-7,894225	-6,458041
-1,201607	-7,281453	-5,806971
-1,670761	-8,363379	-5,950589
-1,833528	-8,679339	-5,175050
-1,919699	-7,913374	-4,964410
-2,187787	-8,162313	-5,088879
-2,494173	-8,478273	-4,859089
-2,599493	-8,334655	-4,380362
-2,800559	-8,191036	-4,303765
-3,135669	-7,875076	-4,093124
-3,260138	-8,277207	-3,863335
-3,413331	-8,200611	-3,576098
-3,681418	-7,922949	-3,566524
-3,892059	-7,942098	-3,394182
-4,073976	-7,875076	-3,164392
-4,236743	-7,817628	-2,934603
-4,428234	-7,520817	-2,446300
-4,667598	-7,683585	-2,484598
-4,945261	-7,463370	-2,245234
-5,184625	-7,319751	-2,216511
-5,356966	-7,224006	-1,747357
-5,452712	-7,061238	-1,565441
-5,692076	-7,176133	-1,661186
-5,864419	-7,118686	-1,383524
-5,960164	-6,994216	-0,981392
-6,113357	-6,793150	-1,067564
-6,352721	-6,649532	-0,799476
-6,477190	-6,142080	-0,272875
-6,563361	-5,912291	-0,014362
-6,716554	-6,055910	-0,368621
-6,850598	-5,481436	-0,014362
-7,061238	-5,002708	0,502664
-6,936769	-5,222923	0,598410
-7,252729	-4,906962	0,770752
-7,415497	-4,399510	1,010116
-7,472944	-4,303765	1,086713
-7,568690	-4,428234	0,990967
-7,712308	-4,150572	1,364375
-7,693159	-3,461204	1,728208
-7,855927	-3,489927	1,680335
-8,085716	-3,413331	1,622888
-8,124015	-3,164392	1,632463
-8,277207	-2,905879	1,661186
-8,229335	-2,666515	1,804805
-8,277207	-2,695239	1,737783
-8,430401	-2,446300	1,833528
-8,535721	-2,111191	1,871827
-8,593168	-2,005870	2,044169
-8,688913	-1,747357	2,187787
-8,708063	-1,517568	2,005870
-8,803808	-1,421822	1,814379
-8,803808	-1,287778	1,938848
-8,669765	-1,182458	1,967572
-8,660190	-1,029265	2,130340
-8,708063	-0,560112	2,226085
-8,631466	-0,521814	1,957998
-8,698488	-0,378195	1,881401
-8,708063	0,014362	1,938848
-8,631466	0,397344	1,967572
-8,554870	0,330322	1,919699
-8,554870	0,387770	2,034594
-8,526146	0,579261	2,044169
-8,583593	0,607985	2,005870
-8,564445	0,895221	2,139914
-8,535721	1,220756	2,206936
-8,554870	1,450546	2,130340
-8,583593	1,450546	2,168638
-8,593168	1,632463	2,245234
-8,564445	1,747357	2,360129
-8,545295	1,680335	2,379278
-8,526146	1,890976	2,618642
-8,545295	2,005870	2,484598
-8,564445	2,072892	2,532471
-8,506997	2,072892	2,494173
-8,478273	1,948423	2,513322
-8,430401	2,015445	2,475024
-8,439975	2,101616	2,446300
-8,468699	2,120765	2,302682
-8,478273	2,092041	2,273958
-8,516571	2,159063	2,293107
-8,526146	2,130340	2,350555
-8,526146	1,986721	2,417577
-8,574018	1,986721	2,398427
-8,621892	2,197362	2,350555
-8,621892	2,216511	2,235660
-8,641041	2,206936	2,321831
-8,650616	2,216511	2,350555
-8,621892	2,101616	2,436726
-8,660190	2,159063	2,522897
-8,650616	2,139914	2,551620
-8,708063	2,178212	2,570770
-8,688913	2,235660	2,551620
-8,650616	2,197362	2,618642
-8,717637	2,197362	2,609068
-8,679339	2,187787	2,618642
-8,583593	2,206936	2,628217
-8,574018	2,168638	2,561195
-8,593168	2,178212	2,570770
-8,574018	2,130340	2,666515
-8,621892	2,111191	2,580344
-8,612317	2,072892	2,513322
-8,660190	2,130340	2,465449
-8,660190	2,139914	2,532471
-8,660190	2,082467	2,532471
-8,708063	2,130340	2,446300
-8,679339	2,111191	2,436726
-8,688913	2,178212	2,503747
-8,641041	2,216511	2,532471
-8,679339	2,254809	2,484598
-8,688913	2,226085	2,494173
-8,631466	2,216511	2,494173
-8,602742	2,187787	2,475024
-8,583593	2,216511	2,647366
-8,554870	2,235660	2,551620
-8,641041	2,168638	2,388853
-8,612317	2,149489	2,465449
-8,602742	2,139914	2,618642
-8,641041	2,053743	2,589919
-8,650616	2,120765	2,561195
-8,669765	2,063318	2,628217
-8,727212	2,111191	2,599493
-8,746361	2,063318	2,609068
-8,736787	2,072892	2,532471
-8,717637	2,063318	2,494173
-8,679339	2,101616	2,494173
-8,708063	2,092041	2,446300
-8,708063	2,092041	2,513322
-8,679339	2,111191	2,446300
-8,717637	2,197362	2,408002
-8,669765	2,101616	2,455875
-8,669765	2,216511	2,532471
-8,660190	2,226085	2,551620
-8,679339	2,245234	2,513322
-8,708063	2,139914	2,436726
-8,708063	2,197362	2,503747
-8,650616	2,159063	2,475024
-8,650616	2,111191	2,417577
-8,669765	2,168638	2,503747
-8,650616	2,159063	2,484598
-8,698488	2,139914	2,427151
-8,727212	2,168638	2,494173
-8,698488	2,168638	2,570770
-8,669765	2,130340	2,494173
-8,660190	2,092041	2,388853
-8,641041	2,130340	2,436726
-8,641041	2,111191	2,475024
-8,631466	2,111191	2,465449
-8,631466	2,092041	2,427151
-8,698488	2,120765	2,360129
-8,679339	2,168638	2,417577
-8,650616	2,130340	2,436726
-8,669765	2,197362	2,475024
-8,650616	2,206936	2,475024
-8,727212	2,245234	2,408002
-8,746361	2,302682	2,417577
-8,688913	2,302682	2,522897
-8,688913	2,206936	2,494173
-8,688913	2,206936	2,532471
-8,641041	2,197362	2,522897
-8,650616	2,111191	2,455875
-8,688913	2,101616	2,408002
-8,669765	2,053743	2,494173
-8,660190	2,044169	2,475024
-8,650616	2,053743	2,455875
-8,612317	2,111191	2,475024
-8,602742	2,139914	2,417577
-8,621892	2,082467	2,446300
-8,593168	2,130340	2,475024
-8,554870	2,187787	2,494173
-8,621892	2,197362	2,446300
-8,602742	2,159063	2,475024
-8,621892	2,101616	2,494173
-8,650616	2,139914	2,475024
-8,593168	2,120765	2,475024
-8,631466	1,957998	2,436726
-8,612317	1,871827	2,427151
-8,574018	1,833528	2,484598
-8,583593	1,747357	2,408002
-8,602742	1,661186	2,312256
-8,621892	1,622888	2,360129
-8,583593	1,507993	2,427151
-8,545295	1,469695	2,446300
-8,641041	1,306927	2,388853
-8,650616	1,287778	2,446300
-8,660190	1,326077	2,503747
-8,698488	1,230331	2,417577
-8,727212	1,172884	2,417577
-8,775084	1,153735	2,522897
-8,775084	0,990967	2,475024
-8,813383	0,971818	2,417577
-8,813383	0,981392	2,417577
-8,822957	0,933520	2,293107
-8,746361	0,703730	2,340980
-8,679339	0,598410	2,321831
-8,727212	0,483515	2,254809
-8,708063	0,416493	2,226085
-8,688913	0,282450	2,254809
-8,727212	0,138831	2,293107
-8,717637	-0,062235	2,197362
-8,688913	-0,301599	2,245234
-8,669765	-0,512239	2,293107
-8,583593	-0,876072	2,302682
-8,468699	-1,086713	2,216511
-8,449550	-1,297353	2,063318
-8,411251	-1,546291	2,111191
-8,296356	-1,661186	2,168638
-8,344230	-1,862252	2,025020
-8,344230	-2,101616	1,910125
-8,258059	-2,245234	1,996296
-8,143164	-2,494173	2,034594
-8,258059	-2,656940	2,101616
-8,334655	-2,723963	2,053743
-8,411251	-2,953752	2,111191
-8,372953	-3,078221	2,044169
-8,248484	-3,279287	2,101616
-8,210186	-3,403756	2,178212
-8,210186	-3,518651	2,092041
-8,056993	-3,662269	1,996296
-7,922949	-3,738866	1,967572
-7,827203	-3,959081	1,967572
-7,779330	-4,016528	1,852677
-7,731458	-4,227169	1,603739
-7,520817	-4,322914	1,507993
-7,176133	-4,428234	1,479270
-6,879322	-4,581427	1,287778
-6,946343	-4,705896	1,067564
-6,869747	-4,945261	0,981392
-6,697405	-5,146326	0,952669
-6,611234	-5,548458	0,990967
-6,582510	-5,816545	1,000542
-6,620809	-6,036760	1,029265
-6,582510	-6,228251	1,038840
-6,391019	-6,534637	0,971818
-6,209103	-6,879322	0,923945
-6,103782	-7,013366	0,943094
-5,969738	-7,137835	0,799476
-5,960164	-7,405922	0,569686
-5,854844	-7,492094	0,435643
-5,558033	-7,760181	0,301599
-5,385690	-7,951673	0,138831
-5,146326	-8,238910	0,000000
-4,811217	-8,143164	-0,052660
-4,734620	-7,894225	-0,244151
-4,476107	-8,286782	-0,655857
-4,265467	-8,545295	-0,904796
-4,179296	-8,593168	-0,943094
-3,949506	-8,851681	-1,134585
-3,758015	-8,842107	-1,192033
-3,633546	-8,889979	-1,440971
-3,355883	-9,196365	-1,699484
-3,183541	-9,081470	-1,948423
-3,030348	-8,957002	-1,881401
-2,858006	-8,813383	-2,178212
-2,685664	-8,985725	-2,503747
-2,494173	-9,052747	-2,752686
-2,302682	-9,043172	-2,637791
-2,072892	-8,880404	-2,867581
-1,833528	-9,024023	-3,279287
-1,699484	-8,688913	-3,681418
-1,507993	-8,851681	-3,997379
-1,297353	-9,138918	-3,920783
-1,182458	-8,746361	-4,437809
-1,000542	-8,813383	-4,696322
-0,828200	-8,861256	-5,002708
-0,569686	-9,024023	-5,203773
-0,416493	-9,253813	-5,050581
-0,311173	-8,995299	-5,146326
-0,330322	-8,612317	-5,826120
-0,301599	-8,813383	-6,266550
-0,129257	-8,957002	-5,672927
0,129257	-8,487848	-5,529309
0,301599	-8,372953	-5,806971
0,234577	-8,229335	-6,745278
0,301599	-8,334655	-6,793150
0,454792	-8,353804	-6,400594
0,789901	-8,037844	-5,902717
0,828200	-7,626137	-6,075058
0,742028	-7,252729	-6,908045
0,770752	-6,754852	-7,434646
1,057989	-6,927195	-7,032515
1,373949	-6,955918	-6,620809
1,507993	-6,668681	-6,726129
1,498419	-6,362296	-7,989971
1,852677	-6,726129	-8,076141
1,957998	-6,659107	-7,884651
2,111191	-6,276124	-7,951673
2,159063	-6,209103	-7,913374
2,149489	-6,180379	-7,884651
2,139914	-5,826120	-8,612317
2,331405	-5,969738	-8,631466
2,312256	-5,893142	-8,305931
2,312256	-5,337818	-8,056993
2,283533	-5,242072	-8,392102
2,187787	-5,318668	-9,196365
2,273958	-5,567607	-9,454879
2,551620	-5,356966	-9,100619
2,551620	-5,175050	-8,746361
2,723963	-4,792068	-8,727212
2,733537	-4,418660	-8,899554
2,723963	-3,987804	-9,119769
2,848432	-4,073976	-8,928278
2,790984	-3,825037	-9,158067
2,877155	-3,719717	-9,263388
2,925028	-3,633546	-9,234664
2,944177	-3,499502	-9,215514
2,915454	-3,413331	-9,186790
2,963326	-3,308011	-9,119769
2,972901	-3,240989	-9,215514
3,059072	-3,317585	-9,244238
3,068647	-3,288862	-9,167642
3,097370	-3,327160	-9,205940
3,087796	-3,298436	-9,244238
3,164392	-3,260138	-9,272962
3,154818	-3,164392	-9,426155
3,221840	-3,384607	-9,330409
3,221840	-3,240989	-9,282537
3,221840	-3,011199	-9,225089
3,212265	-2,838857	-9,110194
3,231414	-2,886730	-9,205940
3,250563	-2,800559	-9,454879
3,288862	-2,934603	-9,378282
3,279287	-2,867581	-9,186790
3,260138	-2,723963	-9,129343
3,269712	-2,963326	-9,215514
3,365458	-3,087796	-9,292110
3,365458	-2,905879	-9,330409
3,346309	-3,059072	-9,282537
3,375033	-3,202690	-9,138918
3,413331	-3,298436	-9,043172
3,384607	-3,537800	-9,014449
3,365458	-3,346309	-9,167642
3,375033	-3,116519	-9,378282
3,384607	-2,992050	-9,234664
3,336734	-2,886730	-8,957002
3,346309	-2,982476	-8,775084
3,403756	-3,078221	-8,765511
3,442055	-3,001625	-8,918703
3,422905	-3,011199	-9,091045
3,422905	-3,078221	-9,148493
3,432480	-3,164392	-9,119769
3,451629	-3,106945	-9,100619
3,432480	-3,116519	-9,062322
3,422905	-3,126094	-9,024023
3,394182	-2,992050	-9,052747
