0,264587	0,861893	9,264862
0,316055	0,830765	9,418091
0,395065	0,744583	9,403717
0,417816	0,799652	9,407318
0,359161	0,879852	9,486313
0,335220	0,872665	9,510254
0,317261	0,854721	9,410904
0,268173	0,878662	9,355835
0,221497	0,889435	9,402527
0,202332	0,809219	9,491104
0,270569	0,794861	9,612015
0,328033	0,834366	9,681442
0,387894	0,800842	9,759262
0,410629	0,764938	9,845444
0,350784	0,739792	9,797562
0,312469	0,735001	9,746094
0,290924	0,761337	9,744888
0,314865	0,701492	9,741302
0,317261	0,690704	9,755661
0,277756	0,707474	9,754471
0,195160	0,714661	9,647934
0,094604	0,774506	9,415695
0,138885	0,774506	9,463577
0,241837	0,754150	9,750885
0,347183	0,740997	9,880173
0,323242	0,726624	9,762848
0,278946	0,733810	9,764053
0,294510	0,733810	9,823898
0,266983	0,679932	9,852631
0,240646	0,730209	9,882553
0,288528	0,791275	9,908890
0,328033	0,782883	9,908890
0,433380	0,740997	9,967560
0,430984	0,775711	9,925659
0,442947	0,823593	9,834671
0,459717	0,830765	9,669479
0,518372	0,794861	9,656311
0,579422	0,822388	9,677856
0,597382	0,893021	9,517441
0,602173	0,920547	9,431259
0,648849	0,866684	9,462372
0,616531	0,818802	9,518646
0,642868	0,839157	9,534210
0,676392	0,897812	9,679047
0,757797	0,819992	9,689819
0,695541	0,800842	9,649124
0,597382	0,839157	9,550964
0,538727	0,823593	9,558151
0,547104	0,831970	9,643143
0,506393	0,819992	9,669479
0,482452	0,797256	9,728134
0,495621	0,761337	9,840668
0,492035	0,770920	9,867004
0,444153	0,776901	9,882553
0,469284	0,754150	9,876572
0,478867	0,746979	9,768829
0,544708	0,705078	9,689819
0,587799	0,709869	9,651520
0,573441	0,724228	9,567719
0,543518	0,691910	9,406113
0,524353	0,699097	9,509064
0,584213	0,705078	9,726944
0,638077	0,712265	9,850235
0,663223	0,658386	9,847839
0,652451	0,691910	9,746094
0,677582	0,642822	9,675461
0,732651	0,661987	9,731720
0,733856	0,736206	9,744888
0,706314	0,743378	9,706589
0,736252	0,699097	9,644333
0,797302	0,628464	9,559341
0,790115	0,661987	9,527023
0,720688	0,681137	9,440826
0,683578	0,678741	9,358231
0,600967	0,671555	9,404922
0,603363	0,661987	9,518646
0,658432	0,632050	9,592865
0,700333	0,605713	9,612015
0,705124	0,675156	9,723343
0,744629	0,673950	9,766434
0,787720	0,627258	9,629974
0,832016	0,592545	9,606033
0,867920	0,622482	9,583282
0,857147	0,634445	9,522232
0,859543	0,610504	9,529419
0,805679	0,566208	9,566528
0,720688	0,535095	9,600037
0,675186	0,561432	9,589264
0,646469	0,561432	9,614410
0,624908	0,530304	9,792770
0,677582	0,502762	9,925659
0,711105	0,532700	9,919662
0,702728	0,554245	9,905304
0,723083	0,526703	9,900513
0,726669	0,488403	9,948395
0,797302	0,439316	10,010651
0,766174	0,460861	10,071701
0,714691	0,450089	10,058533
0,715897	0,439316	9,925659
0,737442	0,429749	9,859818
0,782928	0,438126	9,925659
0,775742	0,457275	9,951996
0,749405	0,480026	9,901718
0,742233	0,459671	9,948395
0,702728	0,439316	9,984314
0,708710	0,445312	10,011841
0,706314	0,464462	10,044174
0,732651	0,446503	10,039383
0,727859	0,494385	10,005859
0,736252	0,532700	9,989105
0,758987	0,539871	10,021423
0,718292	0,526703	10,040573
0,725464	0,576981	10,007065
0,841583	0,527908	10,023819
0,893066	0,556641	10,022614
0,985245	0,623672	10,057343
1,079819	0,617691	10,066910
1,097763	0,580582	9,968750
1,054672	0,600922	9,875381
0,979263	0,661987	9,816727
0,903839	0,696701	9,847839
0,907425	0,697891	9,887344
0,876312	0,693100	9,840668
0,912216	0,764938	9,767639
0,985245	0,788879	9,889740
0,973267	0,770920	10,046570
0,987640	0,799652	10,001068
1,034317	0,797256	9,947205
1,058258	0,804443	9,938828
1,108536	0,816406	9,956787
1,152832	0,797256	9,930450
1,150436	0,811615	9,823898
1,146851	0,883438	9,787994
1,137268	0,908585	9,722153
1,128891	0,883438	9,664688
1,108536	0,882248	9,669479
1,088196	0,899002	9,753265
1,121704	0,950485	9,953186
1,215088	1,007950	10,133957
1,313248	1,036667	10,028610
1,401825	1,042664	9,931641
1,467667	1,057022	9,816727
1,484436	1,104904	9,722153
1,403030	1,149200	9,719757
1,350357	1,118073	9,697006
1,383881	1,128845	9,784393
1,443726	1,152786	9,884949
1,489227	1,148010	10,029800
1,482040	1,118073	10,153107
1,369507	1,133636	10,283585
1,351547	1,180328	10,439209
1,377884	1,185120	10,663071
1,381485	1,192291	10,828262
1,429367	1,181519	10,858200
1,519150	1,152786	10,855804
1,634064	1,247360	10,783981
1,649628	1,278488	10,731308
1,635269	1,304825	10,690598
1,731033	1,291656	10,569702
1,769348	1,316788	10,412872
1,738220	1,392212	10,113602
1,693924	1,459244	9,996277
1,646042	1,497559	10,044174
1,697510	1,531082	10,036987
1,691528	1,574173	9,957977
1,672379	1,640015	9,913681
1,713074	1,659164	9,898117
1,843567	1,654373	9,917282
2,012360	1,716629	9,954391
2,116501	1,732193	9,831085
2,134460	1,741760	9,692215
2,130859	1,793243	9,623993
2,078201	1,904572	9,607224
2,106918	1,914154	9,594055
2,102142	1,898590	9,566528
2,054245	1,990768	9,562927
2,019531	2,057800	9,540192
2,122482	2,038651	9,585678
2,272125	2,013504	9,464767
2,367889	2,015900	9,388153
2,336761	2,084137	9,382172
2,291275	2,155960	9,333084
2,261353	2,108078	9,203796
2,264938	2,120056	9,117615
2,238602	2,122452	9,114014
2,236206	2,171524	9,115219
2,194321	2,233780	9,079300
2,181152	2,243347	9,019455
2,152420	2,275681	8,904526
2,136856	2,321167	8,838684
2,165588	2,347504	8,823120
2,124878	2,397781	8,824326
2,033905	2,452850	8,768051
2,157196	2,409744	8,754898
2,240997	2,313980	8,909317
2,348740	2,147583	9,206192
2,481613	2,009918	9,467163
2,540268	2,038651	9,734116
2,685120	2,126038	9,922058
2,754562	2,220612	9,975937
2,754562	2,255325	9,934036
2,686325	2,272079	9,929245
2,661179	2,250534	9,963959
2,573792	2,319962	9,918472
2,479218	2,395386	9,663483
2,394226	2,401367	9,486313
2,403809	2,419327	9,574905
2,543869	2,454041	9,647934
2,657593	2,470795	9,628769
2,717453	2,487564	9,523422
2,687515	2,452850	9,412094
2,545059	2,485168	9,310349
2,506760	2,566574	9,363022
2,530701	2,624023	9,477936
2,428940	2,613251	9,363022
2,396622	2,631210	9,242111
2,360718	2,644379	9,252884
2,357117	2,665924	9,386963
2,467255	2,680298	9,559341
2,494781	2,661133	9,625183
2,466049	2,662338	9,697006
2,346344	2,694656	9,697006
2,311630	2,698242	9,687439
2,308044	2,737747	9,686234
2,284088	2,766479	9,608429
2,286484	2,803589	9,693420
2,256561	2,808380	9,725739
2,176361	2,814362	9,691025
2,163193	2,874222	9,658707
2,158401	2,902954	9,663483
2,189529	2,931686	9,687439
2,272125	2,989151	9,590469
2,384659	2,972382	9,601242
2,452881	3,020264	9,576096
2,446899	3,035828	9,505478
2,425354	3,068161	9,548569
2,414581	3,083710	9,704193
2,410995	3,119629	9,773621
2,370285	3,179489	9,695816
2,353531	3,175888	9,679047
2,291275	3,195053	9,883759
2,215866	3,221390	10,069305
2,161987	3,280045	10,031006
2,099747	3,303986	10,081284
2,141647	3,305176	10,215347
2,157196	3,315948	10,293167
2,142838	3,326721	10,314713
2,109314	3,379395	10,289581
2,090164	3,462006	10,208176
2,029114	3,506287	10,092056
2,044678	3,514679	10,025009
2,087769	3,587692	10,007065
2,140442	3,570938	9,971146
2,211075	3,587692	9,950790
2,317612	3,661911	9,872986
2,428940	3,734940	9,744888
2,424164	3,784027	9,491104
2,334381	3,821136	9,402527
2,230225	3,858246	9,415695
2,141647	3,931259	9,456390
2,108124	3,994705	9,457596
2,085373	4,056961	9,425262
2,063828	4,127594	9,395340
2,032700	4,159912	9,305557
2,000381	4,195816	9,164307
2,005173	4,282013	9,072128
1,981232	4,339478	9,154724
1,975250	4,335876	9,197815
1,942917	4,435242	9,221756
1,987213	4,526230	9,161911
2,091370	4,453201	9,064941
2,218262	4,450806	9,055359
2,316422	4,437637	9,061356
2,268539	4,486725	9,086487
2,111710	4,519043	9,072128
1,890244	4,429260	8,990723
1,817230	4,369400	8,911713
1,613724	4,298767	8,967972
1,313248	4,410110	9,242111
0,936157	4,650726	9,884949
0,664413	5,052948	10,785172
0,736252	5,148712	11,061707
0,912216	4,879364	10,563705
1,231842	4,827896	10,058533
1,729843	5,072098	9,570114
2,329590	5,207367	8,540604
2,744980	5,301941	7,184296
3,011932	5,564102	6,026703
3,232193	5,840637	5,175552
3,288467	6,010620	4,687149
3,181915	6,163864	4,597366
2,965240	6,333847	4,657211
2,715057	6,472702	4,708694
2,569000	6,603195	4,873886
2,469650	6,701355	5,276123
2,438522	6,807892	5,513138
2,468445	6,797119	5,590958
2,444504	6,809097	5,689117
2,428940	6,822266	5,915375
2,416977	6,837830	6,339142
2,475632	6,847397	6,847916
2,590561	6,789948	7,093307
2,549850	6,897675	7,380615
2,560623	6,988663	7,620041
2,559433	7,000626	7,611664
2,529495	7,111954	7,475189
2,574997	7,129913	7,402161
2,528305	7,179001	7,341110
2,519928	7,333420	7,056198
2,542664	7,416031	6,695877
2,625275	7,489044	6,330765
2,663574	7,615936	5,752563
2,606110	7,758392	5,057053
2,536682	7,881699	4,587784
2,574997	7,924789	4,269348
2,521118	7,978668	3,979660
2,455276	8,046890	4,014374
2,419373	8,089996	4,413010
2,359512	8,087601	4,912201
2,219452	8,057663	5,339569
2,039886	8,110336	5,632858
2,044678	8,085205	6,100922
2,116501	8,087601	6,385834
2,123688	8,107956	6,224213
2,117706	8,122314	6,188309
2,086578	8,185760	6,268509
2,121292	8,233643	6,155991
2,209869	8,197723	5,863892
2,208679	8,210892	5,741791
2,142838	8,261185	5,643631
1,956085	8,234848	5,478424
1,729843	8,221680	5,244995
1,539505	8,305466	5,271332
1,419785	8,428772	5,327591
1,302475	8,388077	5,145630
1,328812	8,324631	4,998383
1,373108	8,419189	4,855927
1,458099	8,493408	4,786499
1,490417	8,455109	4,635666
1,424576	8,401245	4,569824
1,345566	8,335403	4,605743
1,203110	8,378494	4,743408
1,046295	8,386871	4,995987
0,981644	8,379684	4,968460
0,863144	8,301880	4,913391
0,823639	8,234848	5,047470
0,786530	8,214493	5,205490
0,689560	8,194138	5,410187
0,513580	8,244415	5,517929
0,287338	8,202515	5,314423
0,144882	8,112732	5,104935
0,123322	8,155838	5,073807
0,170013	8,263565	5,115707
0,326843	8,349762	4,812836
0,398666	8,341385	3,894669
0,409439	8,355743	3,178802
0,438171	8,428772	2,993240
0,403458	8,528137	2,871140
0,255005	8,549683	2,654465
0,137695	8,556854	2,528763
0,081436	8,510178	2,804108
0,063477	8,488632	3,212311
0,076645	8,417999	3,438568
-0,095734	8,394058	3,711502
-0,292068	8,360535	3,932968
-0,521912	8,316238	4,002396
-0,644012	8,301880	4,021561
-0,744568	8,228851	4,120911
-0,751755	8,218079	4,172394
-0,772110	8,222870	4,112534
-0,870270	8,192947	3,966492
-0,884628	8,172592	3,788116
-0,846329	8,174988	3,601364
-0,860687	8,177383	3,311676
-0,957657	8,244415	3,026764
-1,078568	8,297089	2,885498
-1,159958	8,341385	2,814880
-1,277283	8,373703	2,591019
-1,320374	8,364120	2,502426
-1,259323	8,396454	2,333649
-1,191086	8,389267	1,932617
-1,162354	8,347366	1,736282
-1,183899	8,382080	1,848816
-1,296432	8,350967	1,993668
-1,448471	8,331802	2,053513
-1,657959	8,271957	2,127747
-1,838715	8,248016	2,304916
-1,959625	8,196533	2,456940
-2,148773	8,222870	2,595810
-2,234955	8,221680	2,662842
-2,252914	8,170197	2,658051
-2,250519	8,079224	2,594604
-2,349884	8,112732	2,538345
-2,378616	8,142670	2,528763
-2,431290	8,131897	2,359985
-2,487549	8,141464	2,133728
-2,446854	8,151047	1,948181
-2,498322	8,121109	1,888321
-2,568954	8,127106	1,852402
-2,474380	8,104355	1,786560
-2,431290	8,177383	1,371170
-2,559372	8,169006	0,773819
-2,610855	8,117523	0,704391
-2,749710	8,089996	1,056335
-2,980759	8,021759	1,365189
-3,217773	8,001404	1,500458
-3,344666	7,963104	1,522003
-3,432068	7,933167	1,592636
-3,513458	7,943939	1,683609
-3,501495	7,911621	1,647705
-3,497894	7,868530	1,457367
-3,501495	7,819443	1,247864
-3,514664	7,826630	1,147308
-3,532623	7,849380	1,069504
-3,654724	7,855362	0,924652
-3,845062	7,846985	0,618195
-3,993500	7,814651	0,351242
-4,128769	7,799103	0,229141
-4,243698	7,787125	0,225540
-4,351440	7,823044	0,383560
-4,401718	7,799103	0,579895
-4,417282	7,739243	0,543976
-4,401718	7,776352	0,466171
-4,353836	7,744034	0,426666
-4,232925	7,692551	0,310547
-4,151520	7,672211	0,152527
-4,143143	7,684174	0,152527
-4,109619	7,612350	0,283005
-4,140747	7,522568	0,464966
-4,200592	7,475876	0,514053
-4,305939	7,419617	0,559540
-4,445999	7,366943	0,587067
-4,630356	7,314270	0,626572
-4,789566	7,274765	0,579895
-4,873367	7,271179	0,456589
-5,011032	7,248428	0,329697
-5,159485	7,225677	0,224350
-5,304321	7,210129	0,172882
-5,340240	7,232864	0,126190
-5,319885	7,236465	-0,085693
-5,257645	7,243637	-0,396942
-5,197784	7,277161	-0,674667
-5,100815	7,236465	-0,862625
-5,048141	7,236465	-0,884171
-5,155884	7,223297	-0,977539
-5,291153	7,139496	-1,037399
-5,406082	7,099991	-0,927261
-5,595215	7,131119	-0,784805
-5,795135	7,121536	-0,733337
-5,950760	7,061676	-0,635162
-6,004623	7,048508	-0,583694
-5,950760	7,058090	-0,377792
-5,934006	7,032959	-0,431656
-5,950760	6,953949	-0,654327
-5,962738	6,963516	-0,795578
-5,960342	6,946762	-0,856628
-5,974701	6,924011	-0,936844
-6,004623	6,909653	-0,959579
-6,071671	6,889297	-1,032608
-6,119553	6,847397	-1,081680
-6,166245	6,824661	-1,019440
-6,103989	6,829437	-1,011063
-6,013016	6,824661	-1,163086
-5,942383	6,764801	-1,315125
-5,978287	6,701355	-1,385757
-6,107574	6,678604	-1,298355
-6,187790	6,655869	-1,231323
-6,326645	6,587631	-1,195404
-6,348206	6,587631	-1,232529
-6,323059	6,520599	-1,112808
-6,333832	6,488266	-0,988312
-6,375732	6,463135	-1,020630
-6,528961	6,433197	-0,988312
-6,635498	6,355392	-0,902115
-6,761200	6,339828	-0,855438
-6,885696	6,289551	-0,917679
-6,973083	6,275192	-1,011063
-6,847397	6,228500	-1,080490
-6,647476	6,130341	-1,161896
-6,568466	6,135132	-1,343857
-6,561279	6,166245	-1,495880
-6,600784	6,169846	-1,524612
-6,673813	6,127945	-1,568909
-6,768387	6,109985	-1,597641
-6,877319	6,064499	-1,380966
-6,957520	6,063293	-1,149918
-7,006607	6,100403	-1,183441
-7,048508	6,058517	-1,371384
-6,976669	5,971130	-1,499481
-6,904846	5,953171	-1,612000
-6,871338	6,034576	-1,623978
-6,916824	6,046539	-1,676651
-6,982666	5,956757	-1,856216
-6,977875	5,895706	-1,910080
-6,986252	5,857391	-1,802338
-6,976669	5,827469	-1,790375
-6,950333	5,785568	-1,813110
-6,953934	5,705368	-1,819107
-6,934784	5,645508	-1,754456
-6,952728	5,612000	-1,595245
-6,967102	5,586853	-1,457581
-6,992233	5,614380	-1,430038
-7,053284	5,553329	-1,339066
-7,128708	5,482712	-1,287582
-7,147858	5,459961	-1,218155
-7,128708	5,451584	-1,179855
-7,096390	5,321091	-1,293579
-7,144272	5,273209	-1,352234
-7,247223	5,340256	-1,412094
-7,290314	5,270813	-1,324692
-7,326233	5,145126	-1,228928
-7,417206	5,166672	-1,327087
-7,542908	5,182236	-1,418076
-7,581207	5,147522	-1,343857
-7,618317	5,145126	-1,286392
-7,631485	5,055344	-1,420471
-7,626709	4,981125	-1,548553
-7,589600	4,935638	-1,566513
-7,679367	4,975128	-1,626373
-7,746414	4,957184	-1,669464
-7,760773	4,923660	-1,776001
-7,795486	4,867401	-1,855011
-7,778732	4,843460	-1,773605
-7,793106	4,817123	-1,723328
-7,867325	4,821899	-1,656296
-7,940338	4,741699	-1,608414
-8,048080	4,695007	-1,691010
-8,104340	4,701004	-1,682632
-8,050476	4,669876	-1,710159
-7,961884	4,612411	-1,716156
-7,839783	4,589676	-1,840652
-7,750000	4,553757	-2,009445
-7,714096	4,501083	-2,132736
-7,730850	4,434052	-2,229706
-7,752396	4,422073	-2,100418
-7,837387	4,418488	-1,992676
-7,885269	4,332291	-1,966339
-7,973862	4,328705	-2,059723
-8,084000	4,319122	-2,154297
-8,177368	4,276031	-2,041763
-8,251587	4,331100	-2,008240
-8,280319	4,271240	-2,058517
-8,283905	4,220963	-2,180618
-8,264755	4,177872	-2,165070
-8,255173	4,217377	-2,132736
-8,198914	4,211380	-2,153091
-8,189346	4,231735	-2,175842
-8,216873	4,198212	-2,227310
-8,161804	4,188644	-2,216537
-8,086395	4,139557	-2,159073
-8,093567	4,113220	-2,114792
-8,068436	4,070129	-2,132736
-8,055267	4,049774	-2,021408
-8,099564	4,044983	-1,962753
-8,094772	4,035416	-1,875366
-8,124695	4,098862	-1,956772
-8,216873	4,079697	-1,962753
-8,297073	4,047379	-1,930435
-8,331787	4,122803	-2,016617
-8,307846	4,107239	-2,015427
-8,245605	4,059357	-2,065704
-8,214478	4,042587	-2,113586
-8,172577	4,058151	-2,218933
-8,225250	4,055756	-2,351807
-8,317429	4,050980	-2,423630
-8,352142	4,068924	-2,484695
-8,327011	4,085693	-2,458359
-8,300674	4,098862	-2,460754
-8,319824	4,110825	-2,479904
-8,347351	4,094070	-2,488281
-8,335388	4,077316	-2,496658
-8,352142	4,068924	-2,451172
-8,336578	4,018646	-2,326675
-8,279129	4,005478	-2,295547
-8,270737	4,034210	-2,154297
-8,230042	3,982742	-2,104004
-8,172577	3,918091	-2,066895
-8,184555	3,952805	-2,081268
-8,245605	4,004288	-2,030991
-8,299469	3,983932	-1,935226
-8,352142	3,967178	-1,892120
-8,370102	3,976761	-1,947189
-8,395248	4,018646	-2,053726
-8,330597	3,993515	-2,102814
-8,298279	4,004288	-2,040558
-8,344955	4,090485	-2,028595
-8,392853	4,086884	-2,078873
-8,473053	4,084488	-2,062119
-8,519745	4,161102	-2,099228
-8,552063	4,180267	-2,203369
-8,479034	4,113220	-2,191406
-8,401230	4,135971	-2,034576
-8,373688	4,193436	-2,076477
-8,262360	4,200607	-2,185410
-8,207291	4,152725	-2,294357
-8,161804	4,161102	-2,291962
-8,039703	4,134766	-2,130341
-8,042099	4,082092	-2,087250
-8,121109	4,094070	-2,026199
-8,130676	4,079697	-1,892120
-8,149841	4,112030	-1,798752
-8,149841	4,115616	-1,778397
-8,233627	4,083298	-1,871780
-8,249191	4,077316	-1,937607
-8,334183	4,115616	-1,948395
-8,408401	4,150330	-1,990280
-8,377289	4,147934	-1,966339
-8,350952	4,140762	-1,954376
-8,343765	4,163498	-2,026199
-8,338974	4,131180	-2,229706
-8,323410	4,155121	-2,343430
-8,244400	4,121597	-2,347015
-8,244400	4,127594	-2,297943
-8,234833	4,156311	-2,317093
-8,239624	4,103653	-2,404480
-8,203705	4,071320	-2,373352
-8,204895	4,113220	-2,268021
-8,282715	4,090485	-2,095627
-8,303070	4,076111	-2,057327
-8,288696	4,076111	-2,070496
-8,300674	4,101257	-1,960358
-8,268341	4,078506	-1,931625
-8,240814	4,082092	-1,937607
-8,212082	4,085693	-1,935226
-8,167786	4,072525	-1,936417
-8,171387	4,042587	-1,900497
-8,194122	4,023438	-1,846634
-8,203705	4,025833	-1,839447
-8,261169	4,018646	-1,875366
-8,346161	4,010269	-1,820297
-8,368912	4,011475	-1,731720
-8,408401	3,995911	-1,710159
-8,428757	3,970764	-1,799942
-8,407211	3,970764	-1,832275
-8,367706	3,973160	-1,928040
-8,331787	3,931259	-1,935226
-8,316238	3,968369	-1,977112
-8,275528	3,987534	-2,144714
-8,261169	3,991119	-2,236893
-8,228851	3,952805	-2,186615
-8,354538	3,980347	-2,279984
-8,406021	3,991119	-2,341034
-8,431152	3,949219	-2,374557
-8,463470	3,952805	-2,417648
-8,446716	3,983932	-2,235687
-8,377289	3,959991	-2,132736
-8,353348	3,897751	-2,160278
-8,300674	3,928864	-2,199783
-8,258774	3,955200	-2,232101
-8,209686	3,948029	-2,205765
-8,171387	3,980347	-2,196182
-8,239624	4,046188	-2,155487
-8,291092	3,980347	-2,009445
-8,400024	3,954010	-1,975922
-8,500580	3,985138	-1,973526
-8,500580	3,940842	-1,940002
-8,482635	3,944427	-1,940002
-8,504181	3,938446	-2,027390
-8,482635	3,879791	-1,983109
-8,530518	3,900146	-1,954376
-8,543686	3,992310	-1,906494
-8,513748	3,936050	-1,878952
-8,499390	3,896545	-1,868179
-8,493408	3,889359	-1,874161
-8,438339	3,914505	-1,931625
-8,356934	3,926468	-1,910080
-8,293488	3,919296	-1,938812
-8,228851	3,919296	-1,962753
-8,227646	3,919296	-1,944794
-8,264755	3,964783	-2,005844
-8,286301	3,989914	-2,088455
-8,286301	4,011475	-2,133942
-8,248001	4,000702	-2,115982
-8,250397	4,003082	-2,157883
-8,348557	4,066544	-2,251251
-8,330597	4,097656	-2,216537
-8,291092	4,079697	-2,155487
-8,258774	4,091675	-2,211746
-8,225250	4,071320	-2,241684
-8,192932	4,062943	-2,132736
-8,220459	4,062943	-2,019012
-8,255173	4,071320	-1,948395
-8,255173	4,048584	-1,906494
-8,287506	4,047379	-1,801147
-8,280319	4,043793	-1,849030
-8,309052	4,018646	-1,938812
-8,312637	3,986328	-1,955566
-8,332993	4,010269	-2,007050
-8,343765	4,055756	-2,036972
-8,321014	4,070129	-2,040558
-8,305466	4,056961	-2,167450
-8,342575	4,078506	-2,242874
-8,365311	4,123993	-2,269211
-8,344955	4,128784	-2,251251
-8,319824	4,074921	-2,240479
-8,301865	4,089279	-2,222519
-8,255173	4,094070	-2,145905
-8,194122	4,029419	-2,096832
-8,155823	4,048584	-2,086060
-8,213287	4,052170	-2,030991
-8,271942	4,018646	-1,978317
-8,327011	4,044983	-1,953171
-8,283905	3,989914	-1,898117
-8,270737	3,997101	-1,894516
-8,330597	4,027039	-1,985504
-8,317429	4,009079	-2,039368
-8,322220	3,949219	-2,107605
-8,426361	4,015060	-2,002258
-8,486221	4,028229	-1,884949
-8,444321	3,985138	-1,999863
-8,438339	3,938446	-2,216537
-8,456299	4,033020	-2,284775
-8,380875	4,023438	-2,005844
-8,292297	3,958801	-2,014221
-8,315033	3,940842	-2,268021
-8,298279	3,962387	-2,355408
-8,256378	3,930069	-2,246460
-8,240814	3,930069	-2,132736
-8,173782	3,910919	-2,130341
-8,225250	3,932465	-2,126755
-8,248001	3,907318	-2,064514
-8,313843	3,924088	-1,945999
-8,374893	3,945633	-1,803543
-8,354538	3,903732	-1,831070
-8,352142	3,927673	-1,919662
-8,364120	3,956406	-1,862198
-8,331787	3,942032	-1,853821
-8,325806	3,959991	-1,968735
-8,274338	3,983932	-2,065704
-8,293488	3,999496	-2,167450
-8,286301	3,971970	-2,206955
-8,270737	4,005478	-2,204575
-8,287506	4,039001	-2,258438
-8,287506	4,010269	-2,265625
-8,291092	4,007874	-2,251251
-8,306656	4,068924	-2,259628
-8,304260	4,007874	-2,203369
-8,355743	3,983932	-2,161469
-8,346161	4,053375	-2,040558
-8,261169	4,084488	-1,892120
-8,204895	4,021042	-1,945999
-8,245605	4,012665	-2,081268
-8,248001	4,019852	-2,086060
-8,236023	4,042587	-2,009445
-8,236023	4,071320	-2,039368
-8,238419	4,080902	-2,053726
-8,204895	4,048584	-2,070496
-8,200119	4,049774	-2,113586
-8,230042	4,073715	-2,183014
-8,261169	4,113220	-2,212952
-8,287506	4,084488	-2,154297
-8,315033	4,049774	-2,151901
-8,294678	4,086884	-2,192596
-8,277924	4,115616	-2,229706
-8,218063	4,100052	-2,257233
-8,194122	4,086884	-2,262024
-8,206100	4,100052	-2,218933
-8,238419	4,088089	-2,181824
-8,280319	4,094070	-2,172241
-8,344955	4,090485	-2,218933
-8,365311	4,065338	-2,166260
-8,344955	4,078506	-1,941208
-8,331787	4,049774	-1,959167
-8,310242	4,022247	-2,003448
-8,313843	4,022247	-1,955566
-8,259964	4,037811	-1,917267
-8,273132	4,039001	-1,926834
-8,294678	4,005478	-2,017822
-8,252792	3,974365	-2,077682
-8,213287	3,980347	-2,184219
-8,171387	3,987534	-2,309906
-8,178558	3,969574	-2,319489
-8,218063	3,939636	-2,239288
-8,327011	3,993515	-2,172241
-8,444321	3,988724	-2,174637
-8,507767	3,957596	-2,093231
-8,567627	3,968369	-2,040558
-8,554459	3,950424	-1,998672
-8,473053	3,927673	-1,945999
-8,370102	3,916901	-1,966339
-8,274338	3,907318	-2,030991
-8,111526	3,910919	-2,181824
-8,028931	3,890564	-2,211746
-8,082794	3,857040	-2,236893
-8,195328	3,880981	-2,193787
-8,325806	3,886978	-2,026199
-8,471863	3,902527	-2,009445
-8,577194	3,914505	-1,905289
-8,605927	3,897751	-1,872971
-8,531708	3,885773	-1,955566
-8,465866	3,896545	-2,056122
-8,400024	3,925278	-2,155487
-8,323410	3,969574	-2,199783
-8,249191	3,948029	-2,081268
-8,285110	3,924088	-2,130341
-8,349747	3,950424	-2,205765
-8,355743	3,975555	-2,113586
-8,268341	3,954010	-2,042953
-8,242020	3,970764	-2,199783
-8,252792	3,991119	-2,325470
-8,212082	3,998306	-2,241684
-8,258774	4,013870	-2,141129
-8,303070	4,019852	-2,185410
-8,312637	4,010269	-2,198578
-8,283905	3,989914	-2,093231
-8,279129	3,948029	-1,999863
-8,317429	3,955200	-2,098022
-8,321014	4,009079	-2,123169
-8,358124	4,007874	-2,090836
-8,371292	3,989914	-2,129150
-8,318634	4,004288	-2,217743
-8,288696	4,021042	-2,274002
-8,253983	4,078506	-2,240479
-8,251587	4,073715	-2,212952
-8,231232	4,055756	-2,247665
-8,218063	4,048584	-2,263229
-8,209686	4,089279	-2,299133
-8,244400	4,097656	-2,345825
-8,262360	4,027039	-2,404480
-8,307846	4,027039	-2,263229
-8,342575	4,126389	-2,105209
-8,307846	4,091675	-1,981903
-8,346161	4,046188	-1,960358
-8,325806	4,043793	-1,924438
-8,276733	4,021042	-1,838257
-8,244400	3,997101	-1,834671
-8,222855	3,962387	-1,837051
-8,143845	3,942032	-1,828674
-8,123505	3,933655	-1,871780
-8,100754	3,954010	-1,925644
-8,141449	3,965973	-2,020218
-8,220459	3,958801	-2,126755
-8,336578	4,010269	-2,197388
-8,423965	4,028229	-2,200974
-8,450302	3,991119	-2,120773
-8,464676	3,981537	-2,165070
-8,486221	4,010269	-2,258438
-8,479034	4,012665	-2,336243
-8,498184	3,955200	-2,373352
-8,511353	3,986328	-2,294357
-8,491013	4,050980	-2,198578
-8,385666	4,006683	-2,183014
-8,318634	3,959991	-2,106400
-8,259964	3,982742	-2,041763
-8,188141	3,965973	-2,035782
-8,116318	3,979141	-2,016617
-8,058853	3,962387	-2,036972
-8,076813	3,965973	-2,098022
-8,079208	3,969574	-2,185410
-8,170181	3,999496	-2,223724
-8,277924	3,999496	-2,309906
-8,313843	3,987534	-2,325470
-8,323410	3,995911	-2,311111
-8,366516	4,015060	-2,305130
-8,391647	4,005478	-2,351807
-8,392853	3,974365	-2,289566
-8,429962	3,993515	-2,148300
-8,458694	4,007874	-2,082458
-8,468262	3,995911	-2,141129
-8,502975	3,955200	-2,165070
-8,468262	3,968369	-2,072891
-8,371292	3,994705	-1,866989
-8,327011	4,009079	-1,905289
-8,356934	3,998306	-2,016617
-8,300674	3,967178	-2,039368
-8,269547	3,956406	-1,973526
-8,231232	4,013870	-1,972336
-8,202515	4,021042	-2,023804
-8,200119	3,980347	-2,088455
-8,201309	3,962387	-2,106400
-8,312637	3,975555	-2,059723
-8,370102	3,977951	-2,071686
-8,366516	3,949219	-2,032181
-8,356934	3,926468	-2,023804
-8,356934	3,919296	-2,038177
-8,343765	3,922882	-2,114792
-8,331787	3,945633	-2,187805
-8,384460	3,919296	-2,206955
-8,406021	3,936050	-2,105209
-8,407211	3,969574	-2,048950
-8,432358	3,957596	-2,081268
-8,406021	3,908524	-2,138733
-8,361725	3,918091	-2,120773
-8,291092	3,940842	-2,063309
-8,288696	3,949219	-2,057327
-8,295883	3,930069	-2,082458
-8,318634	3,918091	-2,102814
-8,316238	3,954010	-2,132736
-8,349747	3,962387	-2,133942
-8,323410	3,939636	-2,153091
-8,342575	3,922882	-2,183014
-8,376083	3,965973	-2,206955
-8,384460	3,982742	-2,174637
-8,379684	3,931259	-2,156677
-8,370102	3,908524	-2,095627
-8,403625	3,958801	-2,032181
-8,378479	3,945633	-2,051346
-8,373688	3,934860	-2,030991
-8,358124	3,924088	-2,056122
-8,361725	3,916901	-2,046555
-8,389252	3,928864	-2,032181
-8,409607	3,920486	-2,039368
-8,384460	3,930069	-2,019012
-8,374893	3,931259	-1,999863
-8,341370	3,932465	-2,040558
-8,356934	3,940842	-2,016617
-8,334183	3,918091	-1,959167
-8,240814	3,871414	-1,949585
-8,234833	3,886978	-2,029785
-8,294678	3,962387	-2,063309
-8,337784	3,936050	-2,039368
-8,335388	3,968369	-2,023804
-8,312637	4,000702	-2,033386
-8,312637	4,028229	-2,069290
-8,316238	4,052170	-2,032181
-8,293488	4,042587	-2,100418
-8,242020	4,079697	-2,212952
-8,206100	4,037811	-2,391312
-8,163010	4,084488	-2,361389
-8,189346	4,155121	-2,252457
-8,248001	4,162308	-2,228516
-8,319824	4,129990	-2,238083
-8,348557	4,200607	-2,144714
-8,341370	4,248489	-2,023804
-8,273132	4,214981	-2,011841
-8,256378	4,266449	-2,069290
-8,201309	4,309540	-2,057327
-8,140259	4,297577	-2,058517
-8,098358	4,332291	-2,202179
-8,051666	4,393341	-2,296738
-8,063644	4,368210	-2,294357
-8,094772	4,408905	-2,244080
-8,093567	4,430450	-2,271606
-8,086395	4,435242	-2,347015
-8,117508	4,451996	-2,398499
-8,148636	4,465164	-2,233292
-8,159409	4,508270	-2,081268
-8,230042	4,516647	-2,124359
-8,237228	4,525024	-2,228516
-8,186951	4,541779	-2,187805
-8,168991	4,545380	-2,095627
-8,122299	4,526230	-2,168655
-8,076813	4,528610	-2,239288
-8,015762	4,590866	-2,223724
-7,993011	4,557343	-2,190201
-7,948715	4,546570	-2,138733
-7,983444	4,595657	-2,131546
-7,952316	4,586075	-2,077682
-7,887665	4,558548	-1,991486
-7,843384	4,558548	-2,120773
-7,919998	4,454391	-1,855011
-8,020554	4,698608	-1,931625
-8,030121	4,669876	-1,849030
-8,014557	4,473557	-1,784378
-8,072021	4,623184	-1,914871
-7,995407	4,687836	-1,717346
-7,957108	4,613617	-1,614395
-7,989426	4,612411	-1,735306
-7,978653	4,666290	-1,778397
-7,936752	4,633957	-1,786774
-7,935547	4,651917	-1,851425
-7,945129	4,733322	-1,855011
-7,911606	4,675858	-1,899307
-7,856552	4,669876	-1,894516
-7,813446	4,720154	-1,831070
-7,736832	4,720154	-1,730515
-7,723663	4,765640	-1,720932
-7,740433	4,783600	-1,783188
-7,770355	4,783600	-1,832275
-7,775146	4,801559	-1,768829
-7,793106	4,844650	-1,734100
-7,807465	4,891342	-1,661087
-7,843384	4,935638	-1,628769
-7,777542	4,918869	-1,622772
-7,699722	4,918869	-1,615601
-7,625504	4,969147	-1,622772
-7,556076	4,979919	-1,541367
-7,569244	5,000275	-1,610809
-7,585999	4,996689	-1,591660
-7,621918	5,021820	-1,667068
-7,706909	5,042175	-1,663483
-7,735641	5,067307	-1,706573
-7,702118	5,072098	-1,720932
-7,654236	5,102036	-1,675446
-7,596771	5,131958	-1,652710
-7,570435	5,165482	-1,693405
-7,562057	5,207367	-1,700592
-7,629089	5,256454	-1,770020
-7,602753	5,301941	-1,896912
-7,587204	5,305542	-1,980713
-7,612335	5,366592	-2,054932
-7,568039	5,401306	-2,096832
-7,472275	5,421661	-2,010635
-7,368134	5,445602	-1,937607
-7,327423	5,449188	-1,957962
-7,313065	5,468338	-1,966339
-7,362137	5,526993	-1,860992
-7,410034	5,518616	-1,693405
-7,505798	5,572495	-1,580872
-7,412415	5,561722	-1,596436
-7,345383	5,619171	-1,832275
-7,313065	5,759232	-1,692215
-7,184967	5,752060	-1,566513
-7,162231	5,804733	-1,744888
-7,080826	5,853806	-1,787979
-6,981461	5,881348	-1,643127
-6,945557	5,931625	-1,555740
-6,987457	5,996262	-1,631149
-6,962311	6,005844	-1,683823
-6,902451	6,062103	-1,619186
-6,959915	6,081253	-1,555740
-6,967102	6,148300	-1,568909
-6,939560	6,206955	-1,640732
-6,895279	6,224915	-1,692215
-6,807892	6,241669	-1,738892
-6,734863	6,248856	-1,779602
-6,744446	6,296738	-1,834671
-6,686981	6,325470	-1,960358
-6,645081	6,374542	-1,874161
-6,595993	6,375748	-1,741287
-6,621140	6,405670	-1,736496
-6,617554	6,472702	-1,662277
-6,561279	6,496643	-1,529404
-6,500229	6,500244	-1,404907
-6,518188	6,482285	-1,312729
-6,540939	6,501434	-1,214569
-6,499039	6,509811	-1,187027
-6,441574	6,521790	-1,155914
-6,370941	6,569672	-1,147522
-6,293137	6,560104	-1,195404
-6,251236	6,566086	-1,136749
-6,224899	6,605591	-1,096054
-6,221298	6,655869	-1,135559
-6,236862	6,661850	-1,135559
-6,208145	6,700165	-1,146332
-6,251236	6,783951	-1,051758
-6,279968	6,823456	-1,020630
-6,259613	6,852188	-1,125977
-6,200958	6,828247	-1,224136
-6,112366	6,859375	-1,221741
-6,030960	6,876129	-1,145126
-6,022583	6,910843	-1,222946
-5,967514	6,908447	-1,246887
-5,852600	6,938385	-1,105637
-5,803513	7,001831	-0,884171
-5,814285	6,986267	-0,850647
-5,747253	7,007812	-0,885361
-5,657471	7,036545	-0,782410
-5,635925	7,042526	-0,643555
-5,595215	7,107178	-0,625595
-5,568893	7,128723	-0,717773
-5,554520	7,137100	-0,754883
-5,577271	7,194565	-0,692627
-5,482697	7,238846	-0,766846
-5,534164	7,200546	-0,649536
-5,616776	7,309479	-0,708191
-5,625153	7,422012	-0,734528
-5,591629	7,438766	-0,715378
-5,595215	7,453140	-0,879379
-5,601212	7,540527	-1,020630
-5,583252	7,586014	-0,988312
-5,513824	7,603973	-0,966766
-5,467133	7,649460	-1,031403
-5,361786	7,665024	-1,072113
-5,221725	7,676987	-1,048172
-5,141525	7,705719	-0,963181
-5,085251	7,704529	-0,918884
-5,056534	7,659042	-0,880569
-5,074478	7,663818	-0,800369
-5,062515	7,668610	-0,619614
-5,082870	7,668610	-0,471161
-5,103210	7,673401	-0,420883
-5,154694	7,696152	-0,388565
-5,129547	7,696152	-0,296387
-5,112793	7,726074	-0,170700
-5,070892	7,759598	-0,189850
-5,086456	7,738037	-0,286819
-5,103210	7,825439	-0,390961
-5,074478	7,878098	-0,517853
-5,054138	7,892471	-0,684250
-5,011032	7,904434	-0,802765
-4,984695	7,916412	-0,996689
-4,952377	7,930771	-1,017044
-4,906891	7,921204	-1,045776
-4,898514	7,929581	-1,124786
-4,839859	7,952332	-1,111618
-4,741684	7,914017	-1,003876
-4,732117	7,945145	-0,780014
-4,746475	7,935562	-0,554962
-4,768021	7,829025	-0,412506
-4,826691	7,855362	-0,274841
-4,801544	7,893661	-0,155136
-4,752457	7,880493	-0,067749
-4,675842	7,838608	0,016052
-4,617188	7,854156	0,024429
-4,483109	7,839798	0,029221
-4,441223	7,856552	0,032806
-4,359818	7,915222	0,065140
-4,321503	7,981049	0,085480
-4,310730	7,997818	0,032806
-4,301163	8,020554	-0,085693
-4,284393	8,021759	-0,113235
-4,259262	8,026550	-0,001907
-4,238907	8,016968	0,047180
-4,308334	8,014572	-0,090485
-4,301163	8,010986	-0,182663
-4,302353	8,045700	-0,112030
-4,339462	8,051682	-0,043808
-4,394531	8,088791	-0,147949
-4,347839	8,141464	-0,296387
-4,205383	8,164215	-0,285614
-4,085678	8,123505	-0,387375
-4,003082	8,178574	-0,405319
-3,930054	8,245621	-0,423279
-3,828308	8,270752	-0,381378
-3,725357	8,300674	-0,315536
-3,690628	8,352158	-0,298782
-3,652328	8,354553	-0,305969
-3,591278	8,361740	-0,231750
-3,580505	8,372513	-0,114426
-3,548187	8,334198	-0,011475
-3,542191	8,350967	0,073517
-3,542191	8,397644	0,231537
-3,507477	8,426376	0,345261
-3,466782	8,437149	0,408707
-3,412903	8,421585	0,420670
-3,369812	8,446732	0,467361
-3,297989	8,487427	0,482925
-3,148346	8,491028	0,457779
-3,040604	8,505386	0,461380
-2,975967	8,552078	0,468552
-2,969986	8,584396	0,485321
-2,920898	8,578415	0,455383
-2,827530	8,540100	0,423065
-2,839493	8,583191	0,406311
-2,853867	8,609528	0,364410
-2,864639	8,656219	0,348846
-2,858643	8,693329	0,330887
-2,839493	8,734039	0,231537
-2,755692	8,735229	0,166885
-2,723373	8,740021	0,139359
-2,643173	8,738815	0,042389
-2,591690	8,750793	0,062744
-2,547409	8,769943	0,203995
-2,499512	8,766357	0,302155
-2,446854	8,766357	0,478134
-2,413330	8,750793	0,643341
-2,381012	8,717270	0,802551
-2,319962	8,740021	0,998871
-2,215805	8,822617	1,216751
-2,047012	8,839371	1,438217
-1,920120	8,851349	1,514832
-1,821960	8,947113	1,525604
-1,730988	8,972260	1,466934
-1,620850	9,030914	1,308929
-1,510712	9,136261	1,282593
-1,374237	9,153015	1,247864
-1,361084	9,162598	1,119781
-1,429306	9,222443	1,001266
-1,490356	9,258362	0,886353
-1,453247	9,248779	0,751068
-1,400574	9,289490	0,697205
-1,380234	9,332581	0,599045
-1,340729	9,392441	0,539185
-1,304810	9,373291	0,418274
-1,227005	9,284698	0,559540
-1,153976	9,302658	0,877960
-1,024689	9,299057	1,069504
-0,906174	9,214066	1,227524
-0,869064	9,227234	1,368774
-0,816391	9,188934	1,557922
-0,721817	9,143448	1,784180
-0,676331	9,137451	1,929016
-0,597321	9,108719	1,997253
-0,519516	9,074005	1,996063
-0,484802	9,100342	1,828461
-0,418961	9,144638	1,666855
-0,470428	9,174561	1,440598
-0,533875	9,172165	1,209564
-0,506348	9,182938	1,063522
-0,542267	9,191330	0,916275
-0,570984	9,163788	0,792969
-0,565002	9,149429	0,910294
-0,517120	9,173370	1,154495
-0,372269	9,101547	1,356812
-0,205872	9,035706	1,592636
-0,078979	9,059647	1,986481
0,059875	9,078796	2,318085
0,154449	9,040497	2,456940
0,257401	9,033310	2,529968
0,293320	9,032104	2,673615
0,338806	9,075211	2,667633
0,407043	9,041687	2,588623
0,404648	8,999786	2,557495
0,422607	9,044083	2,468918
0,451340	9,015350	2,435394
0,433380	8,967468	2,279770
0,408234	8,953094	2,137314
0,423798	8,942322	2,118164
0,464508	8,901627	2,084641
0,515976	8,833389	1,972122
0,544708	8,768753	1,927826
0,559067	8,766357	2,067886
0,591400	8,743607	2,200760
0,665619	8,695724	2,228302
0,776947	8,609528	2,228302
0,948135	8,604752	2,383926
1,051086	8,560455	2,588623
1,100159	8,536514	2,646088
1,215088	8,433563	2,707138
1,376694	8,377289	2,860367
1,495209	8,455109	2,927399
1,580200	8,470673	2,798111
1,579010	8,546082	2,790939
1,553864	8,579605	2,835220
1,569427	8,633469	2,719101
1,613724	8,680161	2,581436
1,652023	8,732834	2,568268
1,643646	8,720871	2,563492
1,692734	8,707703	2,476089
1,795685	8,787903	2,359985
1,933350	8,746002	2,228302
2,134460	8,658615	2,192383
2,366699	8,735229	2,394699
2,522324	8,692139	2,549118
2,573792	8,597565	2,710724
2,572601	8,609528	2,804108
2,509155	8,592773	2,895081
2,427750	8,498199	3,160843
2,440918	8,444336	3,470886
2,492386	8,465881	3,729462
2,518723	8,396454	4,057465
2,609711	8,348572	4,466873
2,638443	8,367722	4,585388
2,651611	8,341385	4,603348
2,727020	8,242020	4,724258
2,800049	8,215683	4,934937
2,750961	8,292297	4,928955
2,746170	8,316238	4,644043
2,833572	8,104355	4,332794
2,903000	8,080414	4,108948
2,911377	8,222870	4,108948
2,965240	8,209702	4,049088
2,960464	8,151047	3,880295
2,942505	8,134277	3,837204
2,978409	8,147446	4,105347
2,952072	8,136673	4,296890
2,865891	8,113937	4,353149
2,861099	8,024155	4,532715
2,958069	8,040909	4,788895
3,032288	8,026550	4,847549
3,083755	7,952332	4,824814
3,140030	7,910431	4,780518
3,215439	7,818253	4,930161
3,357895	7,802689	5,160004
3,409378	7,811066	5,188721
3,386627	7,688965	5,213867
3,384232	7,603973	5,221054
3,439301	7,542923	5,262955
3,485992	7,509399	5,394623
3,474014	7,530945	5,756149
3,411758	7,509399	6,014725
3,363876	7,496231	6,057816
3,365082	7,514191	6,056625
3,341141	7,511795	5,951279
3,348312	7,479477	5,737000
3,336349	7,447144	5,519135
3,416550	7,375320	5,399414
3,584152	7,343002	5,420959
3,742157	7,314270	5,361115
3,928909	7,222092	5,288086
4,137207	7,198151	5,389847
4,234177	7,217300	5,419769
4,175522	7,162231	5,358719
4,042633	7,120346	5,406601
3,972015	7,036545	5,508347
3,898987	6,973099	5,576584
3,830750	6,894089	5,507156
3,805618	6,812683	5,521515
3,870255	6,737274	5,589752
3,924118	6,679810	5,561020
4,048630	6,670227	5,610107
4,086929	6,579254	5,687912
4,115662	6,475098	5,841141
4,019897	6,455948	6,366669
3,839127	6,446365	6,974808
3,727798	6,354202	7,411743
3,746948	6,260818	7,886993
3,802017	6,276382	8,248520
3,915741	6,364975	8,358658
4,025879	6,393707	8,375412
4,164734	6,434402	8,375412
4,191071	6,475098	8,277252
4,133621	6,488266	8,149155
3,995956	6,457153	8,030640
3,852295	6,458344	7,945648
3,833145	6,440384	7,855865
3,902573	6,347015	7,775665
3,995956	6,228500	7,731369
3,988770	6,240479	7,649963
3,871445	6,251251	7,711014
3,701462	6,187805	7,904953
3,517105	6,126740	8,023468
3,393814	6,066895	7,949249
3,333954	5,984299	7,849884
3,250153	5,876556	7,706238
3,195084	5,791565	7,654755
3,150803	5,746063	7,722992
3,126862	5,710159	7,734955
3,168747	5,592834	7,725388
3,160370	5,467148	7,837906
3,099319	5,388138	8,009094
3,108902	5,347427	8,290421
3,084961	5,233704	8,492722
3,058624	5,133148	8,667496
3,001160	5,142731	8,930862
2,904190	5,157089	9,069733
2,789276	5,070908	8,981140
2,753357	5,003860	8,778839
2,695892	5,023026	8,528641
2,683929	4,987106	8,368225
2,736603	4,909302	8,394562
2,808426	4,935638	8,386185
2,859894	4,884155	8,198242
2,779694	4,827896	8,125214
2,657593	4,855423	8,153946
2,598938	4,811127	8,068954
2,501968	4,683044	7,989944
2,432541	4,604034	8,022263
2,366699	4,520233	8,176697
2,315216	4,417282	8,539413
2,316422	4,305954	8,768051
2,311630	4,250885	8,831512
2,320007	4,182648	8,902130
2,298462	4,122803	9,048187
2,291275	4,068924	9,072128
2,288879	4,044983	8,906921
2,334381	3,983932	8,953613
2,382263	3,951614	8,894958
2,280502	3,928864	8,705811
2,152420	3,926468	8,626801
2,115311	3,857040	8,643555
2,086578	3,848663	8,653137
2,087769	3,855850	8,704605
2,145233	3,798386	8,751297
2,200302	3,677475	8,763275
2,260147	3,672684	8,950012
2,390640	3,696625	9,079300
2,416977	3,585297	8,946426
2,286484	3,509888	8,923676
2,196701	3,555374	9,066132
2,153610	3,537415	9,125992
2,109314	3,456009	9,145142
2,074600	3,398560	9,068527
2,021927	3,337509	8,977554
1,960876	3,306381	9,055359
1,923767	3,278839	9,194229
1,958481	3,201035	9,195419
2,042282	3,126816	9,196625
2,097351	3,092102	9,325912
2,117706	3,148361	9,542587
2,203888	3,082520	9,602432
2,239807	3,004715	9,491104
2,170364	3,021469	9,274429
2,080582	3,016678	9,160706
1,960876	3,050201	9,091278
1,747787	3,007095	9,043396
1,511963	2,989151	9,057755
1,410217	2,918518	9,160706
1,474854	2,808380	9,378586
1,624496	2,820358	9,522232
1,709488	2,822754	9,786789
1,806458	2,762894	10,060928
1,813629	2,716202	10,117188
1,686737	2,744934	9,947205
1,598160	2,669525	9,877777
1,488022	2,649170	9,861008
1,363525	2,644379	9,833481
1,364716	2,572556	9,893341
1,350357	2,519882	9,961563
1,367111	2,485168	10,042969
1,444931	2,395386	10,099228
1,483231	2,395386	10,149506
1,347961	2,454041	10,029800
1,380280	2,395386	9,959167
1,490417	2,390594	9,980728
1,556259	2,366653	10,053741
1,612518	2,342712	9,977127
1,612518	2,352295	9,936432
1,725052	2,258911	9,977127
1,867508	2,195465	10,169861
1,897430	2,294830	10,382950
1,848358	2,290039	10,388931
1,752579	2,236176	10,353027
1,640060	2,336731	10,367386
1,555054	2,278061	9,889740
1,371902	2,195465	9,598846
1,229446	2,321167	9,641937
1,297684	2,200256	9,667084
1,405426	2,160751	9,679047
1,419785	2,213425	9,723343
1,531113	2,132019	9,795166
1,590973	2,110474	9,749680
1,561050	2,132019	9,562927
1,540695	2,164337	9,489914
1,476059	2,189484	9,384567
1,361130	2,121246	9,278030
1,322830	2,111664	9,244507
1,335999	2,092514	9,227753
1,301270	2,041046	9,294785
1,254593	1,978790	9,330704
1,248596	1,977600	9,349854
1,199524	1,988373	9,449203
1,197128	2,003937	9,541382
1,189941	1,977600	9,716156
1,216278	1,948868	9,961563
1,361130	1,922531	10,015442
1,381485	1,823166	9,877777
1,359940	1,843521	9,761658
1,341980	1,871048	9,699402
1,320435	1,821976	9,564133
1,221069	1,759720	9,491104
1,158813	1,762115	9,543777
1,158813	1,760925	9,588074
1,209106	1,727402	9,656311
1,298889	1,668747	9,698212
1,345566	1,666351	9,645538
1,392258	1,660370	9,646729
1,395844	1,643600	9,591660
1,341980	1,662750	9,524628
1,271347	1,654373	9,480331
1,131287	1,622055	9,421677
1,025940	1,601700	9,463577
0,928970	1,574173	9,523422
0,847580	1,520309	9,530609
0,791306	1,528687	9,574905
0,832016	1,423340	9,736511
0,914612	1,346725	9,989105
0,972076	1,367081	10,112396
1,070236	1,361084	10,066910
1,106155	1,264130	10,001068
1,018753	1,280884	9,853836
0,905029	1,268906	9,816727
0,758987	1,278488	9,787994
0,705124	1,246170	9,819107
0,736252	1,209061	9,956787
0,762573	1,230606	10,131561
0,781738	1,170746	10,284790
0,824829	1,156387	10,369781
0,839188	1,174347	10,415268
0,878693	1,161179	10,378159
0,849976	1,133636	10,212967
0,790115	1,164764	10,215347
0,832016	1,187515	10,172256
0,799698	1,198288	10,013046
0,785324	1,204269	9,934036
0,854752	1,169556	9,907700
0,802078	1,189896	9,834671
0,869125	1,128845	9,811935
0,948135	1,128845	9,795166
0,917007	1,155182	9,664688
0,867920	1,107300	9,491104
0,787720	1,022308	9,480331
0,735046	1,024704	9,670670
0,785324	1,023499	9,904114
0,851166	0,979218	9,999878
0,958908	0,949280	10,057343
1,073822	0,906189	10,011841
1,096573	0,931335	9,829880
1,061859	0,927734	9,641937
0,932571	0,888229	9,519836
0,782928	0,910980	9,440826
0,600967	0,904999	9,363022
0,512390	0,901398	9,390549
0,567459	0,864288	9,566528
0,654846	0,818802	9,644333
0,612946	0,787674	9,562927
0,525558	0,804443	9,597656
0,541122	0,784088	9,667084
0,554291	0,778107	9,647934
0,494431	0,809219	9,529419
0,447739	0,742188	9,456390
0,387894	0,723038	9,427658
0,389084	0,726624	9,439636
0,543518	0,632050	9,546173
0,695541	0,629654	9,513855
0,721878	0,718246	9,444427
0,798492	0,752960	9,477936
0,779343	0,677536	9,463577
0,723083	0,713455	9,542587
0,670410	0,713455	9,615601
0,642868	0,731415	9,652710
0,623718	0,802048	9,742493
0,617737	0,817612	9,886154
0,618927	0,830765	9,953186
0,627304	0,846329	9,961563
0,663223	0,889435	10,011841
0,750610	0,891830	10,021423
0,784134	0,916962	9,901718
0,822433	0,952881	9,804749
0,836807	0,984009	9,883759
0,943344	0,894226	9,900513
0,949326	0,885834	9,801163
0,926590	0,964844	9,780807
0,998413	0,969635	9,881363
1,081009	0,924149	9,938828
1,151642	0,946884	9,980728
1,213882	0,957672	9,967560
1,259384	0,980408	9,923264
1,200714	1,000763	9,821503
1,126495	1,000763	9,827499
1,000809	0,980408	9,868195
0,919403	0,973221	9,944809
0,899048	0,958862	10,072891
0,952927	0,946884	10,110016
0,944534	0,899002	10,125565
0,927780	0,866684	10,081284
0,894257	0,861893	9,983109
0,881088	0,834366	10,032196
0,782928	0,865494	10,011841
0,775742	0,800842	9,911285
0,773361	0,791275	9,840668
0,724274	0,805634	9,886154
0,694351	0,687119	9,834671
0,623718	0,660782	9,822708
0,592590	0,652405	9,995087
0,700333	0,596146	10,221344
0,767365	0,581772	10,245285
0,768570	0,541077	10,171066
0,788910	0,515930	10,084869
0,735046	0,533890	9,981918
0,624908	0,515930	9,856216
0,509995	0,588959	9,815521
0,542313	0,587753	9,723343
0,555481	0,574600	9,650330
0,574631	0,561432	9,546173
0,629700	0,550644	9,430054
0,718292	0,515930	9,400131
0,721878	0,547058	9,432449
0,659637	0,530304	9,407318
0,615341	0,533890	9,432449
0,545898	0,524307	9,534210
0,529144	0,465652	9,631165
0,453735	0,454880	9,674271
0,363953	0,490799	9,729324
0,311279	0,493195	9,826294
0,281342	0,519531	9,911285
0,312469	0,509949	10,027405
0,324448	0,457275	10,054947
0,387894	0,428543	9,999878
0,355560	0,468048	9,929245
0,354370	0,477631	9,868195
0,350784	0,448898	9,817917
0,374725	0,451294	9,776016
0,339996	0,459671	9,699402
0,261002	0,476425	9,669479
0,161636	0,481216	9,640747
0,118546	0,472839	9,661102
0,065872	0,476425	9,583282
0,025162	0,507553	9,594055
0,086212	0,520721	9,533005
0,100586	0,541077	9,493500
0,134109	0,567413	9,388153
0,198746	0,610504	9,361816
0,263382	0,590149	9,268448
0,247833	0,511139	9,276825
0,197556	0,517136	9,264862
0,241837	0,477631	9,252884
