0,011926	0,014452	0,001800
1,456599	-3,407359	9,960363
1,282113	-2,640658	8,291985
1,080280	-2,159451	6,917059
0,923599	-1,762033	5,761578
0,792505	-1,490071	4,718441
0,638801	-1,231327	3,841782
0,521576	-1,008999	3,137598
0,385656	-0,761228	2,488045
0,247234	-0,543870	1,923407
0,091476	-0,333570	1,454449
-0,054188	-0,174925	1,077365
-0,138162	-0,033641	0,824538
-0,135432	0,020023	0,608874
-0,064291	0,056241	0,482314
0,008907	0,025840	0,370531
0,109591	-0,015729	0,308876
0,170034	-0,070994	0,284442
0,192533	-0,088399	0,243837
0,160728	-0,048697	0,154847
0,099860	-0,007354	0,120045
0,095208	-0,027905	0,042410
0,089569	-0,020407	0,066483
0,078357	-0,032610	0,097242
0,099087	-0,087379	0,094078
0,094589	-0,146515	0,149005
0,088122	-0,146899	0,159427
-0,008030	-0,143386	0,184035
-0,125186	-0,134814	0,170214
-0,185378	-0,111684	0,120851
-0,192358	-0,086478	0,038258
-0,219011	-0,108440	-0,024936
-0,252772	-0,100168	-0,148281
-0,306612	-0,073421	-0,294833
-0,361171	-0,008944	-0,373769
-0,345431	0,013914	-0,409147
-0,268691	0,044652	-0,395323
-0,181432	0,094144	-0,278905
-0,059904	0,088719	-0,047868
0,011451	0,106412	0,181970
0,054168	0,097581	0,407025
0,071106	0,089551	0,579404
0,103808	0,055357	0,698154
0,106033	0,068236	0,775919
0,112597	0,114916	0,844831
0,130300	0,177175	0,877940
0,049650	0,222184	0,869943
0,017699	0,180616	0,863544
0,010326	0,138743	0,838322
-0,015677	0,109078	0,734818
-0,054680	0,096846	0,487305
-0,118439	0,094713	0,264392
-0,118701	0,113124	0,188528
-0,094961	0,076131	0,097185
-0,142046	0,115495	0,076796
-0,142372	0,120167	0,130383
-0,057391	0,080813	0,225937
-0,012392	0,037832	0,265027
0,079149	0,003447	0,258945
0,128443	0,004674	0,298136
0,193734	-0,000093	0,209785
0,216279	0,036327	0,059601
0,191224	0,074069	-0,087354
0,150098	0,081276	-0,230771
0,075071	0,074604	-0,439354
0,040904	0,023294	-0,646454
-0,029533	0,043525	-0,724976
-0,150994	0,085577	-0,711182
-0,246247	0,147001	-0,711645
-0,286060	0,176976	-0,733074
-0,248965	0,179887	-0,790451
-0,224075	0,175513	-0,835388
-0,141906	0,223723	-0,763123
-0,022546	0,238354	-0,588465
0,158184	0,250058	-0,355855
0,295089	0,215378	-0,138163
0,321313	0,189539	0,030253
0,305891	0,144929	0,096981
0,159471	0,121681	0,110153
-0,040013	0,159600	0,104406
-0,232169	0,231111	0,072026
-0,331304	0,262452	-0,032393
-0,300468	0,211878	-0,180101
-0,316998	0,195369	-0,273378
-0,392453	0,171615	-0,354689
-0,399204	0,185180	-0,342174
-0,379691	0,168249	-0,372372
-0,330571	0,107780	-0,488473
-0,226151	0,061334	-0,619673
-0,133997	0,036616	-0,633641
-0,104317	0,025460	-0,639078
-0,042279	0,037604	-0,639583
-0,020408	0,046368	-0,636166
0,054536	0,015060	-0,712924
0,136524	0,015882	-0,740798
0,248086	-0,007400	-0,775560
0,322004	0,000782	-0,789003
0,362950	0,031265	-0,787306
0,434977	0,068115	-0,681554
0,555794	0,057361	-0,603666
0,635211	0,054507	-0,531773
0,634585	0,005300	-0,511612
0,565127	0,035844	-0,413110
0,437734	0,056446	-0,297932
0,297513	0,054739	-0,290067
0,235142	-0,012714	-0,418797
0,164176	-0,039859	-0,644363
0,077703	-0,029019	-0,804712
0,039189	0,033291	-0,857332
0,009317	0,053452	-0,871656
0,009370	0,064783	-0,887901
0,042933	0,023091	-0,904730
0,151180	0,002201	-0,960332
0,186069	-0,003036	-1,000980
0,204397	-0,013916	-0,968387
0,163518	-0,002515	-0,995925
0,099210	0,065981	-1,010303
0,012327	0,099720	-1,044790
-0,015028	0,136271	-1,016838
0,003297	0,134871	-1,059601
-0,000231	0,147167	-1,043994
-0,073927	0,187643	-0,985561
-0,172155	0,169267	-0,929221
-0,251688	0,205323	-0,810418
-0,323934	0,192029	-0,672272
-0,359696	0,195762	-0,583789
-0,340430	0,199713	-0,425857
-0,281927	0,209563	-0,341638
-0,135515	0,192553	-0,348969
-0,030836	0,171278	-0,350037
0,041408	0,120750	-0,331751
0,008224	0,112872	-0,306575
0,059252	0,129568	-0,226107
0,054103	0,127593	-0,251760
0,042331	0,119310	-0,297172
-0,020725	0,110780	-0,363189
-0,091288	0,088624	-0,339404
-0,163045	0,078553	-0,281094
-0,208964	0,079126	-0,282333
-0,276351	0,106392	-0,341748
-0,284288	0,102350	-0,411301
-0,203493	0,038789	-0,449720
-0,178114	0,051148	-0,412437
-0,191331	0,040918	-0,408490
-0,219142	0,010701	-0,417771
-0,217452	0,063151	-0,393592
-0,213232	0,092659	-0,313909
-0,206975	0,048273	-0,263578
-0,225907	0,007015	-0,360265
-0,195093	-0,048026	-0,367704
-0,136922	-0,065228	-0,299900
-0,096134	-0,061764	-0,199698
-0,099893	-0,080051	-0,199981
-0,098103	-0,079373	-0,280651
-0,046878	-0,069236	-0,266659
0,012290	-0,075506	-0,264084
-0,043794	-0,054656	-0,466016
-0,106861	-0,051391	-0,492515
-0,232022	-0,022912	-0,538629
-0,275632	0,010394	-0,720124
-0,188902	-0,045310	-0,629725
-0,078343	-0,081255	-0,555501
0,034054	-0,131081	-0,427152
-0,093423	-0,085712	-0,380992
-0,320869	-0,008243	-0,837264
-0,352459	-0,040114	-1,035644
-0,269516	-0,024426	-0,974084
-0,240515	0,074307	-0,846308
-0,239336	0,122654	-0,860921
-0,198171	0,123978	-0,811320
-0,063725	0,048425	-0,641390
0,055319	0,006184	-0,354140
-0,061091	0,055704	-0,469103
-0,166671	0,038814	-0,686525
-0,191747	0,053084	-0,521449
-0,251078	0,158349	-0,423861
-0,211397	0,186054	-0,314186
-0,080055	0,121073	-0,042584
-0,125336	0,169637	-0,121213
-0,152942	0,179765	-0,469505
0,034702	0,083472	-0,274090
0,163760	0,128069	-0,129257
0,238259	0,112038	-0,139795
0,311274	0,058026	0,198454
0,144637	0,196775	0,163549
0,069738	0,282872	-0,119112
0,320109	0,149686	0,046446
0,532857	-0,145522	0,254552
0,451188	-0,241881	0,465092
0,048743	0,025806	0,046463
-0,213825	0,241873	-0,397619
-0,154788	0,262444	-0,370769
-0,028054	0,184101	-0,238192
0,035967	0,039065	-0,159914
0,093898	-0,013755	-0,407570
0,230270	-0,071344	-0,431403
0,337439	-0,155720	-0,199553
0,166521	0,022910	-0,331066
0,023085	0,084404	-0,646018
0,078807	-0,045477	-0,534050
0,218185	-0,006694	-0,314228
0,450366	-0,015890	-0,075173
0,486697	0,040914	0,037542
0,365419	0,064335	-0,492855
0,383315	-0,103671	-0,775448
0,397631	-0,211269	-0,304318
0,180202	0,009109	-0,502989
0,049350	0,034106	-0,931981
-0,031394	-0,583714	-5,533988
-2,136798	-3,894510	-25,179180
-0,902114	2,331682	2,070060
1,227186	2,479213	19,880718
0,008751	1,537093	13,241257
0,127667	-0,789112	5,624561
0,798374	-1,874356	-2,971213
0,112930	-1,302207	-11,818755
-0,514917	0,943501	1,158973
-0,424385	1,623416	5,816144
-0,440057	0,764358	-0,235085
-0,488997	0,002392	0,078167
-0,179552	-0,198233	0,698434
0,087157	0,001338	0,303047
0,086974	0,235703	0,780645
0,055212	0,385852	0,496196
0,129399	0,492556	0,278194
0,199283	0,431386	0,441867
0,196780	0,332658	0,374563
0,140188	0,344666	0,294865
0,068095	0,380116	0,297184
0,088949	0,412308	0,341177
0,097978	0,394018	0,261443
0,107118	0,347771	0,106688
0,132618	0,274384	0,040343
0,106094	0,215673	0,068664
0,058057	0,155303	-0,119373
0,063682	0,118505	-0,191263
0,060528	0,135027	-0,188447
0,026401	0,101308	-0,183314
-0,026767	0,010184	-0,206026
-0,067386	-0,038776	-0,198341
-0,033791	-0,104764	-0,267853
-0,071088	-0,124033	-0,254504
-0,180418	-0,111677	-0,241909
-0,259251	-0,108495	-0,149472
-0,314664	-0,087760	-0,100425
-0,317808	-0,105633	-0,133013
-0,299254	-0,138144	-0,048952
-0,300695	-0,129668	-0,012343
-0,326750	-0,131506	0,089723
-0,327476	-0,077434	0,093812
-0,239007	-0,109835	0,088453
-0,158638	-0,092653	0,125352
-0,097223	-0,075075	0,171144
-0,050007	-0,073476	0,140748
0,020334	-0,052067	0,175806
0,097664	-0,029215	0,110957
0,092499	0,007280	0,126119
0,129541	0,006777	0,103764
0,144819	0,002553	0,043741
0,125426	-0,039132	0,045528
0,088854	-0,061006	0,113998
0,035646	-0,000916	-0,008399
0,020851	0,015551	-0,018206
0,012860	0,024892	0,058213
0,002622	0,009378	0,012098
-0,018020	-0,023149	-0,007570
0,030604	-0,036707	0,002574
0,038839	0,022344	-0,047745
0,061723	0,010209	-0,077466
0,057044	-0,005236	-0,075377
-0,024274	0,051353	-0,052635
-0,079759	0,053535	-0,076593
-0,075294	0,007402	-0,063191
-0,034381	-0,016111	-0,038101
-0,011232	-0,022459	-0,034302
-0,012807	-0,026586	-0,031275
0,000289	-0,012650	-0,034602
0,010766	-0,004383	-0,019063
0,028718	-0,031278	0,005819
0,043091	-0,019273	-0,010665
-0,015332	-0,024036	-0,006615
-0,028549	-0,027847	-0,029230
-0,032410	0,009326	-0,035836
-0,016358	0,028530	-0,037287
0,011816	-0,012612	-0,052815
0,015203	-0,009138	-0,040336
-0,014657	-0,011131	-0,025567
-0,059601	-0,009870	-0,011836
-0,048645	-0,003111	-0,015218
-0,040833	0,002309	-0,015043
-0,018299	-0,036470	-0,011082
-0,019424	-0,036830	0,032320
-0,027038	-0,036166	0,048842
-0,007263	-0,012661	0,017040
0,037281	-0,011081	-0,001688
0,068142	-0,020351	-0,009016
0,088987	-0,016281	-0,009130
0,055869	0,019531	0,012814
0,022662	0,023292	0,043771
0,026748	0,030120	0,010115
0,007995	-0,011341	0,014793
0,010229	-0,008108	0,012799
0,012016	0,023201	-0,014663
0,009613	0,041547	0,012208
0,007690	0,039939	0,009766
0,054992	0,011834	0,043250
0,053564	0,005634	0,038433
0,064885	0,029409	0,008713
0,064359	0,047478	-0,004517
0,046690	0,025531	0,020325
0,064171	0,011806	0,038293
0,049420	0,007528	0,035420
0,054856	0,025175	0,021634
0,015162	0,029710	0,002940
-0,006071	0,006532	0,023421
-0,010607	-0,008178	0,030224
-0,006569	-0,016125	0,013644
-0,008124	-0,016733	0,053054
0,009785	0,002897	0,048193
0,040384	0,018602	0,026103
0,029439	0,000514	0,022799
0,007267	0,027230	0,014406
0,020181	0,023701	-0,006663
0,040083	0,040982	0,033927
0,060802	0,016501	0,005120
0,018954	0,015118	-0,010272
0,010366	0,013059	-0,000551
0,023625	0,002781	0,012962
0,028470	0,017545	0,006537
0,030442	0,010215	0,012896
0,016688	0,020611	0,021803
0,027718	0,000216	-0,001710
0,023126	0,005911	-0,007118
0,000312	0,000908	-0,008563
-0,032318	0,008380	-0,013552
-0,033509	0,000967	0,006395
-0,022022	-0,009761	0,004164
-0,025283	-0,012607	0,004283
-0,016394	-0,006252	-0,004240
-0,015031	-0,002133	0,046413
-0,011061	-0,040964	0,005527
0,005519	-0,003084	0,014956
0,051339	-0,021620	0,048354
0,042023	0,014308	0,032946
0,024048	0,021981	0,025392
-0,004712	0,001301	0,028932
-0,030576	0,016360	-0,033361
-0,029258	0,007351	-0,002738
-0,031060	0,025034	-0,031878
-0,023896	-0,010625	-0,025503
-0,017200	-0,030521	-0,019450
-0,037698	-0,007181	-0,030880
-0,034944	0,016276	-0,013217
-0,027955	-0,021452	-0,034512
-0,043433	-0,051634	-0,040061
-0,039544	-0,042272	0,004341
-0,013435	0,000668	-0,002265
-0,021282	0,002439	-0,000859
-0,015109	0,010581	0,029964
0,005149	-0,005903	-0,047855
-0,004499	0,021132	-0,027749
0,005019	0,013072	-0,007844
0,004979	-0,007730	-0,018726
0,006852	0,010087	-0,040835
-0,008886	0,010950	-0,050857
0,004390	0,017378	-0,036865
-0,001285	0,011022	-0,009375
0,000888	0,012650	-0,035271
0,020828	0,022572	-0,020563
0,017614	0,030508	-0,007820
0,034209	-0,003365	0,005231
0,010118	-0,039081	0,003220
-0,037865	-0,017861	0,004493
-0,053278	-0,031526	-0,015559
-0,054121	-0,023304	-0,000948
-0,048082	-0,046414	-0,005544
-0,020265	-0,029477	0,024288
-0,009510	-0,023582	0,012729
-0,011441	-0,022698	-0,014719
0,038735	-0,000922	-0,003157
0,015668	-0,035211	-0,005394
-0,018117	-0,014753	-0,003363
-0,030778	-0,029051	0,001142
-0,026539	-0,017491	-0,012490
-0,026968	-0,013993	0,002460
-0,046477	-0,002577	-0,007615
-0,041015	-0,016429	-0,005127
0,017945	-0,028462	-0,007935
0,071815	-0,010319	-0,025501
0,064153	-0,012088	0,019822
0,035051	-0,002969	0,025428
0,044313	-0,008112	0,005975
0,035450	-0,003621	-0,020111
-0,009945	0,003805	0,021253
-0,021360	-0,011324	0,004551
-0,012303	0,023509	0,000772
-0,022293	0,034127	-0,015666
0,000366	0,030170	-0,005819
0,048181	0,040421	0,019283
0,063435	0,014135	0,003927
0,062247	-0,027949	-0,016011
0,005742	0,005411	-0,000358
0,002677	-0,016741	-0,047210
-0,020844	-0,007643	-0,038720
-0,035828	0,010170	0,009246
0,017309	0,000470	0,001647
0,033952	0,003244	-0,012086
0,046327	0,011213	0,010436
0,029395	0,016637	-0,013672
0,019683	0,018095	0,017785
0,009045	0,006823	0,033381
-0,003299	0,011195	0,012350
-0,001687	0,030990	0,017534
-0,005170	-0,002979	0,003492
-0,013719	-0,016751	-0,018275
-0,005226	-0,030638	0,010282
-0,036749	-0,021642	-0,010927
-0,052385	-0,015397	-0,003957
-0,013173	-0,004652	0,008334
-0,004788	-0,027672	0,008584
-0,007664	-0,004901	0,028888
-0,010916	0,018113	0,019278
0,012336	0,013526	-0,009480
