-10,824040	-8,219760	-4,878239
-10,412334	-8,143164	-5,969738
-7,664436	-5,730374	-4,667598
-8,899554	-5,960164	-5,289945
-9,282537	-5,816545	-4,351638
-9,091045	-5,519734	-3,690993
-8,918703	-5,634629	-3,844186
-8,851681	-5,644203	-5,663352
-8,401677	-6,237826	-7,061238
-7,865501	-6,486765	-6,946343
-7,980396	-5,730374	-6,458041
-7,846352	-4,878239	-5,921865
-7,338901	-3,126094	-6,228251
-6,486765	-3,614397	-8,516571
-6,084633	-4,523980	-10,584677
-6,084633	-4,054826	-9,818711
-5,988888	-3,518651	-7,501668
-5,960164	-2,819708	-5,567607
-5,845269	-1,555866	-4,916537
-5,663352	-0,904796	-5,337818
-5,701651	-1,393099	-4,533555
-5,883567	-1,057989	-2,848432
-5,481436	0,272875	-1,957998
-4,839940	0,473941	-0,435643
-4,878239	-0,119682	1,287778
-5,529309	0,234577	2,379278
-5,692076	1,067564	3,413331
-5,672927	1,565441	5,146326
-5,845269	1,163309	6,936769
-6,515488	0,675007	8,822957
-6,544212	0,521814	10,632549
-6,132506	2,149489	11,034681
-6,036760	3,719717	11,436812
-6,046335	3,758015	11,905966
-7,472944	2,446300	11,637878
-9,320834	0,579261	10,565528
-11,149575	-0,521814	9,598496
-12,872996	-1,402673	9,368708
-14,021944	-1,192033	10,019777
-13,897474	-0,033511	9,359133
-13,677259	0,770752	8,334655
-13,964497	1,373949	7,846352
-14,155988	2,503747	8,133589
-13,275128	3,442055	8,765511
-12,241076	4,188870	9,799562
-11,082554	3,403756	9,387856
-10,527229	2,302682	7,128260
-10,010203	0,885647	6,065484
-9,684668	1,067564	5,558033
-9,378282	2,025020	5,826120
-8,889979	3,585673	6,994216
-6,036760	1,603739	5,586756
-3,767590	-0,655857	1,134585
-1,134585	-3,690993	-2,877155
1,096287	-5,002708	-4,906962
2,896305	-4,811217	-5,615479
5,529309	-4,514405	-4,744195
7,750607	-7,559115	-3,250563
8,937852	-13,916624	-1,412248
6,515488	-9,857010	-3,375033
0,052660	-2,436726	-6,458041
-8,803808	2,283533	-10,048501
-13,974071	1,201607	-8,861256
-5,347392	-6,170804	-4,878239
-2,216511	-7,788905	-3,978230
-5,299519	-5,682502	-4,983559
-5,356966	-4,658024	-6,783576
-2,044169	-4,093124	-7,520817
0,445217	-3,796313	-5,002708
1,431397	-4,859089	-3,221840
-0,052660	-6,678256	-1,393099
-1,843103	-4,160147	-1,057989
-2,829283	-2,925028	-0,540963
-3,920783	-3,068647	-0,186704
-7,061238	-0,962243	-1,134585
-9,186790	-0,406919	-1,345226
-8,018694	-1,709059	-0,464366
-6,189953	-1,402673	1,747357
-7,233581	0,378195	3,164392
-9,196365	1,239906	2,168638
-8,851681	0,569686	1,096287
-7,310177	-2,254809	1,776081
-8,602742	-4,102699	3,049498
-11,005958	-2,982476	2,417577
-10,517654	-1,431397	2,331405
-8,870831	0,071809	2,599493
-8,411251	-0,023936	3,039923
-10,766593	-2,704813	2,551620
-13,485768	-4,973984	2,561195
-12,451715	-3,317585	2,628217
-10,871913	-1,536717	2,810133
-11,264470	-0,560112	1,613313
-11,829370	-2,771835	1,977147
-11,972988	-6,132506	2,714388
-12,241076	-5,558033	1,737783
-12,547462	-4,638875	1,670761
-12,758101	-4,552703	2,379278
-12,978316	-4,208019	2,216511
-12,040009	-3,997379	0,962243
-10,996383	-4,552703	0,426068
-10,460207	-4,839940	-0,110107
-10,469782	-4,102699	-0,799476
-10,077225	-3,020774	-1,029265
-9,311260	-3,087796	-1,536717
-8,985725	-4,054826	-2,302682
-8,736787	-4,753769	-2,513322
-8,430401	-4,552703	-2,264384
-8,219760	-3,882484	-1,594164
-8,267632	-3,317585	-1,038840
-8,363379	-3,719717	-1,125011
-8,516571	-3,738866	-1,594164
-8,775084	-3,767590	-2,111191
-8,727212	-4,236743	-1,957998
-8,583593	-4,188870	-1,488844
-8,420826	-3,585673	-0,981392
-8,286782	-3,087796	-0,684581
-8,133589	-3,461204	-0,923945
-8,152739	-3,930357	-1,469695
-8,267632	-4,332489	-1,996296
-8,372953	-4,523980	-2,130340
-8,353804	-4,035677	-1,661186
-8,258059	-3,126094	-1,010116
-8,181462	-3,422905	-1,096287
-8,334655	-3,949506	-1,680335
-8,411251	-3,892059	-1,890976
-8,344230	-4,073976	-1,756932
-8,334655	-3,997379	-1,680335
-8,162313	-3,777164	-1,450546
-8,133589	-3,394182	-1,345226
-8,200611	-3,834611	-1,575015
-8,258059	-4,409085	-1,766506
-8,267632	-4,581427	-1,910125
-8,325080	-4,485682	-1,871827
-8,315506	-4,083550	-1,507993
-8,325080	-3,882484	-1,163309
-8,296356	-3,786739	-1,230331
-8,344230	-4,054826	-1,632463
-8,363379	-4,332489	-1,776081
-8,277207	-4,380362	-1,804805
-8,229335	-4,236743	-1,737783
-8,219760	-3,968655	-1,393099
-8,210186	-3,825037	-1,057989
-8,219760	-3,786739	-1,182458
-8,219760	-4,064401	-1,527142
-8,181462	-4,169721	-1,632463
-8,171887	-4,102699	-1,728208
-8,124015	-4,073976	-1,536717
-8,104865	-3,796313	-1,211182
-8,219760	-3,758015	-1,268629
-8,258059	-4,054826	-1,498419
-8,219760	-4,169721	-1,584590
-8,248484	-4,342063	-1,622888
-8,210186	-4,562278	-1,651612
-8,181462	-4,217594	-1,479270
-8,238910	-3,662269	-1,479270
-8,344230	-3,844186	-1,699484
-8,267632	-4,284616	-1,795230
-8,104865	-4,361212	-1,584590
-8,066567	-4,332489	-1,412248
-8,114440	-4,198445	-1,546291
-8,181462	-4,102699	-1,622888
-8,219760	-4,035677	-1,737783
-8,219760	-4,006954	-1,938848
-8,162313	-4,054826	-1,929274
-8,095291	-4,179296	-1,689910
-8,076141	-4,351638	-1,747357
-8,133589	-4,332489	-1,814379
-8,248484	-3,882484	-1,766506
-8,286782	-3,892059	-1,756932
-8,229335	-4,054826	-1,823954
-8,210186	-4,140997	-1,948423
-8,104865	-4,361212	-1,804805
-7,970821	-4,313340	-1,440971
-8,028269	-4,083550	-1,469695
-8,133589	-4,131423	-1,622888
-8,200611	-4,073976	-1,737783
-8,200611	-4,006954	-1,900550
-8,133589	-4,131423	-1,843103
-8,066567	-4,112274	-1,613313
-8,056993	-4,227169	-1,460120
-8,047418	-4,093124	-1,613313
-8,085716	-4,208019	-1,852677
-8,152739	-4,399510	-1,957998
-8,171887	-4,399510	-1,977147
-8,162313	-4,294190	-1,967572
-8,143164	-4,322914	-1,871827
-8,124015	-4,351638	-1,833528
-8,095291	-4,131423	-1,766506
-8,085716	-4,016528	-1,814379
-8,133589	-4,303765	-1,910125
-8,191036	-4,303765	-1,996296
-8,152739	-4,322914	-1,910125
-8,028269	-4,342063	-1,756932
-8,028269	-4,275041	-1,776081
-8,047418	-4,121848	-1,651612
-8,056993	-4,083550	-1,756932
-8,104865	-4,418660	-1,929274
-8,076141	-4,217594	-1,814379
-8,018694	-4,255892	-1,862252
-7,989971	-4,523980	-1,871827
-8,037844	-4,198445	-1,689910
-8,066567	-4,112274	-1,613313
-8,114440	-4,217594	-1,785655
-8,133589	-4,198445	-1,957998
-8,056993	-4,265467	-2,092041
-7,989971	-4,389936	-1,996296
-7,942098	-4,437809	-1,756932
-7,951673	-4,294190	-1,699484
-8,018694	-4,121848	-1,709059
-8,076141	-4,160147	-1,852677
-8,114440	-4,409085	-2,053743
-8,114440	-4,389936	-2,101616
-8,056993	-4,332489	-1,977147
-8,037844	-4,361212	-1,843103
-8,028269	-4,361212	-1,843103
-8,056993	-4,447383	-1,871827
-8,066567	-4,504831	-1,823954
-8,124015	-4,409085	-1,871827
-8,076141	-4,227169	-2,034594
-8,037844	-4,093124	-2,082467
-7,989971	-4,169721	-2,025020
-7,951673	-4,284616	-1,833528
-7,913374	-4,370787	-1,776081
-7,989971	-4,409085	-1,814379
-8,085716	-4,322914	-1,843103
-8,133589	-4,188870	-1,890976
-8,104865	-4,150572	-1,843103
-8,028269	-4,198445	-1,795230
-7,961247	-4,284616	-1,814379
-7,846352	-4,409085	-1,776081
-7,913374	-4,437809	-1,871827
-7,980396	-4,610151	-2,082467
-7,989971	-4,322914	-2,053743
-8,047418	-4,131423	-2,005870
-8,047418	-4,198445	-1,948423
-8,085716	-4,322914	-1,881401
-8,162313	-4,476107	-1,862252
-8,133589	-4,437809	-1,871827
-8,104865	-4,389936	-1,910125
-8,037844	-4,255892	-1,948423
-7,942098	-4,198445	-1,919699
-7,961247	-4,275041	-1,929274
-7,970821	-4,342063	-1,977147
-7,942098	-4,361212	-1,948423
-7,989971	-4,361212	-1,871827
-8,047418	-4,255892	-1,881401
-8,037844	-4,208019	-1,948423
-8,009120	-4,131423	-1,938848
-8,018694	-4,284616	-1,929274
-7,961247	-4,552703	-1,919699
-7,999545	-4,610151	-2,005870
-8,047418	-4,476107	-1,967572
-8,009120	-4,303765	-1,852677
-7,989971	-4,236743	-1,833528
-7,951673	-4,198445	-1,919699
-7,951673	-4,361212	-1,948423
-7,989971	-4,466532	-2,015445
-7,989971	-4,543129	-2,063318
-7,989971	-4,476107	-2,063318
-7,980396	-4,370787	-2,015445
-7,999545	-4,227169	-1,957998
-7,970821	-4,418660	-1,919699
-8,009120	-4,591002	-1,948423
-8,018694	-4,456958	-1,996296
-8,056993	-4,456958	-2,005870
-8,037844	-4,456958	-1,957998
-7,970821	-4,342063	-1,919699
-7,961247	-4,208019	-1,938848
-7,980396	-4,313340	-2,092041
-7,970821	-4,533555	-2,130340
-7,951673	-4,399510	-2,034594
-7,942098	-4,284616	-1,929274
-7,970821	-4,370787	-1,938848
-7,989971	-4,361212	-1,996296
-8,018694	-4,294190	-2,092041
-8,018694	-4,409085	-2,178212
-7,999545	-4,533555	-2,053743
-7,903800	-4,428234	-1,919699
-7,903800	-4,418660	-1,910125
-7,942098	-4,504831	-1,957998
-8,047418	-4,389936	-1,996296
-8,085716	-4,389936	-2,072892
-8,018694	-4,351638	-2,063318
-7,932523	-4,332489	-2,005870
-7,846352	-4,456958	-1,890976
-7,788905	-4,456958	-1,871827
-7,884651	-4,476107	-1,996296
-8,047418	-4,552703	-2,082467
-8,047418	-4,409085	-2,092041
-8,047418	-4,294190	-2,101616
-8,018694	-4,227169	-2,111191
-8,018694	-4,294190	-2,005870
-7,942098	-4,418660	-1,996296
-7,903800	-4,437809	-2,034594
-7,913374	-4,409085	-1,957998
-7,951673	-4,428234	-1,929274
-7,989971	-4,380362	-2,015445
-8,047418	-4,227169	-1,986721
-7,989971	-4,188870	-1,929274
-7,989971	-4,265467	-1,957998
-7,913374	-4,428234	-1,957998
-7,922949	-4,495256	-1,938848
-7,961247	-4,466532	-2,044169
-7,970821	-4,380362	-2,044169
-8,028269	-4,294190	-2,072892
-8,056993	-4,428234	-2,025020
-7,989971	-4,552703	-2,034594
-7,970821	-4,600576	-2,034594
-7,942098	-4,418660	-1,967572
-7,951673	-4,447383	-2,053743
-7,942098	-4,456958	-2,044169
-7,932523	-4,361212	-1,977147
-7,932523	-4,332489	-1,919699
-7,913374	-4,447383	-1,967572
-7,989971	-4,485682	-2,111191
-8,018694	-4,447383	-2,101616
-8,018694	-4,361212	-2,005870
-7,989971	-4,351638	-1,890976
-7,932523	-4,246317	-1,948423
-7,903800	-4,246317	-1,996296
-7,836778	-4,409085	-2,168638
-7,942098	-4,466532	-2,312256
-7,980396	-4,342063	-2,168638
-7,999545	-4,303765	-2,044169
-8,037844	-4,351638	-2,072892
-7,970821	-4,456958	-1,977147
-7,932523	-4,418660	-1,881401
-8,018694	-4,476107	-2,101616
-8,066567	-4,610151	-2,149489
-7,980396	-4,591002	-2,044169
-7,942098	-4,504831	-1,948423
-7,894225	-4,409085	-1,938848
-7,846352	-4,399510	-1,871827
-7,846352	-4,456958	-2,015445
-7,913374	-4,533555	-2,111191
-7,999545	-4,447383	-2,111191
-8,066567	-4,370787	-2,082467
-8,037844	-4,332489	-1,986721
-7,989971	-4,236743	-1,977147
-7,913374	-4,389936	-2,044169
-7,903800	-4,466532	-2,092041
-7,951673	-4,399510	-2,130340
-8,018694	-4,495256	-2,101616
-8,028269	-4,456958	-2,130340
-7,980396	-4,322914	-2,139914
-7,922949	-4,418660	-1,977147
-7,875076	-4,485682	-1,862252
-7,922949	-4,447383	-1,871827
-7,980396	-4,351638	-2,025020
-8,018694	-4,543129	-2,216511
-8,009120	-4,514405	-2,168638
-7,961247	-4,342063	-1,977147
-7,961247	-4,361212	-1,881401
-7,903800	-4,418660	-1,986721
-7,884651	-4,399510	-2,130340
-7,913374	-4,495256	-2,206936
-7,989971	-4,552703	-2,187787
-8,037844	-4,466532	-2,159063
-8,018694	-4,361212	-2,072892
-7,970821	-4,361212	-2,005870
-7,903800	-4,361212	-1,967572
-7,855927	-4,361212	-2,034594
-7,846352	-4,428234	-2,015445
-7,884651	-4,562278	-2,034594
-7,961247	-4,667598	-2,005870
-7,999545	-4,418660	-2,005870
-7,999545	-4,275041	-2,034594
-7,970821	-4,322914	-2,025020
-7,894225	-4,428234	-2,053743
-7,846352	-4,495256	-2,120765
-7,894225	-4,581427	-2,092041
-7,961247	-4,533555	-2,082467
-7,999545	-4,543129	-2,072892
-8,009120	-4,418660	-2,101616
-7,999545	-4,370787	-1,986721
-7,942098	-4,504831	-1,919699
-7,884651	-4,581427	-2,044169
-7,836778	-4,619725	-2,063318
-7,836778	-4,571853	-1,948423
-7,894225	-4,667598	-1,977147
-7,942098	-4,456958	-2,034594
-7,894225	-4,140997	-2,092041
-7,855927	-4,255892	-2,235660
-7,808054	-4,552703	-2,159063
-7,779330	-4,571853	-1,977147
-7,855927	-4,466532	-1,862252
-7,913374	-4,370787	-1,890976
-7,942098	-4,342063	-1,948423
-7,970821	-4,447383	-2,044169
-7,903800	-4,696322	-2,101616
-7,894225	-4,792068	-2,092041
-7,884651	-4,792068	-2,072892
-7,951673	-4,610151	-2,044169
-8,028269	-4,351638	-2,082467
-7,999545	-4,351638	-2,245234
-7,942098	-4,523980	-2,350555
-7,884651	-4,600576	-2,254809
-7,855927	-4,600576	-2,159063
-7,836778	-4,533555	-2,053743
-7,884651	-4,361212	-2,072892
-7,903800	-4,476107	-2,082467
-7,951673	-4,456958	-2,082467
-7,884651	-4,389936	-2,044169
-7,827203	-4,543129	-1,938848
-7,798480	-4,514405	-1,948423
-7,808054	-4,466532	-1,996296
-7,808054	-4,495256	-2,082467
-7,817628	-4,533555	-2,101616
-7,865501	-4,399510	-2,072892
-7,884651	-4,591002	-2,063318
-7,875076	-4,725046	-2,044169
-7,922949	-4,447383	-2,005870
-7,970821	-4,409085	-2,072892
-7,961247	-4,571853	-2,120765
-7,942098	-4,600576	-2,149489
-7,913374	-4,581427	-2,178212
-7,855927	-4,677173	-2,120765
-7,855927	-4,533555	-2,120765
-7,903800	-4,485682	-2,159063
-7,951673	-4,543129	-2,063318
-7,999545	-4,428234	-2,053743
-7,913374	-4,466532	-2,101616
-7,827203	-4,476107	-2,149489
-7,827203	-4,562278	-2,063318
-7,827203	-4,562278	-2,044169
-7,846352	-4,466532	-2,111191
-7,884651	-4,571853	-2,111191
-7,942098	-4,619725	-2,130340
-7,942098	-4,504831	-2,063318
-7,855927	-4,476107	-2,034594
-7,836778	-4,581427	-1,957998
-7,779330	-4,523980	-1,967572
-7,779330	-4,485682	-1,996296
-7,894225	-4,476107	-2,130340
-7,961247	-4,629300	-2,149489
-7,961247	-4,610151	-2,092041
-7,951673	-4,437809	-2,072892
-7,922949	-4,456958	-2,101616
-7,846352	-4,543129	-2,130340
-7,779330	-4,447383	-2,072892
-7,836778	-4,552703	-2,082467
-7,884651	-4,600576	-2,130340
-7,894225	-4,533555	-2,130340
-7,932523	-4,437809	-2,149489
-7,951673	-4,351638	-2,025020
-7,894225	-4,361212	-1,986721
-7,808054	-4,533555	-2,025020
-7,855927	-4,638875	-2,072892
-7,932523	-4,619725	-2,082467
-7,970821	-4,533555	-2,111191
-7,942098	-4,447383	-2,187787
-7,903800	-4,428234	-2,111191
-7,855927	-4,543129	-2,197362
-7,836778	-4,677173	-2,216511
-7,846352	-4,581427	-2,111191
-7,932523	-4,571853	-2,053743
-7,970821	-4,610151	-2,178212
-7,942098	-4,495256	-2,178212
-7,922949	-4,428234	-2,053743
-7,875076	-4,437809	-1,977147
-7,884651	-4,476107	-2,044169
-7,865501	-4,562278	-2,063318
-7,865501	-4,600576	-2,101616
-7,894225	-4,476107	-2,168638
-7,865501	-4,380362	-2,168638
-7,922949	-4,332489	-2,168638
-7,865501	-4,447383	-2,226085
-7,836778	-4,447383	-2,187787
-7,865501	-4,476107	-2,111191
-7,913374	-4,533555	-2,072892
-7,932523	-4,409085	-2,111191
-7,894225	-4,476107	-2,149489
-7,865501	-4,581427	-2,063318
-7,865501	-4,543129	-2,092041
-7,913374	-4,638875	-2,197362
-7,942098	-4,725046	-2,216511
-7,961247	-4,543129	-2,187787
-7,894225	-4,476107	-2,159063
-7,827203	-4,543129	-2,044169
-7,817628	-4,571853	-2,053743
-7,846352	-4,552703	-2,120765
-7,922949	-4,600576	-2,206936
-7,999545	-4,456958	-2,187787
-7,932523	-4,294190	-2,178212
-7,808054	-4,399510	-2,168638
-7,760181	-4,543129	-2,072892
-7,779330	-4,495256	-2,082467
-7,903800	-4,523980	-2,235660
-7,951673	-4,514405	-2,273958
-7,942098	-4,485682	-2,206936
-7,875076	-4,485682	-2,139914
-7,846352	-4,591002	-2,044169
-7,808054	-4,552703	-2,072892
-7,932523	-4,466532	-2,111191
