0,475281	0,585373	9,872986
0,462112	0,707474	10,058533
0,422607	0,755356	10,064514
0,362747	0,735001	9,991501
0,383102	0,688324	10,042969
0,365143	0,742188	10,087265
0,362747	0,829575	10,154297
0,311279	0,881058	10,029800
0,416626	0,851120	9,901718
0,495621	0,866684	9,670670
0,471680	0,906189	9,275635
0,500412	0,854721	9,106842
0,685959	0,818802	9,099655
0,726669	0,854721	9,062546
0,808075	0,857101	9,151138
0,894257	0,784088	9,325912
0,895462	0,811615	9,474350
0,805679	0,831970	9,504272
0,775742	0,775711	9,584488
0,764969	0,764938	9,607224
0,760193	0,788879	9,712570
0,763779	0,814011	9,826294
0,763779	0,780487	9,777222
0,703918	0,711060	9,675461
0,638077	0,740997	9,523422
0,672791	0,774506	9,529419
0,776947	0,736206	9,680252
0,944534	0,673950	9,743698
0,937363	0,737396	9,613205
0,871521	0,751770	9,404922
0,851166	0,688324	9,293579
0,758987	0,687119	9,257675
0,693146	0,735001	9,286407
0,735046	0,731415	9,491104
0,836807	0,711060	9,665878
0,955307	0,671555	9,738907
1,003204	0,632050	9,869385
1,035522	0,633255	10,047760
0,967285	0,725433	10,070511
0,926590	0,719437	10,058533
0,960098	0,721832	10,048950
1,005585	0,775711	9,803558
0,999603	0,751770	9,604828
0,946930	0,796051	9,517441
0,931366	0,899002	9,572510
1,012772	0,864288	9,675461
1,072632	0,824783	9,646729
1,006790	0,786484	9,483932
0,991226	0,804443	9,401321
1,015167	0,840347	9,574905
1,109741	0,827179	9,779602
1,144455	0,809219	9,659897
1,070236	0,804443	9,453995
0,994812	0,849930	9,527023
1,000809	0,877457	9,627579
1,089386	0,859497	9,495895
1,138474	0,828384	9,471954
1,193542	0,840347	9,601242
1,325211	0,821198	9,694611
1,350357	0,867889	9,734116
1,309662	0,860703	9,724548
1,266556	0,865494	9,756866
1,168396	0,854721	9,677856
1,119324	0,926544	9,734116
1,207901	0,925339	9,870590
1,330002	0,960052	9,850235
1,419785	0,962448	9,647934
1,446121	0,881058	9,612015
1,417389	0,909775	9,755661
1,462891	0,900208	9,951996
1,501190	0,907394	9,855026
1,465286	0,909775	9,688629
1,416199	0,942108	9,538986
1,516754	0,932526	9,521042
1,602951	0,852325	9,638351
1,631683	0,805634	9,598846
1,649628	0,839157	9,525818
1,605347	0,836761	9,573715
1,547882	0,794861	9,656311
1,448517	0,816406	9,749680
1,426971	0,845139	9,847839
1,431763	0,749374	9,876572
1,392258	0,705078	9,963959
1,321625	0,799652	10,053741
1,356339	0,768524	10,153107
1,393448	0,687119	10,154297
1,501190	0,688324	10,256058
1,619705	0,687119	10,258453
1,619705	0,677536	10,162674
1,596954	0,632050	10,031006
1,543091	0,640427	10,065720
1,500000	0,639236	10,053741
1,497604	0,599731	10,065720
1,443726	0,587753	10,115997
1,424576	0,561432	10,094452
1,400635	0,605713	10,070511
1,434158	0,664383	10,045364
1,489227	0,627258	9,985504
1,581390	0,573395	10,007065
1,547882	0,599731	10,052551
1,513168	0,640427	10,171066
1,442535	0,603317	10,324295
1,392258	0,622482	10,479919
1,434158	0,646423	10,683426
1,492813	0,596146	10,867767
1,561050	0,457275	11,034164
1,543091	0,446503	11,162262
1,394653	0,550644	11,131134
1,328812	0,529099	11,022202
1,316833	0,521927	10,866577
1,297684	0,543472	10,775604
1,337189	0,550644	10,681030
1,455704	0,636841	10,517029
1,678360	0,766129	10,260849
1,847153	0,808029	9,986710
1,918976	0,806824	9,644333
2,025528	0,866684	9,347458
2,139252	1,019913	9,263657
2,280502	1,001953	9,178665
2,387039	0,955276	9,122406
2,364304	1,013931	9,143951
2,384659	1,072586	9,306747
2,408600	1,076172	9,432449
2,391830	1,217438	9,566528
2,426544	1,273697	9,803558
2,360718	1,260529	9,926849
2,134460	1,362289	10,002274
1,989609	1,375458	10,009445
1,950104	1,358688	10,028610
1,945312	1,413757	10,115997
1,969254	1,479599	10,239288
2,157196	1,489182	10,392517
2,322403	1,501144	10,294357
2,343948	1,570587	10,139938
2,257767	1,595718	9,920868
2,170364	1,707047	9,734116
2,108124	1,833939	9,627579
2,176361	1,805206	9,371399
2,306839	1,772888	9,171478
2,395432	1,837540	9,220566
2,410995	1,912949	9,301971
2,328384	1,933304	9,353439
2,348740	1,906967	9,437241
2,511551	1,904572	9,693420
2,665970	1,941681	9,723343
2,716248	2,006332	9,602432
2,622879	2,026672	9,564133
2,482819	1,984772	9,594055
2,403809	1,962036	9,674271
2,323593	1,991959	9,676651
2,329590	1,976395	9,867004
2,359512	1,990768	10,054947
2,293671	2,017105	10,004669
2,352325	2,111664	9,917282
2,425354	2,112869	9,867004
2,460068	2,081741	9,749680
2,375076	2,085327	9,559341
2,302048	2,116455	9,331894
2,339157	2,159561	9,335480
2,396622	2,187088	9,477936
2,394226	2,166733	9,360626
2,370285	2,218216	9,074524
2,324799	2,285248	9,027832
2,278107	2,267288	9,147537
2,214661	2,285248	9,019455
2,152420	2,300812	8,887772
2,134460	2,376236	8,844681
2,134460	2,382217	8,940445
2,144028	2,407349	9,033813
2,151215	2,437286	9,005081
2,148819	2,442078	9,007477
2,232620	2,518692	9,081696
2,335571	2,625229	9,030228
2,445709	2,608475	8,935654
2,518723	2,633606	9,052963
2,450485	2,703033	9,189438
2,415771	2,718597	9,352249
2,346344	2,728180	9,521042
2,294876	2,723389	9,754471
2,337967	2,662338	10,112396
2,359512	2,710220	10,338654
2,328384	2,705429	10,275208
2,281708	2,558182	10,396118
2,183533	2,529465	10,823486
2,076996	2,510300	11,146698
2,021927	2,428909	11,376541
1,986023	2,383408	11,594421
1,987213	2,432495	11,595612
1,962082	2,430099	11,475906
1,923767	2,430099	11,286758
1,909409	2,473190	11,129944
1,988419	2,489960	11,113174
2,194321	2,497131	11,018616
2,258957	2,522278	10,574478
2,202698	2,541428	10,143524
2,065033	2,645584	9,896927
1,939331	2,669525	9,707779
1,848358	2,692261	9,504272
1,857925	2,737747	9,479141
1,939331	2,800003	9,531815
2,003967	2,870636	9,449203
2,065033	2,817963	9,337875
2,073410	2,789230	9,225357
2,011154	2,875427	9,188248
1,980026	2,925705	9,286407
2,021927	2,914932	9,432449
2,079391	2,930481	9,550964
2,111710	2,952042	9,776016
2,217056	2,965210	10,015442
2,235016	3,035828	10,047760
2,075806	3,122025	10,076492
1,983627	3,192657	10,087265
1,905807	3,212997	10,087265
1,932144	3,247726	10,118393
2,023132	3,319550	10,120789
2,030304	3,387787	9,973541
2,050659	3,429672	9,810730
2,178757	3,487137	9,823898
2,396622	3,523056	9,631165
2,327194	3,667908	9,173874
2,244598	3,661911	8,944031
2,182343	3,683456	8,990723
2,088974	3,803177	9,092468
2,084183	3,835495	9,108032
2,068619	3,861832	9,227753
2,112915	3,933655	9,533005
2,358322	3,965973	9,665878
2,387039	4,024643	9,242111
2,281708	4,153931	8,815948
2,235016	4,235321	8,571732
2,256561	4,286804	8,552582
2,243393	4,274826	8,656723
2,117706	4,346664	8,783615
1,999191	4,437637	8,838684
2,035095	4,442429	8,802780
2,110519	4,462784	8,765671
2,134460	4,595657	8,721375
2,079391	4,714172	8,440048
2,094955	4,759659	8,103668
2,206284	4,841064	7,942062
2,275711	4,990692	7,985153
2,436127	5,031403	7,940857
2,495987	5,012253	7,523071
2,421768	5,056534	7,270493
2,317612	5,159485	7,309982
2,231430	5,251663	7,521881
2,156006	5,321091	7,694260
2,254166	5,317505	7,804398
2,324799	5,312714	7,610458
2,270935	5,424042	7,473999
2,273315	5,516220	7,554199
2,251770	5,479111	7,519485
2,050659	5,568893	7,269287
1,868698	5,656281	7,286041
1,874695	5,659882	7,524277
1,907013	5,692200	7,517090
1,986023	5,710159	7,341110
2,157196	5,629944	7,058594
2,205093	5,656281	6,748550
2,001587	5,547348	6,413361
1,656815	5,330673	6,236191
1,149246	5,319901	6,772491
0,648849	5,851410	8,557373
0,677582	6,446365	10,056137
0,918198	6,417648	9,698212
1,112137	6,135132	8,918900
1,428162	6,113571	8,608841
1,881866	6,224915	8,456818
2,193115	6,324265	7,749329
2,079391	6,382919	6,500748
1,885468	6,398483	5,318008
1,765747	6,536148	4,837982
1,811234	6,642700	5,043884
1,811234	6,780365	5,294067
1,760956	6,901276	5,389847
1,849548	6,925217	5,355118
2,076996	6,946762	5,547852
2,172760	7,034149	5,898605
2,150024	7,041336	6,106903
2,007568	7,038940	6,193100
1,781311	7,030563	6,266113
1,637665	7,132309	6,507935
1,553864	7,242447	6,601303
1,351547	7,289139	6,197876
1,340775	7,323853	5,713058
1,675964	7,411240	5,804031
2,084183	7,582428	5,783691
2,238602	7,638687	5,091766
2,290085	7,603973	4,593765
2,294876	7,751205	4,672775
2,098541	7,864944	4,895432
1,929749	7,838608	5,023529
1,707092	7,863739	5,072601
1,513168	7,869720	5,304840
1,395844	7,858948	5,601730
1,377884	7,928391	5,819595
1,284515	8,019363	5,885437
1,290497	7,991837	5,757355
1,295288	8,057663	5,440125
1,322830	8,094788	5,252167
1,430557	8,088791	5,359909
1,471268	8,185760	5,511948
1,495209	8,206116	5,480820
1,565842	8,218079	5,344345
1,708298	8,289902	5,024719
1,772934	8,322235	4,439346
1,695129	8,343781	4,101761
1,599350	8,379684	4,424973
1,382675	8,408417	4,703903
1,083405	8,376099	4,739807
0,928970	8,321030	5,058243
0,836807	8,398849	5,343155
0,724274	8,467072	5,447296
0,776947	8,445526	5,527512
0,860748	8,513763	5,455673
1,021149	8,558060	5,212662
1,016373	8,614319	4,554260
0,915802	8,705307	3,784531
0,785324	8,751984	3,462509
0,598572	8,813034	3,573837
0,363953	8,860931	3,737839
0,137695	8,797485	3,703125
0,037140	8,784317	4,004791
0,080231	8,899231	4,503983
0,207123	8,880081	4,617706
0,323242	8,815430	4,265762
0,407043	8,769943	3,909027
0,331619	8,827408	3,833603
0,252609	8,839371	3,849167
0,337616	8,838181	3,751007
0,398666	8,838181	3,387085
0,368729	8,811844	2,958527
0,238251	8,826202	2,957336
0,096985	8,875290	2,977676
-0,063416	8,842972	3,105774
-0,268127	8,877686	3,174011
-0,433319	8,856140	3,346390
-0,458466	8,732834	3,475677
-0,417755	8,748398	3,630096
-0,488388	8,845367	3,725876
-0,615280	8,845367	3,523560
-0,781677	8,816635	3,303299
-0,890610	8,801071	3,282944
-0,931320	8,775925	3,282944
-1,000748	8,741211	3,226685
-0,993561	8,712479	3,342804
-0,866669	8,724457	3,434967
-0,821182	8,716080	3,051895
-0,854706	8,617920	2,637711
-0,873856	8,610733	2,580246
-0,961243	8,760376	2,491653
-1,127640	8,676575	2,322861
-1,347916	8,562851	2,148087
-1,489166	8,562851	2,130127
-1,625641	8,614319	2,085846
-1,750137	8,631088	1,882339
-1,728592	8,559250	2,061905
-1,639999	8,595169	1,782974
-1,593307	8,608337	1,176041
-1,356293	8,535309	0,986908
-1,434097	8,544891	0,789383
-1,552612	8,402435	0,771423
-1,723801	8,322235	1,258652
-1,883011	8,383286	1,748260
-2,149963	8,406021	1,938599
-2,353470	8,352158	2,017609
-2,331924	8,422791	2,166046
-2,291229	8,505386	2,166046
-2,242142	8,428772	1,935013
-2,297211	8,359344	1,647705
-2,409744	8,362930	1,420258
-2,492340	8,324631	1,365189
-2,619232	8,298294	1,469330
-2,841888	8,318634	1,593826
-3,102859	8,307861	1,592636
-3,297989	8,230057	1,599823
-3,333893	8,177383	1,656082
-3,373398	8,244415	1,666855
-3,379395	8,210892	1,439407
-3,315948	8,145065	1,155701
-3,228546	8,080414	0,882751
-3,147156	8,036118	0,626572
-3,108841	8,031342	0,554749
-3,253693	8,039719	0,366806
-3,501495	7,954712	0,129776
-3,683456	7,863739	0,152527
-3,961182	7,870926	0,357224
-4,343048	7,866135	0,401520
-4,536987	7,721283	0,497284
-4,581284	7,668610	0,712769
-4,473541	7,723679	0,785797
-4,247284	7,621933	0,645737
-4,094055	7,438766	0,362015
-4,071320	7,489044	-0,043808
-4,114410	7,472290	-0,271255
-4,198212	7,481857	-0,134781
-4,463959	7,508194	-0,053375
-4,769226	7,473480	0,194427
-5,018219	7,429199	0,188431
-5,188202	7,398071	0,053162
-5,200180	7,388489	0,042389
-5,166656	7,383698	0,071121
-5,158279	7,280746	0,036407
-5,169052	7,207733	-0,017471
-5,115189	7,222092	0,034012
-4,934418	7,182587	-0,180267
-4,965546	7,107178	-0,695023
-5,206161	7,070068	-0,832687
-5,372559	7,072449	-0,633972
-5,610779	7,031754	-0,283218
-5,883728	6,970703	-0,107254
-5,981888	6,894089	0,075912
-5,863373	6,897675	0,253082
-5,701767	6,882111	0,176468
-5,607193	6,807892	-0,159912
-5,682617	6,745651	-0,467575
-5,747253	6,756424	-0,678268
-5,805908	6,762405	-0,738113
-5,924423	6,749237	-0,789597
-6,053711	6,712128	-0,942825
-6,216522	6,731277	-0,898529
-6,397278	6,714523	-0,784805
-6,556488	6,712128	-0,799164
-6,683380	6,682205	-0,789597
-6,815063	6,653473	-0,718964
-6,922806	6,619949	-0,690231
-6,884506	6,593613	-0,538208
-6,810272	6,503830	-0,404129
-6,722885	6,441589	-0,457993
-6,788727	6,433197	-0,570526
-6,861755	6,424820	-0,681854
-6,908447	6,460739	-0,715378
-6,828232	6,449966	-0,529831
-6,695358	6,405670	-0,740509
-6,561279	6,263214	-1,106827
-6,482269	6,300323	-1,165482
-6,378128	6,369751	-1,098450
-6,428406	6,321869	-1,080490
-6,637894	6,246460	-1,070908
-6,727676	6,162659	-0,900925
-6,637894	6,127945	-0,642349
-6,551712	6,112381	-0,667496
-6,431992	6,016617	-0,809952
-6,267990	5,902893	-0,843460
-6,117157	5,826279	-0,893738
-6,142303	5,776001	-0,903320
-6,332642	5,761627	-0,892548
-6,508606	5,683823	-0,842270
-6,709717	5,671844	-0,806351
-6,963501	5,700577	-0,663895
-7,155045	5,724518	-0,432861
-7,286728	5,726913	-0,468765
-7,381302	5,725723	-0,642349
-7,354965	5,731705	-0,680664
-7,255600	5,713745	-0,653122
-7,162231	5,711349	-0,727341
-7,093994	5,729309	-0,922470
-6,974289	5,711349	-1,240906
-6,975479	5,675446	-1,421661
-7,047302	5,668259	-1,450394
-7,202927	5,696991	-1,204987
-7,313065	5,638336	-0,885361
-7,253204	5,555725	-0,710587
-7,175400	5,522217	-0,856628
-7,128708	5,471939	-1,055344
-7,058075	5,392929	-0,973953
-6,970688	5,427643	-0,928452
-6,916824	5,402496	-0,954788
-6,833023	5,392929	-0,875778
-6,867737	5,364197	-0,812332
-7,000626	5,351028	-0,769241
-7,084412	5,319901	-0,764450
-7,266373	5,318710	-0,728546
-7,490234	5,333069	-0,699814
-7,448334	5,322296	-0,618408
-7,316650	5,303146	-0,666290
-7,213699	5,216949	-0,893738
-7,292709	5,172653	-1,092468
-7,395660	5,169067	-1,263641
-7,420807	5,154694	-1,287582
-7,483047	5,129562	-1,323502
-7,578812	5,134354	-1,486313
-7,599167	5,166672	-1,564117
-7,447144	5,060135	-1,479126
-7,430374	5,039780	-1,400116
-7,490234	5,085266	-1,333084
-7,484253	4,940414	-1,257660
-7,584808	4,880569	-1,275620
-7,722473	4,857819	-1,256470
-7,833801	4,795563	-1,070908
-7,969070	4,758453	-0,880569
-7,988220	4,740509	-0,812332
-7,947525	4,691422	-0,882965
-7,925980	4,679459	-1,084076
-7,912811	4,701004	-1,311523
-7,830215	4,659103	-1,576096
-7,723663	4,648331	-1,876556
-7,715286	4,665085	-1,990280
-7,710495	4,631561	-2,042953
-7,690155	4,584885	-2,143509
-7,795486	4,581284	-2,166260
-7,929565	4,582489	-1,996277
-8,028931	4,526230	-2,001068
-8,245605	4,456787	-1,918457
-8,370102	4,422073	-1,778397
-8,427567	4,441223	-1,584473
-8,493408	4,396942	-1,588058
-8,429962	4,298767	-1,503067
-8,335388	4,276031	-1,433640
-8,354538	4,292786	-1,505463
-8,358124	4,259262	-1,564117
-8,291092	4,232925	-1,554535
-8,258774	4,265259	-1,667068
-8,300674	4,185043	-1,734100
-8,276733	4,129990	-1,756851
-8,342575	4,144348	-1,796356
-8,467072	4,139557	-1,840652
-8,547272	4,116821	-1,930435
-8,577194	4,060547	-1,947189
-8,534103	4,013870	-1,878952
-8,485031	4,021042	-1,825089
-8,513748	4,033020	-1,876556
-8,458694	3,995911	-1,785583
-8,421570	4,017456	-1,663483
-8,439529	4,055756	-1,685028
-8,523331	4,036606	-1,841843
-8,577194	3,974365	-1,837051
-8,637054	4,016251	-1,706573
-8,707687	4,086884	-1,674255
-8,729233	4,070129	-1,595245
-8,725647	3,982742	-1,614395
-8,677750	3,956406	-1,706573
-8,675369	4,039001	-1,640732
-8,665787	4,018646	-1,509048
-8,631073	3,959991	-1,488708
-8,548477	3,937256	-1,570099
-8,463470	3,901337	-1,603622
-8,446716	3,872604	-1,623978
-8,461075	3,860641	-1,650314
-8,516144	3,886978	-1,650314
-8,535309	3,886978	-1,580872
-8,538895	3,864227	-1,662277
-8,577194	3,896545	-1,748474
-8,647827	3,926468	-1,805939
-8,599945	3,919296	-1,780792
-8,518539	3,926468	-1,682632
-8,529312	3,964783	-1,747269
-8,552063	3,963593	-1,868179
-8,543686	3,967178	-1,808334
-8,544876	4,011475	-1,809525
-8,535309	4,027039	-1,760437
-8,455093	4,022247	-1,615601
-8,417984	4,018646	-1,584473
-8,428757	4,058151	-1,572495
-8,380875	4,078506	-1,592850
-8,392853	4,115616	-1,650314
-8,398834	4,106033	-1,708969
-8,384460	4,080902	-1,755661
-8,332993	4,170685	-1,710159
-8,274338	4,216171	-1,673050
-8,183350	4,199417	-1,677841
-8,215683	4,238922	-1,646713
-8,214478	4,287994	-1,585663
-8,201309	4,339478	-1,513840
-8,171387	4,355042	-1,431244
-8,097168	4,388550	-1,470749
-8,112732	4,412491	-1,661087
-8,100754	4,398132	-1,729324
-8,173782	4,420883	-1,764038
-8,248001	4,481934	-1,792770
-8,336578	4,493896	-1,762833
-8,307846	4,441223	-1,731720
-8,265961	4,417282	-1,634750
-8,248001	4,375381	-1,585663
-8,275528	4,412491	-1,477921
-8,258774	4,396942	-1,461166
-8,227646	4,367004	-1,580872
-8,207291	4,345459	-1,671860
-8,204895	4,416092	-1,679047
-8,242020	4,390945	-1,719742
-8,379684	4,377777	-1,766434
-8,498184	4,399323	-1,620377
-8,566422	4,380173	-1,415680
-8,633469	4,349045	-1,268433
-8,601135	4,345459	-1,188232
-8,413193	4,298767	-1,169083
-8,231232	4,241318	-1,172668
-8,072021	4,173080	-1,280411
-8,003784	4,151535	-1,306747
-7,955902	4,145538	-1,251678
-7,922379	4,156311	-1,295975
-7,979843	4,149139	-1,398926
-8,052872	4,175476	-1,544968
-8,084000	4,200607	-1,716156
-8,106735	4,181458	-1,819107
-8,170181	4,174271	-1,974731
-8,164200	4,157516	-1,997467
-8,178558	4,220963	-1,895721
-8,318634	4,197021	-1,855011
-8,496994	4,176666	-1,835861
-8,669373	4,161102	-1,667068
-8,766342	4,201813	-1,301956
-8,826202	4,205399	-1,094849
-8,876480	4,191040	-1,033798
-8,748383	4,191040	-1,046967
-8,498184	4,078506	-1,070908
-8,332993	4,079697	-1,218155
-8,224060	4,100052	-1,353424
-8,105545	4,078506	-1,331879
-8,067230	4,068924	-1,391739
-8,002594	4,073715	-1,653900
-7,996613	4,095261	-1,896912
-8,129486	4,106033	-2,030991
-8,191727	4,205399	-2,028595
-8,250397	4,264053	-2,005844
-8,270737	4,197021	-1,906494
-8,273132	4,149139	-1,841843
-8,310242	4,171875	-1,784378
-8,362915	4,182648	-1,815506
-8,385666	4,207794	-1,807129
-8,385666	4,220963	-1,809525
-8,412003	4,204208	-1,844238
-8,444321	4,189835	-1,798752
-8,505371	4,243713	-1,712555
-8,502975	4,183853	-1,671860
-8,510162	4,174271	-1,601227
-8,493408	4,206604	-1,576096
-8,519745	4,213776	-1,646713
-8,462280	4,189835	-1,683823
-8,428757	4,139557	-1,676651
-8,408401	4,207794	-1,722137
-8,400024	4,212585	-1,710159
-8,374893	4,200607	-1,738892
-8,362915	4,217377	-1,820297
-8,367706	4,236526	-1,838257
-8,368912	4,230545	-1,826279
-8,291092	4,206604	-1,785583
-8,281509	4,234131	-1,731720
-8,262360	4,231735	-1,702988
-8,275528	4,193436	-1,743683
-8,313843	4,238922	-1,740097
-8,309052	4,277222	-1,651505
-8,292297	4,211380	-1,516235
-8,329407	4,250885	-1,639542
-8,385666	4,299973	-1,571304
-8,390457	4,207794	-1,530594
-8,371292	4,217377	-1,580872
-8,389252	4,205399	-1,517426
-8,408401	4,164703	-1,465958
-8,368912	4,169479	-1,532990
-8,276733	4,164703	-1,497086
-8,286301	4,152725	-1,515045
-8,329407	4,195816	-1,583267
-8,288696	4,198212	-1,571304
-8,232437	4,217377	-1,562927
-8,227646	4,210190	-1,576096
-8,192932	4,192230	-1,621582
-8,255173	4,189835	-1,696991
-8,287506	4,179062	-1,783188
-8,294678	4,201813	-1,844238
-8,289902	4,222153	-1,673050
-8,318634	4,186249	-1,668274
-8,404816	4,159912	-1,754456
-8,433548	4,129990	-1,657486
-8,453903	4,162308	-1,516235
-8,455093	4,182648	-1,410889
-8,421570	4,141953	-1,286392
-8,408401	4,088089	-1,323502
-8,364120	4,066544	-1,359421
-8,291092	4,066544	-1,316315
-8,249191	4,121597	-1,447998
-8,279129	4,122803	-1,608414
-8,273132	4,101257	-1,651505
-8,304260	4,152725	-1,742493
-8,386856	4,156311	-1,718552
-8,420380	4,153931	-1,641937
-8,435944	4,145538	-1,614395
-8,378479	4,137161	-1,632355
-8,378479	4,125198	-1,623978
-8,372498	4,132370	-1,705383
-8,325806	4,112030	-1,844238
-8,319824	4,107239	-1,839447
-8,286301	4,095261	-1,793961
-8,328201	4,108429	-1,797546
-8,329407	4,120407	-1,829880
-8,321014	4,144348	-1,779602
-8,392853	4,163498	-1,753265
-8,461075	4,128784	-1,738892
-8,524521	4,175476	-1,771210
-8,449112	4,236526	-1,634750
-8,370102	4,265259	-1,612000
-8,307846	4,177872	-1,736496
-8,298279	4,163498	-1,877762
-8,372498	4,243713	-1,789169
-8,397629	4,247299	-1,567703
-8,459885	4,220963	-1,408493
-8,572418	4,217377	-1,372589
-8,542480	4,235321	-1,368988
-8,467072	4,231735	-1,270828
-8,391647	4,197021	-1,237305
-8,329407	4,236526	-1,288788
-8,244400	4,220963	-1,318710
-8,125900	4,151535	-1,385757
-8,015762	4,165894	-1,476730
-7,988220	4,200607	-1,562927
-8,052872	4,192230	-1,661087
-8,112732	4,205399	-1,680237
-8,188141	4,185043	-1,748474
-8,258774	4,167099	-1,764038
-8,332993	4,199417	-1,663483
-8,397629	4,197021	-1,524612
-8,491013	4,210190	-1,532990
-8,468262	4,198212	-1,517426
-8,422775	4,165894	-1,475540
-8,371292	4,153931	-1,415680
-8,356934	4,197021	-1,488708
-8,310242	4,182648	-1,583267
-8,262360	4,116821	-1,620377
-8,287506	4,149139	-1,737701
-8,258774	4,180267	-1,734100
-8,196518	4,174271	-1,582077
-8,204895	4,173080	-1,594040
-8,271942	4,151535	-1,637146
-8,380875	4,170685	-1,566513
-8,379684	4,175476	-1,530594
-8,346161	4,131180	-1,572495
-8,370102	4,174271	-1,524612
-8,394043	4,253281	-1,549759
-8,437134	4,201813	-1,639542
-8,471863	4,183853	-1,803543
-8,415588	4,191040	-1,776001
-8,353348	4,167099	-1,768829
-8,380875	4,170685	-1,914871
-8,416794	4,219772	-1,886139
-8,360519	4,224548	-1,724533
-8,350952	4,226944	-1,673050
-8,257568	4,213776	-1,622772
-8,152237	4,218567	-1,623978
-8,078003	4,179062	-1,694595
-8,058853	4,207794	-1,820297
-8,034912	4,274826	-1,962753
-8,067230	4,224548	-2,007050
-8,212082	4,254486	-2,001068
-8,362915	4,311935	-1,926834
-8,451508	4,309540	-1,823883
-8,467072	4,256882	-1,761642
-8,463470	4,260468	-1,764038
-8,419189	4,249695	-1,689819
-8,372498	4,237717	-1,663483
-8,370102	4,262863	-1,740097
-8,350952	4,210190	-1,811920
-8,303070	4,204208	-1,767624
-8,233627	4,182648	-1,639542
-8,228851	4,238922	-1,681427
-8,269547	4,208984	-1,810715
-8,208496	4,180267	-1,849030
-8,158218	4,185043	-1,853821
-8,176178	4,214981	-1,853821
-8,184555	4,253281	-1,857407
-8,263565	4,226944	-1,860992
-8,338974	4,250885	-1,841843
-8,341370	4,211380	-1,840652
-8,340179	4,188644	-1,821503
-8,377289	4,267654	-1,834671
-8,404816	4,310745	-1,871780
-8,389252	4,297577	-1,802338
-8,373688	4,282013	-1,762833
-8,276733	4,296387	-1,679047
-8,167786	4,284409	-1,638336
-8,118713	4,238922	-1,714951
-8,154617	4,259262	-1,724533
-8,244400	4,289200	-1,755661
-8,281509	4,256882	-1,779602
-8,250397	4,235321	-1,606018
-8,262360	4,228149	-1,509048
-8,275528	4,193436	-1,487503
-8,282715	4,170685	-1,445602
-8,176178	4,147934	-1,388138
-8,140259	4,170685	-1,444412
-8,165390	4,175476	-1,442017
-8,248001	4,147934	-1,467148
-8,218063	4,098862	-1,412094
-8,269547	4,129990	-1,388138
-8,293488	4,162308	-1,476730
-8,303070	4,134766	-1,436035
-8,325806	4,191040	-1,374969
-8,328201	4,205399	-1,463562
-8,304260	4,151535	-1,619186
-8,335388	4,141953	-1,662277
-8,329407	4,187439	-1,670654
-8,283905	4,193436	-1,711365
-8,373688	4,213776	-1,754456
-8,407211	4,195816	-1,734100
-8,419189	4,191040	-1,647919
-8,447906	4,192230	-1,663483
-8,421570	4,175476	-1,742493
-8,273132	4,141953	-1,713760
-8,210892	4,158707	-1,776001
-8,151031	4,163498	-1,896912
-8,179764	4,137161	-1,910080
-8,218063	4,157516	-1,877762
-8,349747	4,129990	-1,923248
-8,488617	4,127594	-1,937607
-8,607132	4,126389	-1,858612
-8,638260	4,175476	-1,673050
-8,564026	4,109634	-1,627563
-8,514954	4,064148	-1,689819
-8,492203	4,078506	-1,730515
-8,401230	4,083298	-1,758057
-8,312637	4,064148	-1,694595
-8,325806	4,110825	-1,694595
-8,370102	4,097656	-1,799942
-8,304260	4,005478	-1,747269
-8,287506	4,022247	-1,719742
-8,282715	4,100052	-1,796356
-8,350952	4,077316	-1,738892
-8,414398	4,059357	-1,653900
-8,519745	4,077316	-1,653900
-8,546082	4,086884	-1,604813
-8,496994	4,056961	-1,509048
-8,504181	4,031815	-1,407303
-8,476639	4,031815	-1,340256
-8,348557	4,028229	-1,307938
-8,285110	3,999496	-1,376175
-8,197723	3,957596	-1,427643
-8,136673	4,012665	-1,515045
-8,143845	4,071320	-1,590454
-8,194122	4,118011	-1,693405
-8,261169	4,158707	-1,683823
-8,356934	4,219772	-1,759247
-8,391647	4,252090	-1,863388
-8,358124	4,262863	-1,991486
-8,350952	4,322708	-2,019012
-8,329407	4,371796	-2,039368
-8,324615	4,426865	-2,052536
-8,267151	4,453201	-2,021408
-8,216873	4,514252	-1,947189
-8,210892	4,505875	-1,934021
-8,128281	4,505875	-1,888535
-8,095963	4,489105	-1,846634
-8,125900	4,523834	-1,858612
-8,107941	4,551361	-1,886139
-8,110336	4,513062	-1,768829
-8,121109	4,539398	-1,821503
-8,151031	4,570511	-1,858612
-8,258774	4,538193	-1,761642
-8,303070	4,550171	-1,608414
-8,256378	4,551361	-1,524612
-8,174973	4,511856	-1,506653
-8,056458	4,467560	-1,571304
-7,916397	4,499893	-1,659882
-7,880493	4,513062	-1,790375
-7,949921	4,485519	-1,851425
-7,999008	4,461578	-1,906494
-8,032516	4,486725	-1,833466
-8,087585	4,461578	-1,657486
-8,139069	4,429260	-1,578491
-8,258774	4,395737	-1,600037
-8,343765	4,356232	-1,653900
-8,419189	4,422073	-1,592850
-8,456299	4,414886	-1,565323
-8,544876	4,394547	-1,535385
-8,544876	4,356232	-1,401306
-8,427567	4,296387	-1,225342
-8,343765	4,299973	-1,319916
-8,218063	4,255676	-1,516235
-8,037308	4,240112	-1,622772
-7,981049	4,222153	-1,696991
-8,028931	4,210190	-1,742493
-8,087585	4,224548	-1,796356
-8,170181	4,201813	-1,767624
-8,274338	4,206604	-1,635941
-8,395248	4,260468	-1,528198
-8,546082	4,250885	-1,724533
-8,549667	4,197021	-1,786774
-8,506577	4,223358	-1,658691
-8,485031	4,274826	-1,729324
-8,389252	4,260468	-1,846634
-8,297073	4,235321	-1,916061
-8,212082	4,225754	-1,901703
-8,209686	4,286804	-1,899307
-8,248001	4,304764	-1,962753
-8,250397	4,277222	-1,978317
-8,305466	4,280823	-1,937607
-8,318634	4,331100	-1,838257
-8,270737	4,313141	-1,737701
-8,212082	4,267654	-1,774811
-8,230042	4,287994	-1,708969
-8,256378	4,298767	-1,590454
-8,300674	4,280823	-1,565323
-8,273132	4,310745	-1,455185
-8,243210	4,313141	-1,475540
-8,214478	4,286804	-1,668274
-8,125900	4,298767	-1,749664
-8,110336	4,339478	-1,821503
-8,153427	4,332291	-1,935226
-8,168991	4,252090	-1,918457
-8,196518	4,261658	-1,735306
-8,244400	4,290390	-1,656296
-8,330597	4,265259	-1,661087
-8,352142	4,238922	-1,670654
-8,334183	4,244904	-1,641937
-8,325806	4,258072	-1,675446
-8,358124	4,246094	-1,664673
-8,376083	4,205399	-1,644318
-8,380875	4,226944	-1,568909
-8,343765	4,230545	-1,555740
-8,279129	4,194626	-1,760437
-8,276733	4,218567	-1,993881
-8,265961	4,231735	-2,056122
-8,279129	4,231735	-2,016617
-8,341370	4,217377	-1,953171
-8,380875	4,201813	-1,779602
-8,382080	4,157516	-1,633545
-8,352142	4,101257	-1,607208
-8,353348	4,085693	-1,612000
-8,371292	4,074921	-1,528198
-8,438339	4,059357	-1,446808
-8,480240	4,006683	-1,479126
-8,516144	4,010269	-1,459976
-8,547272	4,018646	-1,465958
-8,467072	3,982742	-1,524612
-8,456299	3,987534	-1,623978
-8,516144	3,988724	-1,719742
-8,491013	3,950424	-1,829880
-8,541290	3,955200	-1,914871
-8,518539	3,948029	-1,912476
-8,528122	3,991119	-1,840652
-8,488617	4,067734	-1,863388
-8,394043	4,042587	-1,993881
-8,379684	4,037811	-2,069290
-8,407211	4,100052	-2,040558
-8,413193	4,096466	-1,993881
-8,487411	4,090485	-1,866989
-8,542480	4,092865	-1,768829
-8,573608	4,119202	-1,735306
-8,543686	4,126389	-1,716156
-8,513748	4,163498	-1,676651
-8,485031	4,167099	-1,722137
-8,406021	4,141953	-1,789169
-8,306656	4,179062	-1,723328
-8,197723	4,224548	-1,791565
-8,173782	4,243713	-1,917267
-8,225250	4,204208	-1,965149
-8,251587	4,259262	-1,980713
-8,299469	4,258072	-1,928040
-8,359329	4,284409	-1,858612
-8,417984	4,304764	-1,847824
-8,414398	4,353836	-1,747269
-8,370102	4,362213	-1,640732
-8,328201	4,345459	-1,662277
-8,300674	4,390945	-1,663483
-8,234833	4,450806	-1,673050
-8,224060	4,460388	-1,787979
-8,188141	4,478333	-1,779602
-8,170181	4,508270	-1,767624
-8,198914	4,571716	-1,706573
-8,239624	4,565720	-1,722137
-8,190536	4,569321	-1,612000
-8,119904	4,656708	-1,512650
-8,056458	4,641144	-1,552155
-7,984634	4,662689	-1,718552
-7,909225	4,727341	-1,707764
-7,800278	4,753677	-1,661087
-7,745209	4,764450	-1,667068
-7,823029	4,821899	-1,756851
-7,910416	4,891342	-1,749664
-7,952316	4,928452	-1,638336
-7,995407	4,989502	-1,603622
-7,931961	4,996689	-1,528198
-7,833801	4,996689	-1,542572
-7,794296	5,024216	-1,604813
-7,739227	5,018234	-1,621582
-7,697327	5,051743	-1,652710
-7,784714	5,121185	-1,622772
-7,803879	5,140335	-1,480316
-7,793106	5,152313	-1,367798
-7,735641	5,163086	-1,392929
-7,659027	5,151108	-1,426453
-7,560867	5,145126	-1,408493
-7,499817	5,146317	-1,499481
-7,497421	5,164276	-1,676651
-7,499817	5,215759	-1,670654
-7,504593	5,301941	-1,589264
-7,569244	5,260040	-1,517426
-7,619522	5,255264	-1,477921
-7,675781	5,357010	-1,453979
-7,629089	5,361801	-1,428848
-7,559662	5,372574	-1,513840
-7,514175	5,436020	-1,620377
-7,469879	5,468338	-1,578491
-7,390869	5,489883	-1,592850
-7,303482	5,506653	-1,485107
-7,201736	5,516220	-1,371384
-7,183777	5,517426	-1,419266
-7,140686	5,507843	-1,354630
-7,119125	5,528198	-1,189423
-7,151459	5,609604	-1,044571
-7,202927	5,645508	-0,940430
-7,180191	5,583267	-1,018234
-7,202927	5,601227	-1,015854
-7,226868	5,700577	-1,111618
-7,237640	5,712555	-1,233719
-7,272354	5,730499	-1,292374
-7,268768	5,785568	-1,260056
-7,242432	5,785568	-1,239700
-7,232849	5,797546	-1,301956
-7,202927	5,786774	-1,345047
-7,127518	5,809509	-1,291183
-7,049698	5,857391	-1,242096
-6,896469	5,847824	-1,286392
-6,791122	5,771210	-1,336670
-6,734863	5,702972	-1,194214
-6,743240	5,764023	-1,142746
-6,697754	5,698181	-1,045776
-6,675003	5,664673	-0,884171
-6,637894	5,606003	-0,675873
-6,643875	5,500656	-0,660309
-6,625931	5,446793	-0,571716
-6,618744	5,421661	-0,509476
-6,579239	5,339050	-0,477158
-6,570862	5,368988	-0,426880
-6,586426	5,401306	-0,548981
-6,611557	5,479111	-0,689041
-6,507416	5,564102	-0,697418
-6,418823	5,693390	-0,783615
-6,369751	5,804733	-0,941620
-6,330246	5,941193	-1,024231
-6,238068	6,023788	-1,039795
-6,212921	6,155472	-1,015854
-6,267990	6,299133	-1,093658
-6,203354	6,354202	-1,082886
-6,165039	6,487076	-1,018234
-6,123138	6,648682	-0,982330
-6,002243	6,757614	-1,031403
-5,911255	6,841415	-1,140350
-5,840622	6,941971	-1,141541
-5,773590	7,098785	-1,110413
-5,708954	7,189774	-1,051758
-5,649094	7,269974	-0,991898
-5,608383	7,347794	-1,031403
-5,584442	7,448349	-0,985916
-5,559311	7,501022	-0,899734
-5,509033	7,584808	-0,881775
-5,433609	7,659042	-0,903320
-5,347427	7,625519	-0,806351
-5,283981	7,746429	-0,836288
-5,333054	7,769165	-0,897339
-5,334259	7,728470	-0,821915
-5,382141	7,784729	-0,772842
-5,468323	7,884094	-0,730942
-5,469528	7,890076	-0,692627
-5,456360	7,902054	-0,693832
-5,425232	7,965500	-0,727341
-5,345032	8,008591	-0,868607
-5,305527	8,022949	-1,002686
-5,234894	8,078018	-1,056549
-5,220535	8,104355	-0,988312
-5,224121	8,111542	-1,026627
-5,130753	8,125900	-1,014648
-5,049347	8,104355	-0,876984
-4,984695	8,089996	-0,819519
-4,966751	8,091187	-0,759674
-4,977524	8,055283	-0,759674
-4,970337	8,055283	-0,730942
-4,977524	8,082809	-0,668686
-4,944000	8,043304	-0,626785
-4,897308	8,005005	-0,616013
-4,815903	8,032532	-0,539398
-4,745285	8,049286	-0,493912
-4,678238	7,967880	-0,562149
-4,620789	7,970276	-0,601654
-4,570511	7,976273	-0,638763
-4,550156	7,959503	-0,663895
-4,570511	7,958313	-0,698608
-4,584869	7,977463	-0,680664
-4,576492	7,953522	-0,545380
-4,582474	7,982254	-0,456802
-4,595642	7,941559	-0,469971
-4,612396	7,933167	-0,407715
-4,592056	7,972672	-0,219772
-4,534592	8,003799	-0,062958
-4,504669	8,034927	-0,034225
-4,466354	8,073227	-0,068939
-4,487900	8,244415	-0,128799
-4,445999	8,093582	-0,329910
-4,292770	8,103165	-0,288010
-4,208984	8,287506	-0,076126
-4,141937	8,208511	-0,030640
-4,094055	8,191742	-0,065353
-3,971954	8,192947	0,045975
-3,883362	8,220474	0,084290
-3,837875	8,256393	0,107040
-3,842667	8,297089	0,150131
-3,755280	8,329407	0,202805
-3,772034	8,292297	0,213577
-3,805557	8,306671	0,239914
-3,827103	8,423981	0,340469
-3,817520	8,508972	0,370392
-3,800766	8,473068	0,253082
-3,712189	8,489822	0,154922
-3,665497	8,502991	0,085480
-3,573318	8,530518	0,080704
-3,526627	8,553268	0,133377
-3,435654	8,517365	0,142944
-3,347061	8,474258	0,150131
-3,297989	8,441940	0,271042
-3,283615	8,412018	0,438629
-3,264465	8,453903	0,656509
-3,284821	8,439545	0,757065
-3,326721	8,455109	0,745087
-3,347061	8,471863	0,767838
-3,240524	8,516159	0,840851
-3,132782	8,586792	0,834869
-3,076523	8,651428	0,741501
-2,998703	8,699310	0,729523
-2,936462	8,714874	0,690018
-2,873016	8,675369	0,681641
-2,673096	8,684952	0,801346
-2,516281	8,714874	0,915070
-2,521072	8,688538	1,095840
-2,466003	8,751984	1,150909
-2,432480	8,666992	1,352020
-2,440857	8,634674	1,452576
-2,357071	8,657425	1,652496
-2,346283	8,659805	1,799728
-2,377411	8,653824	1,877548
-2,403748	8,677765	1,853607
-2,415726	8,666992	1,784180
-2,334320	8,587982	1,718338
-2,202637	8,603546	1,654892
-2,109268	8,647842	1,452576
-2,041031	8,592773	1,313705
-2,026657	8,623901	1,026413
-2,049408	8,578415	0,838455
-2,038635	8,544891	0,701996
-2,018280	8,584396	0,731918
-1,940475	8,582001	0,751068
-1,938080	8,553268	0,664886
-1,938080	8,544891	0,601440
-1,888992	8,537704	0,650513
-1,848297	8,488632	0,798965
-1,867447	8,498199	1,031189
-1,760910	8,497009	1,280197
-1,607681	8,482635	1,393921
-1,507126	8,416794	1,442993
-1,373047	8,353348	1,465744
-1,260513	8,427582	1,682419
-1,231796	8,483841	1,950577
-1,124054	8,447922	2,029572
-0,948074	8,417999	2,055908
-0,811600	8,433563	2,114578
-0,791260	8,470673	2,091827
-0,634430	8,445526	2,188797
-0,421356	8,433563	2,176819
-0,256149	8,433563	2,041550
-0,174744	8,404831	2,041550
-0,123276	8,433563	2,124146
-0,120880	8,443130	2,199570
-0,157990	8,451523	2,292938
-0,235794	8,465881	2,407867
-0,299255	8,482635	2,519196
-0,335159	8,486237	2,583832
-0,324387	8,512573	2,697556
-0,253754	8,526932	2,726288
-0,074188	8,476654	2,681992
-0,031097	8,476654	2,532364
0,050308	8,497009	2,322861
0,259796	8,506577	2,027191
0,489639	8,525742	1,695587
0,646469	8,543686	1,585449
0,690750	8,565247	1,669250
0,670410	8,506577	1,873962
0,709915	8,443130	2,237869
0,773361	8,504196	2,508423
0,800888	8,507782	2,642487
0,897858	8,482635	2,769394
0,992416	8,517365	2,905853
1,155228	8,519745	2,972900
1,332397	8,548477	3,091400
1,522736	8,519745	3,172806
1,696320	8,493408	3,182388
1,744202	8,525742	3,174011
1,839966	8,512573	3,213516
1,923767	8,518555	3,371521
1,912994	8,531723	3,505600
1,977631	8,461090	3,529541
1,981232	8,426376	3,674393
2,023132	8,547287	3,601364
2,051865	8,413208	3,474472
1,960876	8,400040	3,351181
1,926163	8,383286	3,394272
1,990799	8,257584	3,557083
1,993195	8,188156	3,695938
1,968063	8,203720	3,946136
2,078201	8,079224	4,190338
2,306839	8,105560	4,295685
2,601334	8,164215	4,275345
2,772507	8,142670	4,028732
2,881454	8,171402	3,767761
3,044250	8,143860	3,870712
3,047852	8,085205	4,174789
2,986801	8,139069	4,320831
2,908981	8,105560	4,324417
2,863495	8,033722	4,329208
2,899399	8,040909	4,492020
3,041855	8,100769	4,518356
3,225021	8,069641	4,484833
3,387817	8,019363	4,452515
3,573380	8,049286	4,486023
3,608093	8,010986	4,683548
3,549438	7,959503	4,842758
3,487183	7,909225	4,991211
3,434509	7,919998	5,031906
3,435699	7,878098	5,098938
3,493164	7,803879	5,193512
3,519501	7,807480	5,211472
3,667938	7,796707	5,334778
3,839127	7,765579	5,363510
3,928909	7,817047	5,297668
4,010315	7,808670	5,271332
4,130020	7,807480	5,113312
4,151566	7,864944	4,721863
4,125244	7,766769	4,385468
4,151566	7,644669	4,381882
4,189880	7,739243	4,590179
4,243744	7,721283	4,683548
4,179108	7,649460	4,608139
4,156357	7,654251	4,557861
4,191071	7,620728	4,612915
4,207840	7,524963	4,758972
4,204239	7,371735	5,034302
4,309586	7,194565	5,387451
4,446060	7,116745	5,944092
4,492752	7,072449	6,455261
4,517883	6,971893	6,664749
4,552597	6,878525	6,668350
4,540634	6,848602	6,701859
4,514297	6,823456	6,858688
4,449646	6,755219	7,070572
4,338318	6,708542	7,228592
4,301208	6,642700	7,246536
4,306000	6,574463	7,214218
4,325150	6,526581	7,175919
4,300018	6,573273	7,007126
4,334732	6,532562	6,857483
4,399368	6,442780	6,754532
4,560974	6,367371	6,662354
4,704636	6,349411	6,516312
4,687881	6,319473	6,414566
4,638794	6,285965	6,383438
4,686676	6,301529	6,431320
4,704636	6,277588	6,486389
4,611267	6,248856	6,512726
4,588516	6,242859	6,601303
4,545425	6,238083	6,682709
4,490356	6,220123	6,724609
4,522675	6,159073	6,722214
4,563370	6,148300	6,606094
4,687881	6,062103	6,833542
4,831528	6,114777	6,861084
4,849487	6,054916	6,600113
4,788437	5,956757	6,323578
4,796814	5,942398	6,479202
4,805191	5,951965	6,811996
4,830322	5,866974	6,809601
4,973984	5,748459	6,904175
4,988342	5,786774	6,955643
4,966797	5,816696	7,144791
4,902161	5,729309	7,197464
4,768082	5,695786	7,021484
4,677094	5,718536	6,923325
4,659149	5,655090	6,844315
4,671112	5,580872	6,810806
4,795609	5,488693	6,828751
4,927292	5,432434	6,788055
4,899765	5,373764	6,978394
4,815964	5,361801	7,199860
4,642380	5,293564	7,341110
4,497528	5,201385	7,411743
4,510696	5,125977	7,651169
4,577744	5,073303	7,926498
4,673508	5,024216	7,930084
4,638794	4,915283	7,739746
4,654358	4,845856	7,665527
4,693863	4,853027	7,805588
4,780045	4,747681	7,840302
4,827942	4,714172	7,764893
4,660339	4,526230	7,557785
4,679489	4,380173	7,582932
4,425705	4,557343	7,564972
4,314377	4,501083	7,610458
4,268890	4,327499	7,726578
4,383804	4,298767	7,872635
4,596893	4,328705	8,144363
4,803986	4,212585	8,071350
4,825546	4,199417	7,924103
4,891388	4,201813	7,914520
4,948837	4,169479	8,007904
5,023056	4,047379	7,958817
5,052994	4,029419	7,914520
4,983551	4,108429	8,119232
4,918915	4,129990	8,258087
4,780045	4,023438	8,080917
4,565765	3,986328	7,938461
4,407745	4,019852	8,186264
4,340714	4,054565	8,401749
4,304810	3,884583	8,477158
4,295227	3,895355	8,453217
4,244949	3,853455	8,418503
4,284454	3,695435	8,393372
4,513092	3,527847	8,273651
5,033829	3,453613	8,371811
5,367828	3,483551	8,703415
5,349869	3,367432	8,829117
5,020676	3,212997	8,575333
4,292831	3,265671	8,163528
3,462036	3,337509	8,133591
3,029892	3,236938	8,535828
3,008347	3,147156	9,054169
3,058624	3,147156	9,440826
3,270508	3,004715	9,785599
3,411758	2,928101	10,179443
3,361481	2,936478	10,539764
3,233398	2,840698	10,882141
2,977219	2,802399	11,044937
2,699493	2,792816	10,982697
2,613297	2,718597	10,824677
2,671951	2,662338	10,454773
2,790466	2,630020	10,075287
3,047852	2,517487	9,826294
3,187912	2,474396	9,723343
3,276489	2,407349	9,863403
3,343536	2,335526	9,913681
3,241776	2,261307	9,495895
3,168747	2,063782	9,072128
3,081360	1,996750	9,237320
2,961655	2,099701	9,448013
2,989182	1,977600	9,449203
2,952072	1,746552	9,354645
2,789276	1,759720	9,482727
2,698288	1,861481	9,732925
2,345154	1,675919	9,019455
2,025528	1,608887	9,172684
1,965668	1,493973	9,452805
1,921371	1,361084	9,335480
1,705902	1,329956	9,615601
1,816025	1,080963	10,111206
1,950104	1,063004	10,528992
2,073410	0,992386	10,683426
2,152420	0,842743	10,782776
2,144028	0,875061	10,908478
2,146423	0,931335	10,721725
2,098541	0,908585	10,161484
2,053055	0,822388	9,559341
1,978836	0,822388	9,201416
1,953690	0,796051	9,139160
1,987213	0,723038	9,274429
2,108124	0,718246	9,456390
2,206284	0,691910	9,403717
2,209869	0,622482	9,353439
2,141647	0,591354	9,588074
2,086578	0,537476	9,817917
2,072205	0,422562	9,850235
2,005173	0,446503	10,022614
1,856735	0,532700	10,386536
1,762161	0,468048	10,426041
1,611328	0,381866	10,174652
1,409012	0,424957	10,108810
1,209106	0,411789	10,218948
1,171982	0,325592	10,353027
1,042709	0,344742	10,368576
1,004395	0,262146	10,531387
1,120514	0,259750	10,815094
1,286911	0,286087	11,003052
1,255783	0,227432	10,885727
1,255783	0,149628	10,787567
1,284515	0,183136	10,788773
1,385071	0,195114	10,866577
1,534714	0,232224	10,823486
1,509567	0,217850	10,458359
1,482040	0,195114	10,074097
1,426971	0,228638	10,090851
1,404221	0,197510	10,190216
1,505981	0,231018	10,181839
1,527527	0,250183	10,196198
1,577805	0,225037	10,205780
1,567032	0,274124	10,186630
1,588577	0,272919	10,004669
1,583786	0,282501	9,816727
1,482040	0,294464	9,726944
1,399445	0,327988	9,689819
1,291702	0,356720	9,832275
1,242615	0,323196	10,003464
1,363525	0,284897	10,196198
1,477249	0,308838	10,256058
1,513168	0,324402	10,299149
1,575409	0,299255	10,426041
1,490417	0,371078	10,540970
1,391052	0,422562	10,525406
1,312042	0,439316	10,289581
1,300079	0,438126	10,139938
1,331207	0,471649	9,981918
1,389862	0,482422	9,776016
1,414993	0,466858	9,710175
1,448517	0,441711	9,815521
1,501190	0,433334	9,844254
1,534714	0,410583	9,929245
1,571823	0,343552	10,149506
1,567032	0,325592	10,232117
1,511963	0,356720	10,230911
1,555054	0,367493	10,178238
1,551468	0,337570	9,992691
1,500000	0,355530	9,905304
1,477249	0,356720	9,750885
1,449722	0,337570	9,629974
1,405426	0,341156	9,589264
1,398239	0,324402	9,535400
1,406616	0,246582	9,518646
1,374298	0,232224	9,570114
1,344376	0,300461	9,692215
1,446121	0,245392	9,841858
1,442535	0,287292	9,789185
1,467667	0,307632	9,589264
1,480835	0,308838	9,370193
1,324020	0,326797	9,233734
1,201920	0,399811	9,248093
1,218674	0,399811	9,178665
1,192337	0,293274	8,963181
1,179169	0,284897	8,888962
1,146851	0,263351	9,141556
1,103760	0,214264	9,582092
1,201920	0,240601	9,856216
1,194733	0,307632	10,009445
1,345566	0,319611	10,087265
1,523941	0,272919	9,966354
1,605347	0,260956	9,774826
1,616119	0,281296	9,590469
1,630478	0,305252	9,499481
1,600555	0,317215	9,455200
1,575409	0,347137	9,394150
1,541901	0,330383	9,304367
1,440140	0,299255	9,409698
1,357544	0,353134	9,561737
1,353943	0,386642	9,632370
1,391052	0,308838	9,784393
1,488022	0,295670	9,969955
1,492813	0,351929	9,986710
1,485626	0,348343	9,896927
1,492813	0,274124	9,911285
1,467667	0,290878	9,969955
1,369507	0,323196	10,015442
1,279724	0,313629	10,104019
1,179169	0,271729	10,257248
1,102554	0,317215	10,323090
1,069031	0,314819	10,506256
1,185150	0,266937	10,653488
1,258179	0,293274	10,519424
1,259384	0,338760	10,192612
1,204315	0,342361	9,870590
1,177979	0,351929	9,592865
1,160019	0,384247	9,407318
1,181564	0,417770	9,383362
1,361130	0,435730	9,410904
1,474854	0,371078	9,354645
1,522736	0,314819	9,352249
1,446121	0,319611	9,533005
1,303665	0,253769	9,730530
1,183960	0,247787	9,884949
1,000809	0,326797	10,090851
0,934967	0,276520	10,153107
0,940948	0,231018	10,218948
0,812866	0,286087	10,380554
0,629700	0,324402	10,464355
0,599777	0,292084	10,384140
0,532730	0,366302	10,250076
0,487244	0,314819	9,990295
0,508789	0,268127	9,681442
0,614136	0,323196	9,585678
0,843979	0,304047	9,567719
0,984039	0,254974	9,376190
1,036713	0,247787	9,197815
1,157623	0,274124	8,966782
1,239029	0,296860	8,630386
1,157623	0,299255	8,290421
1,010376	0,299255	8,047409
0,824829	0,337570	8,010300
