-6,553787	-3,442055	-2,159063
-5,883567	-1,804805	0,464366
-6,017611	-1,163309	0,397344
-6,304848	-0,579261	0,971818
-6,620809	0,234577	2,197362
-6,448466	0,521814	4,811217
-6,103782	0,847349	7,166558
-6,122931	0,540963	8,612317
-6,419743	0,799476	8,574018
-6,620809	0,828200	7,568690
-7,051664	1,345226	7,530392
-7,482519	2,312256	8,210186
-7,788905	2,350555	8,487848
-8,372953	0,521814	8,028269
-9,627220	-1,364375	7,118686
-11,197449	-2,360129	7,185708
-12,509163	-3,279287	8,545295
-13,926198	-2,005870	10,441058
-14,155988	1,546291	12,154904
-12,959167	3,154818	12,346395
-12,997466	2,475024	10,105948
-13,323001	2,408002	8,612317
-12,557036	3,221840	8,487848
-11,695326	3,595248	8,775084
-11,379365	3,901634	9,081470
-11,187874	3,700568	9,569773
-10,718720	2,685664	8,564445
-9,397431	0,943094	6,304848
-7,970821	-1,105862	3,001625
-8,334655	-2,848432	1,010116
-7,903800	-1,469695	1,517568
-4,006954	-0,904796	2,082467
0,129257	-1,948423	-0,043086
3,863335	-3,470778	-3,087796
7,300602	-3,633546	-5,414414
9,722966	-4,677173	-5,979313
10,316589	-9,560199	-3,078221
7,913374	-11,877242	-1,871827
2,206936	-5,941015	-4,188870
-5,529309	-0,301599	-5,902717
-10,852764	-0,923945	-6,534637
-8,028269	-4,964410	-7,348475
-4,696322	-6,620809	-6,008037
-4,772918	-5,615479	-5,002708
-3,681418	-6,285699	-5,146326
-0,943094	-6,008037	-5,596331
1,096287	-4,792068	-4,447383
1,517568	-4,954835	-3,183541
-0,627134	-5,941015	-2,005870
-2,532471	-4,399510	-2,293107
-3,116519	-3,116519	-1,297353
-4,006954	-2,886730	-0,895221
-5,759098	-1,613313	-1,412248
-8,009120	-0,311173	-1,326077
-8,248484	-1,249480	0,320748
-6,898471	-1,795230	2,743112
-7,444221	-0,292024	1,938848
-10,335738	-1,163309	-0,225002
-11,264470	-2,676090	-0,809050
-9,339984	-2,570770	1,077138
-8,210186	-1,823954	3,250563
-9,502751	-2,101616	3,489927
-11,427238	-2,034594	2,599493
-11,676176	-1,680335	1,507993
-10,737869	-2,790984	1,105862
-10,996383	-5,567607	3,336734
-11,570856	-6,754852	5,002708
-12,126181	-5,251647	4,179296
-11,398514	-4,715471	2,197362
-10,967659	-4,581427	0,464366
-11,274045	-4,772918	0,071809
-11,628304	-6,563361	1,910125
-11,312344	-6,917620	2,522897
-11,053830	-5,720800	1,345226
-11,168725	-5,778247	0,512239
-10,833615	-5,596331	0,502664
-10,680422	-4,188870	0,301599
-10,297440	-3,758015	-0,320748
-9,636795	-5,146326	-0,244151
-9,186790	-5,759098	-0,263300
-9,138918	-4,935686	-0,406919
-8,909128	-4,715471	-0,560112
-8,526146	-4,715471	-0,837774
-8,411251	-4,294190	-1,259055
-8,267632	-4,083550	-1,383524
-8,047418	-4,428234	-1,220756
-8,009120	-5,031432	-0,990967
-8,037844	-4,887813	-0,818625
-8,056993	-4,409085	-1,134585
-8,066567	-4,562278	-1,661186
-8,152739	-4,466532	-1,747357
-8,047418	-4,361212	-1,393099
-7,999545	-4,926111	-1,163309
-7,903800	-5,031432	-0,904796
-7,884651	-4,753769	-0,866498
-8,037844	-4,514405	-1,077138
-8,152739	-4,533555	-1,421822
-8,056993	-4,926111	-1,766506
-8,056993	-4,878239	-1,766506
-8,066567	-4,629300	-1,412248
-7,932523	-4,705896	-1,086713
-7,855927	-4,629300	-1,000542
-7,922949	-4,581427	-1,287778
-7,951673	-4,725046	-1,460120
-7,961247	-4,744195	-1,651612
-8,018694	-4,514405	-1,603739
-7,961247	-4,552703	-1,393099
-7,836778	-4,696322	-1,373949
-7,798480	-4,686748	-1,326077
-7,884651	-4,677173	-1,278204
-7,989971	-4,715471	-1,201607
-8,028269	-4,658024	-1,345226
-8,095291	-4,562278	-1,689910
-8,124015	-4,591002	-1,450546
-8,009120	-4,514405	-0,914371
-7,942098	-4,294190	-0,722879
-7,884651	-4,399510	-1,000542
-7,932523	-4,600576	-1,335651
-7,980396	-4,562278	-1,536717
-7,932523	-4,629300	-1,412248
-7,913374	-4,638875	-1,249480
-7,999545	-4,619725	-1,220756
-7,951673	-4,600576	-1,115436
-7,884651	-4,610151	-1,268629
-7,951673	-4,782493	-1,488844
-7,989971	-4,868664	-1,603739
-7,999545	-4,906962	-1,440971
-7,980396	-4,849515	-1,335651
-7,989971	-4,830366	-1,345226
-7,989971	-4,792068	-1,440971
-7,951673	-4,772918	-1,527142
-7,942098	-4,753769	-1,603739
-7,894225	-4,667598	-1,507993
-7,808054	-4,839940	-1,488844
-7,827203	-4,849515	-1,440971
-7,884651	-4,705896	-1,431397
-7,846352	-4,677173	-1,498419
-7,846352	-4,658024	-1,632463
-7,846352	-4,619725	-1,555866
-7,798480	-4,725046	-1,517568
-7,836778	-4,926111	-1,507993
-7,903800	-4,868664	-1,517568
-7,942098	-4,753769	-1,555866
-7,894225	-4,667598	-1,440971
-7,875076	-4,705896	-1,450546
-7,894225	-4,792068	-1,555866
-7,865501	-4,782493	-1,594164
-7,846352	-4,801642	-1,517568
-7,827203	-4,868664	-1,507993
-7,875076	-4,744195	-1,412248
-7,875076	-4,638875	-1,460120
-7,951673	-4,705896	-1,479270
-7,951673	-4,677173	-1,507993
-7,875076	-4,811217	-1,527142
-7,808054	-4,954835	-1,488844
-7,836778	-4,820791	-1,507993
-7,817628	-4,715471	-1,546291
-7,788905	-4,792068	-1,622888
-7,788905	-4,753769	-1,622888
-7,817628	-4,820791	-1,651612
-7,827203	-5,002708	-1,555866
-7,865501	-5,031432	-1,517568
-7,846352	-4,954835	-1,479270
-7,846352	-4,868664	-1,431397
-7,827203	-4,782493	-1,575015
-7,798480	-4,849515	-1,584590
-7,769756	-4,897388	-1,527142
-7,721883	-5,060155	-1,498419
-7,702734	-5,069730	-1,440971
-7,674010	-4,906962	-1,460120
-7,731458	-4,868664	-1,536717
-7,760181	-4,792068	-1,603739
-7,779330	-4,753769	-1,613313
-7,769756	-4,801642	-1,632463
-7,779330	-4,973984	-1,632463
-7,827203	-5,146326	-1,527142
-7,894225	-4,839940	-1,536717
-7,817628	-4,849515	-1,632463
-7,750607	-4,839940	-1,651612
-7,798480	-4,859089	-1,670761
-7,750607	-4,878239	-1,670761
-7,721883	-4,954835	-1,670761
-7,693159	-4,983559	-1,546291
-7,693159	-4,906962	-1,517568
-7,788905	-4,993133	-1,517568
-7,884651	-4,820791	-1,507993
-7,875076	-4,571853	-1,555866
-7,827203	-4,705896	-1,651612
-7,693159	-5,050581	-1,594164
-7,635712	-5,021857	-1,565441
-7,693159	-4,830366	-1,469695
-7,760181	-4,753769	-1,498419
-7,836778	-4,801642	-1,613313
-7,836778	-4,744195	-1,651612
-7,760181	-4,753769	-1,651612
-7,702734	-4,945261	-1,613313
-7,693159	-5,079304	-1,527142
-7,760181	-5,108028	-1,594164
-7,817628	-4,926111	-1,603739
-7,865501	-4,887813	-1,709059
-7,903800	-4,964410	-1,670761
-7,884651	-4,849515	-1,565441
-7,903800	-4,887813	-1,517568
-7,894225	-4,973984	-1,632463
-7,855927	-4,993133	-1,622888
-7,808054	-4,820791	-1,555866
-7,788905	-4,648449	-1,527142
-7,769756	-4,734620	-1,536717
-7,750607	-4,772918	-1,632463
-7,779330	-4,782493	-1,709059
-7,760181	-4,887813	-1,651612
-7,741032	-4,839940	-1,546291
-7,721883	-4,782493	-1,488844
-7,750607	-4,725046	-1,517568
-7,779330	-4,744195	-1,594164
-7,788905	-4,935686	-1,718634
-7,817628	-4,906962	-1,756932
-7,769756	-4,954835	-1,603739
-7,769756	-4,945261	-1,440971
-7,798480	-4,935686	-1,594164
-7,817628	-4,868664	-1,584590
-7,865501	-4,839940	-1,594164
-7,894225	-4,801642	-1,555866
-7,836778	-4,878239	-1,536717
-7,779330	-4,801642	-1,469695
-7,760181	-4,792068	-1,527142
-7,712308	-4,820791	-1,661186
-7,674010	-4,839940	-1,718634
-7,741032	-4,868664	-1,670761
-7,741032	-4,839940	-1,603739
-7,827203	-4,782493	-1,622888
-7,846352	-4,849515	-1,670761
-7,760181	-4,945261	-1,670761
-7,750607	-4,964410	-1,555866
-7,779330	-4,868664	-1,603739
-7,750607	-4,897388	-1,622888
-7,693159	-4,868664	-1,603739
-7,712308	-4,839940	-1,680335
-7,702734	-4,964410	-1,747357
-7,760181	-4,916537	-1,814379
-7,741032	-4,772918	-1,814379
-7,654861	-4,849515	-1,910125
-7,674010	-4,973984	-2,072892
-7,693159	-5,041006	-2,139914
-7,712308	-4,993133	-2,044169
-7,712308	-5,041006	-1,929274
-7,731458	-5,117602	-1,843103
-7,827203	-5,098454	-1,843103
-7,788905	-5,069730	-1,756932
-7,721883	-4,945261	-1,709059
-7,741032	-4,926111	-1,804805
-7,693159	-4,973984	-1,843103
-7,693159	-4,954835	-1,776081
-7,702734	-4,859089	-1,756932
-7,731458	-4,820791	-1,728208
-7,693159	-4,878239	-1,843103
-7,635712	-4,935686	-1,929274
-7,654861	-4,878239	-1,852677
-7,693159	-4,839940	-1,795230
-7,731458	-4,878239	-1,795230
-7,817628	-4,753769	-1,862252
-7,836778	-4,811217	-1,910125
-7,750607	-4,906962	-1,852677
-7,674010	-4,945261	-1,737783
-7,674010	-4,973984	-1,699484
-7,721883	-5,041006	-1,737783
-7,712308	-5,079304	-1,833528
-7,760181	-4,993133	-1,862252
-7,721883	-4,906962	-1,795230
-7,712308	-4,849515	-1,737783
-7,712308	-4,878239	-1,718634
-7,750607	-4,973984	-1,881401
-7,750607	-5,041006	-1,967572
-7,712308	-5,021857	-1,957998
-7,712308	-4,916537	-1,862252
-7,721883	-4,926111	-1,814379
-7,741032	-4,887813	-1,795230
-7,760181	-4,820791	-1,881401
-7,654861	-4,954835	-1,929274
-7,645287	-5,041006	-1,871827
-7,664436	-4,954835	-1,823954
-7,702734	-4,878239	-1,833528
-7,779330	-4,839940	-1,871827
-7,798480	-4,772918	-1,862252
-7,712308	-4,849515	-1,833528
-7,606988	-4,954835	-1,833528
-7,616563	-4,935686	-1,862252
-7,674010	-5,031432	-1,871827
-7,712308	-5,021857	-1,910125
-7,750607	-4,849515	-1,919699
-7,760181	-4,792068	-1,862252
-7,721883	-4,926111	-1,814379
-7,693159	-5,041006	-1,776081
-7,683585	-5,098454	-1,756932
-7,674010	-4,973984	-1,756932
-7,741032	-4,868664	-1,804805
-7,750607	-4,839940	-1,948423
-7,721883	-4,926111	-2,015445
-7,683585	-4,935686	-1,957998
-7,626137	-4,849515	-1,804805
-7,654861	-4,983559	-1,804805
-7,702734	-5,012282	-1,910125
-7,741032	-4,983559	-1,977147
-7,750607	-4,954835	-2,005870
-7,741032	-4,945261	-1,977147
-7,760181	-4,887813	-1,910125
-7,674010	-4,916537	-1,795230
-7,597414	-5,012282	-1,756932
-7,626137	-5,012282	-1,833528
-7,731458	-5,021857	-1,948423
-7,769756	-4,935686	-1,900550
-7,808054	-4,935686	-1,919699
-7,750607	-4,926111	-1,948423
-7,654861	-4,868664	-1,929274
-7,597414	-4,993133	-1,919699
-7,597414	-5,041006	-1,929274
-7,654861	-4,983559	-1,919699
-7,721883	-4,964410	-1,910125
-7,827203	-4,859089	-1,862252
-7,846352	-4,868664	-1,862252
-7,788905	-4,916537	-1,814379
-7,731458	-4,973984	-1,852677
-7,645287	-5,021857	-1,862252
-7,616563	-4,916537	-1,900550
-7,616563	-4,916537	-1,890976
-7,664436	-4,945261	-1,938848
-7,693159	-4,954835	-2,015445
-7,683585	-5,002708	-1,900550
-7,683585	-4,897388	-1,747357
-7,702734	-4,916537	-1,823954
-7,683585	-4,954835	-1,881401
-7,702734	-4,935686	-1,919699
-7,721883	-4,945261	-1,881401
-7,721883	-4,983559	-1,766506
-7,721883	-4,945261	-1,785655
-7,693159	-4,916537	-1,795230
-7,674010	-4,868664	-1,843103
-7,645287	-4,859089	-1,910125
-7,626137	-4,945261	-1,957998
-7,664436	-5,031432	-1,919699
-7,683585	-5,041006	-1,852677
-7,712308	-5,002708	-1,804805
-7,721883	-4,973984	-1,881401
-7,760181	-4,849515	-1,986721
-7,721883	-4,782493	-2,015445
-7,664436	-4,830366	-1,919699
-7,635712	-5,012282	-1,881401
-7,693159	-5,050581	-1,862252
-7,741032	-5,012282	-1,843103
-7,760181	-4,983559	-1,833528
-7,741032	-4,964410	-1,843103
-7,702734	-4,868664	-1,833528
-7,626137	-4,993133	-1,814379
-7,578265	-5,069730	-1,823954
-7,626137	-5,069730	-1,823954
-7,674010	-4,954835	-1,804805
-7,702734	-5,012282	-1,967572
-7,635712	-4,954835	-1,871827
-7,606988	-4,887813	-1,910125
-7,578265	-5,041006	-1,967572
-7,597414	-4,964410	-2,044169
-7,664436	-4,983559	-1,957998
-7,693159	-5,002708	-1,862252
-7,674010	-4,945261	-1,795230
-7,712308	-4,983559	-1,852677
-7,712308	-5,002708	-1,843103
-7,693159	-4,993133	-1,862252
-7,731458	-5,060155	-1,910125
-7,702734	-5,031432	-1,843103
-7,645287	-5,002708	-1,804805
-7,654861	-5,021857	-1,871827
-7,626137	-5,060155	-1,910125
-7,635712	-4,973984	-1,900550
-7,635712	-4,973984	-1,929274
-7,606988	-4,916537	-1,871827
-7,597414	-4,887813	-1,785655
-7,635712	-4,849515	-1,747357
-7,654861	-5,002708	-1,795230
-7,674010	-5,021857	-1,919699
-7,683585	-5,002708	-1,967572
-7,712308	-4,916537	-1,910125
-7,731458	-4,868664	-1,852677
-7,664436	-5,031432	-1,823954
-7,683585	-5,136752	-1,967572
-7,712308	-5,069730	-2,063318
-7,702734	-5,069730	-2,015445
-7,721883	-4,983559	-1,862252
-7,721883	-4,926111	-1,852677
-7,654861	-4,973984	-1,881401
-7,626137	-5,050581	-1,919699
-7,635712	-5,021857	-1,957998
-7,597414	-4,983559	-1,938848
-7,645287	-4,897388	-1,881401
-7,693159	-4,897388	-1,900550
-7,654861	-4,868664	-1,890976
-7,664436	-4,868664	-1,881401
-7,645287	-4,973984	-1,996296
-7,606988	-5,012282	-2,034594
-7,635712	-5,021857	-1,919699
-7,693159	-5,088879	-1,881401
-7,683585	-4,973984	-1,852677
-7,712308	-4,916537	-1,890976
-7,702734	-5,041006	-1,957998
-7,654861	-5,012282	-2,005870
-7,654861	-5,002708	-2,015445
-7,626137	-4,973984	-1,929274
-7,606988	-4,983559	-1,938848
-7,645287	-5,069730	-2,005870
-7,654861	-5,021857	-1,977147
-7,683585	-4,983559	-1,929274
-7,693159	-4,973984	-1,929274
-7,654861	-4,964410	-1,862252
-7,606988	-5,012282	-1,910125
-7,606988	-5,088879	-1,890976
-7,626137	-5,041006	-1,910125
-7,712308	-5,098454	-1,967572
-7,683585	-5,050581	-1,938848
-7,693159	-4,954835	-1,900550
-7,664436	-4,916537	-1,938848
-7,597414	-4,954835	-2,072892
-7,587839	-5,098454	-2,063318
-7,587839	-5,117602	-1,948423
-7,578265	-5,021857	-1,833528
-7,626137	-5,050581	-1,890976
-7,674010	-5,069730	-1,996296
-7,674010	-4,906962	-2,015445
-7,664436	-4,868664	-1,986721
-7,606988	-4,926111	-2,015445
-7,597414	-4,983559	-2,015445
-7,645287	-5,012282	-1,977147
-7,674010	-4,945261	-1,957998
-7,721883	-4,983559	-1,996296
-7,731458	-4,983559	-1,957998
-7,645287	-5,031432	-1,948423
-7,626137	-5,021857	-1,967572
-7,606988	-4,916537	-1,957998
-7,626137	-4,973984	-1,967572
-7,683585	-5,069730	-2,034594
-7,654861	-4,993133	-2,005870
-7,616563	-4,993133	-1,948423
-7,597414	-4,935686	-1,871827
-7,626137	-4,935686	-1,957998
-7,664436	-5,041006	-2,082467
-7,664436	-4,993133	-2,015445
-7,693159	-4,954835	-2,005870
-7,683585	-5,050581	-2,025020
-7,674010	-5,069730	-2,034594
-7,674010	-5,012282	-2,025020
-7,645287	-4,945261	-2,044169
-7,645287	-4,926111	-2,111191
-7,597414	-5,012282	-2,053743
-7,626137	-5,050581	-2,005870
-7,664436	-5,041006	-1,977147
-7,683585	-4,945261	-1,986721
-7,664436	-4,897388	-1,948423
-7,626137	-4,993133	-1,957998
-7,578265	-5,088879	-1,957998
-7,587839	-5,088879	-1,948423
-7,616563	-5,098454	-1,977147
-7,645287	-5,060155	-1,986721
-7,693159	-5,031432	-1,986721
-7,674010	-4,954835	-1,977147
-7,626137	-4,878239	-1,986721
-7,606988	-4,839940	-2,015445
-7,549541	-5,012282	-1,996296
-7,597414	-5,117602	-2,025020
-7,693159	-5,021857	-2,025020
-7,741032	-4,945261	-1,938848
-7,721883	-4,983559	-1,929274
-7,664436	-4,954835	-1,948423
-7,587839	-4,945261	-2,015445
-7,626137	-4,906962	-2,072892
-7,626137	-4,983559	-2,139914
-7,645287	-4,964410	-2,092041
-7,626137	-5,041006	-2,005870
-7,578265	-4,993133	-1,823954
-7,654861	-4,868664	-1,948423
-7,645287	-5,079304	-1,967572
-7,597414	-4,954835	-1,910125
-7,626137	-4,983559	-1,929274
-7,635712	-4,906962	-1,938848
-7,645287	-4,954835	-1,967572
-7,635712	-5,079304	-1,996296
-7,664436	-5,012282	-1,996296
-7,721883	-5,012282	-2,168638
-7,683585	-5,012282	-2,159063
