2,793187	-8,057736	-6,437540
2,180932	-5,167027	-4,790029
1,767725	-5,573636	-4,222665
1,429499	-4,259758	-3,301536
1,166578	-3,423125	-2,633569
0,933263	-2,868714	-2,175792
0,761929	-2,409866	-1,732974
0,578905	-2,065767	-1,317442
0,509082	-1,759849	-1,138210
0,384287	-1,499795	-0,971845
0,230833	-1,368348	-0,900031
0,092750	-1,424044	-0,788961
0,035902	-1,583494	-0,761383
0,074680	-1,358711	-0,869534
0,090382	-1,324418	-0,933076
0,102944	-0,959959	-0,830718
0,128313	-1,043714	-0,902023
0,110310	-1,049441	-0,790555
-0,041966	-0,755297	-0,417974
-0,209745	-0,451044	-0,173527
-0,366946	-0,046790	0,198203
-0,109525	7,179282	3,230086
-0,348249	-1,182221	-0,227027
-0,094567	6,270937	2,889902
0,154659	5,503990	2,416959
-0,474449	-2,940758	-0,760436
-0,563391	-2,161115	-0,256005
0,147464	5,615057	2,489199
0,393155	4,722870	1,987096
-0,719689	-3,650944	-0,709420
-0,728944	-2,890116	-0,337747
0,889661	5,158607	1,618848
0,512578	4,257099	1,609124
-1,062754	-4,065020	-0,601746
-0,995736	-3,098823	-0,144372
1,099664	4,994089	1,335486
0,603984	4,248039	1,512649
-1,413066	-4,074716	-0,240865
0,995018	4,353339	1,093994
-1,513288	-3,946609	-0,135744
-1,371483	-2,858560	0,243749
1,212116	5,142431	1,205938
1,055602	4,150144	0,907244
-1,872435	-4,015149	0,124706
0,989179	4,299316	1,068517
-1,925573	-3,895811	0,253725
1,357115	4,130019	0,772905
-2,018692	-3,896694	0,370104
-1,737508	-2,856927	0,525873
1,714377	4,915168	0,668918
1,656608	3,901861	0,417462
-2,271014	-3,849797	0,463850
1,580338	3,807191	0,317796
-2,332030	-3,925532	0,384118
-1,988178	-3,109787	0,429849
2,357509	4,277603	-0,093009
1,771113	3,644212	0,140063
-2,531162	-3,850063	0,548938
2,263508	3,668259	-0,310481
-2,469971	-3,591572	0,547204
-2,098531	-2,651128	0,567978
2,601953	4,405277	-0,341207
-2,306451	-2,641954	0,767732
2,746591	4,135974	-0,572471
-2,417458	-2,619053	0,904852
2,657785	4,154295	-0,462775
2,360537	3,329600	-0,645060
-2,983589	-3,277976	1,068003
-2,425169	-2,400251	1,038234
2,931883	4,021455	-0,753464
-2,564810	-2,456404	1,126813
3,070105	3,637903	-1,078637
-2,665869	-2,416956	1,270371
2,989258	3,669461	-0,963791
2,540151	2,861483	-0,924922
-3,292195	-2,979326	1,593190
-2,679714	-2,046436	1,481363
3,351997	3,290154	-1,473347
2,635640	2,846593	-0,902931
-3,387256	-2,650028	1,936093
-2,748103	-1,913212	1,771004
3,431128	3,076169	-1,521646
-2,938325	-2,007930	1,820708
3,278950	3,000395	-1,481883
2,729918	2,240923	-1,319544
-3,544774	-2,516734	2,131747
2,908208	2,594812	-1,374749
-3,402142	-2,233623	2,087582
3,025760	2,502434	-1,628950
-3,380483	-2,034617	2,103091
-2,857580	-1,489820	1,766728
3,515027	2,844708	-1,992868
-3,004388	-1,576966	1,957490
3,447721	2,536713	-2,023599
-3,116034	-1,738277	1,993690
3,358405	2,407664	-1,994638
2,665112	1,609254	-1,755205
-3,751148	-2,293581	2,352581
-2,916663	-1,880822	1,813128
3,549908	2,076325	-2,306242
2,851494	1,417354	-1,921874
-3,621270	-2,218713	2,395701
-2,988932	-1,667735	2,085073
3,521447	1,749534	-2,464853
2,717582	1,353670	-1,834009
-3,738527	-2,000787	2,665705
-2,998481	-1,669566	2,101925
3,519892	1,417860	-2,670066
2,655061	1,348758	-2,013499
-3,794628	-1,674506	2,740807
2,523108	3,333297	-0,382946
-3,900327	0,092479	4,153508
-3,418988	0,541222	4,525372
3,183623	3,007136	-0,839568
2,427321	1,833813	-1,009176
-3,964615	-1,186282	3,622383
2,826696	0,631957	-2,650126
-3,645115	-2,147768	2,309623
3,086071	0,512999	-3,439476
-3,426071	-2,379969	1,608776
-2,587664	-2,378873	0,735526
3,824797	0,887269	-3,771936
-2,827431	-2,287363	1,174296
3,643371	0,982638	-3,392536
-3,044236	-1,788969	1,801775
3,469926	1,381354	-2,890552
2,757792	1,446083	-2,025806
-3,719231	-1,606020	2,715759
-3,013683	-0,963111	2,356439
3,526860	1,965534	-2,451401
2,882765	1,603066	-2,007079
-3,631594	-1,453570	2,730889
-2,836339	-1,369667	1,870666
3,675526	1,641289	-2,830074
2,948081	1,044944	-2,555126
-3,586133	-1,901067	2,282506
-2,838267	-1,589791	1,894941
3,683256	1,445238	-2,810480
2,931285	1,186829	-2,049233
-3,608841	-1,767607	2,687047
3,042934	1,335285	-2,068786
-3,526299	-1,635185	2,670629
-2,767421	-1,384744	2,021608
3,746709	1,595617	-2,708371
-2,963279	-1,572452	1,982789
3,594880	1,438050	-2,737350
-3,104918	-1,476635	2,187319
3,481569	1,514704	-2,573727
2,781546	1,260838	-2,038139
-3,744217	-1,675139	2,695207
-3,026012	-1,286494	2,217443
3,548644	1,654614	-2,551764
-3,130539	-1,306501	2,376223
3,465678	1,629629	-2,429395
-3,189907	-1,309849	2,417496
3,418184	1,626950	-2,396377
2,734413	1,232307	-1,925142
-3,782445	-1,688667	2,790640
-3,025956	-1,381572	2,217193
3,547496	1,563166	-2,563115
2,853316	1,235214	-2,096450
-3,685607	-1,680253	2,659709
-2,948486	-1,359522	2,127768
3,607785	1,575697	-2,640113
2,870909	1,214600	-2,150389
-3,669847	-1,691635	2,622016
-2,935878	-1,353308	2,105273
3,614338	1,584648	-2,660519
2,891471	1,237080	-2,151394
-3,649864	-1,677630	2,623621
-2,912232	-1,395722	2,106557
3,629746	1,550405	-2,664495
2,880818	1,301601	-2,070319
-3,654877	-1,625701	2,693486
3,014290	1,324637	-2,151702
-3,542079	-1,603787	2,638746
-2,841323	-1,344307	2,118657
3,680452	1,588051	-2,665183
-3,032128	-1,408375	2,220302
3,527808	1,536797	-2,583866
-3,138924	-1,449378	2,293015
3,438707	1,500961	-2,532547
2,766285	1,216088	-2,041357
-3,736818	-1,687593	2,733873
-2,943496	-1,327096	2,141140
3,591747	1,594372	-2,661224
2,927015	1,275498	-2,182596
-3,604932	-1,635651	2,628059
-2,876286	-1,277882	2,094788
3,643542	1,625752	-2,705827
2,876535	1,338900	-2,149343
-3,643342	-1,576938	2,662183
-2,899355	-1,292189	2,122087
3,622246	1,609270	-2,690876
2,913116	1,272097	-2,198659
-3,611237	-1,625344	2,629618
-2,881330	-1,269636	2,134334
3,634594	1,620483	-2,687985
2,861717	1,334685	-2,081451
-3,650284	-1,568444	2,730290
-2,943206	-1,300713	2,191892
3,582629	1,585300	-2,651436
-3,094070	-1,365290	2,268481
3,461938	1,533638	-2,590164
-3,137004	-1,406620	2,325159
3,427591	1,500575	-2,544823
2,757106	1,204192	-2,046241
-3,731224	-1,658589	2,770679
2,903566	1,302515	-2,203566
-3,611650	-1,564396	2,657257
-2,896979	-1,236197	2,156444
3,616920	1,617450	-2,694954
-3,017988	-1,320107	2,287125
3,520112	1,550322	-2,590410
2,806922	1,192779	-2,098226
-3,687457	-1,650664	2,744448
2,980225	1,287126	-2,269230
-3,546010	-1,562637	2,618766
3,116361	1,342228	-2,339137
-3,437102	-1,518555	2,562840
-2,742022	-1,191865	2,057932
3,736573	1,638845	-2,787804
-2,925612	-1,296581	2,219225
3,588483	1,551529	-2,662466
-3,065846	-1,370549	2,277235
3,473691	1,484698	-2,623991
2,763634	1,149461	-2,091533
-3,715461	-1,661569	2,772552
2,951436	1,296102	-2,228930
-3,562656	-1,534858	2,671488
-2,819486	-1,235547	2,144850
3,668216	1,583303	-2,738752
2,946900	1,236718	-2,206637
-3,563293	-1,575420	2,697298
-2,858294	-1,290975	2,150178
3,634177	1,532015	-2,742465
2,905485	1,228639	-2,222071
-3,594568	-1,577251	2,690071
-2,898633	-1,246481	2,182695
3,596845	1,553871	-2,731014
2,877476	1,273736	-2,177151
-3,613770	-1,532068	2,735449
-2,875697	-1,240974	2,196019
3,611177	1,550953	-2,729818
2,881282	1,194804	-2,168535
-3,606709	-1,587888	2,751805
-2,877708	-1,254991	2,163146
3,605688	1,533241	-2,764900
2,853912	1,226593	-2,188941
-3,624724	-1,555960	2,744264
-2,876801	-1,221789	2,180092
3,603180	1,553661	-2,759046
2,874884	1,250589	-2,199577
-3,604713	-1,530621	2,743458
2,995143	1,305662	-2,324403
-3,505778	-1,477970	2,651987
-2,789303	-1,174716	2,144568
3,670450	1,582727	-2,795855
-2,965532	-1,240999	2,313124
3,526963	1,518071	-2,670762
-3,077818	-1,304073	2,369332
3,437134	1,467611	-2,625795
-3,134362	-1,413377	2,367007
3,390598	1,369525	-2,635244
2,720138	1,126259	-2,169472
-3,721977	-1,599220	2,793272
2,888758	1,169293	-2,257013
-3,585972	-1,551533	2,731978
-2,838139	-1,202928	2,208561
3,626467	1,524624	-2,770739
2,876167	1,262042	-2,210064
-3,594017	-1,466058	2,778329
2,996758	1,249228	-2,362016
-3,497544	-1,476310	2,656768
-2,775056	-1,150409	2,125415
3,672069	1,544674	-2,855523
2,945315	1,243399	-2,269099
-3,535862	-1,470282	2,740575
3,098602	1,278633	-2,388215
-3,410112	-1,431952	2,654784
3,130265	1,270998	-2,418550
-3,384781	-1,438060	2,630517
