-0,394964	-3,824673	0,576693
-0,231715	-1,757597	0,461354
-0,315586	-2,654601	0,476318
-0,206511	-2,169639	0,411693
-0,157549	-1,804648	0,329355
-0,164337	-1,566273	0,186887
-0,123810	-1,268338	-0,019002
-0,076069	-0,876797	-0,114777
-0,091494	-0,640161	-0,053524
-0,096174	-0,404894	-0,019840
-0,053960	-0,231999	0,037746
-0,043168	-0,093683	0,060835
-0,118791	0,001650	0,079307
-0,118012	0,131534	0,186000
-0,010153	0,281399	0,271354
0,060814	0,362993	0,316659
0,040992	0,359331	0,222688
-0,036143	0,318103	-0,051639
0,108959	0,354058	-0,286420
0,194402	0,290906	-0,658076
0,155522	0,179108	-1,085615
0,093779	0,059031	-1,213176
0,569291	7,737533	-0,892721
-0,015856	-1,638156	-0,929871
0,079231	-0,896904	-0,789854
0,416121	7,063251	0,308420
0,455451	5,926348	-0,235821
0,011625	-3,039695	-1,128961
0,466764	4,904063	0,221354
0,138077	-3,711295	-1,613829
0,324932	-3,413296	-2,064688
0,495279	4,903909	0,139162
0,421317	-4,760790	-2,215758
0,424568	3,633644	0,708107
0,377953	3,335855	0,382654
0,214848	-4,773592	-2,174590
0,078335	4,274413	0,858139
0,133232	-3,846514	-2,271303
0,206161	-2,801464	-2,330239
0,094364	5,024873	1,093623
0,352867	-4,127005	-2,626751
0,078672	3,799675	1,227174
0,220601	-4,268350	-2,660881
-0,027140	3,686600	1,199870
-0,185665	3,093989	1,238824
0,196063	-4,502710	-2,578146
0,187489	-3,219185	-2,246348
-0,194604	4,402553	1,772126
0,326786	-3,333304	-2,534486
-0,178246	4,226893	1,691943
0,419632	-3,695853	-2,595767
-0,103969	3,936854	1,642919
0,509692	-3,858948	-2,535412
-0,057602	3,781247	1,734320
0,488211	-3,881706	-2,321576
-0,082979	3,764268	1,902114
-0,142979	2,896520	1,759141
0,359164	-4,552417	-2,352063
0,294991	-3,726190	-1,866331
-0,196245	3,993540	2,073263
0,252263	-3,863915	-1,838780
-0,230427	3,883359	2,095303
0,148320	-3,645674	-1,484124
-0,313581	4,057952	2,379028
-0,248685	3,405527	2,000371
0,154513	-4,386257	-1,695516
0,069993	-3,585601	-1,065346
-0,297467	4,242197	2,443535
-0,225641	3,635016	1,844728
0,061040	-4,352008	-1,487800
-0,035424	-3,496926	-1,328114
-0,126631	4,632967	1,452852
-0,124284	3,553181	1,215899
-0,001135	-4,587964	-1,542624
-0,006329	4,087551	1,236261
-0,060919	-4,327028	-0,968155
-0,230329	4,342257	1,772433
-0,240119	-4,123263	-0,539217
-0,243824	4,414534	1,519579
-0,403758	-4,189178	-0,160816
-0,376624	-3,021977	0,315607
-0,092600	5,303223	1,628964
-0,190864	-3,585461	0,324994
0,198850	4,920257	1,133377
0,159080	3,652798	0,945000
-0,224277	-4,866386	-0,117382
0,183475	3,613716	0,496775
-0,338671	-4,929898	0,013551
-0,393491	-3,859663	0,370844
0,170658	4,733141	0,680544
-0,571054	-3,873505	0,512910
0,146686	4,721859	0,261837
-0,815546	-3,882323	0,610729
-0,048907	4,714805	0,340092
-0,124222	4,000470	0,156471
-0,801642	-4,588486	0,749274
-0,518759	-3,808662	1,013040
0,357651	4,692357	-0,216938
0,416335	3,248349	-0,112273
-0,439591	-5,140608	0,937552
0,486008	3,212178	-0,634068
-0,471853	-5,068968	1,060687
0,375942	3,836304	-0,290451
-0,559906	-4,569666	1,335580
-0,555160	-3,203815	1,489745
0,416532	5,075658	-0,376145
0,394212	3,998903	-0,340836
-0,606277	-4,354985	1,633919
-0,439063	-3,706118	1,422030
0,570395	4,589212	-0,768964
-0,396393	-3,951674	1,421631
0,662050	4,333694	-0,963826
-0,365268	-3,951482	1,467943
0,686950	4,333848	-0,926776
-0,498541	-3,997316	1,290773
0,610891	4,277450	-1,123618
-0,704843	-4,068663	1,134788
0,496819	4,196933	-1,304345
0,198305	3,196694	-1,204328
-0,902050	-4,894508	1,248712
-0,867173	-4,022842	0,968331
0,366955	4,233590	-1,437510
-0,698193	-3,942437	1,291956
0,510467	4,269207	-1,269261
-0,392560	-3,915874	1,509547
0,754974	4,290456	-1,095188
0,754161	3,101062	-0,833782
-0,462682	-4,917389	1,715986
-0,538658	-3,681143	1,411087
0,635084	4,453324	-1,254142
0,425988	3,560775	-1,061803
-0,727397	-4,547734	1,538441
-0,581918	-3,883296	1,192455
0,596266	4,297071	-1,413893
0,499992	3,322762	-1,215371
-0,661807	-4,745498	1,395560
-0,452849	-3,727462	0,993894
0,687235	4,423354	-1,573170
0,511490	3,576982	-1,457687
-0,640322	-4,543737	1,202136
-0,512258	-3,604352	0,961708
0,625626	4,525976	-1,592175
0,500501	3,567164	-1,135866
-0,635032	-4,555727	1,452849
0,513821	3,571309	-1,146006
-0,603130	-4,550335	1,460417
-0,375269	-3,762822	1,214292
0,713972	4,397124	-1,405789
-0,389392	-3,774787	1,321528
0,680273	4,379942	-1,352916
0,467622	3,634168	-1,089993
-0,617689	-4,492438	1,538144
0,490396	3,729304	-1,235329
-0,592230	-4,424067	1,400985
-0,489104	-3,654149	1,067170
0,593265	4,484191	-1,535512
-0,548234	-3,820158	1,107221
0,541959	4,351655	-1,504276
-0,485702	-3,918798	1,171313
0,591985	4,272743	-1,453002
0,484501	3,463350	-1,113660
-0,588539	-4,628639	1,526979
-0,478491	-3,580358	1,290520
0,593348	4,535033	-1,385491
-0,501463	-3,687036	1,263556
0,567961	4,442172	-1,432743
-0,499443	-3,753807	1,312713
0,569577	4,388755	-1,393418
-0,559428	-3,942074	1,252258
0,512076	4,241614	-1,435019
-0,542298	-4,162835	1,288810
0,525780	4,065005	-1,405777
0,473703	3,250258	-0,979927
-0,572458	-4,793320	1,661382
-0,434987	-3,842316	1,405702
0,603430	4,319674	-1,320762
-0,483995	-4,014384	1,365735
0,558550	4,176669	-1,371041
-0,529545	-3,947266	1,405094
0,522110	4,230363	-1,339554
0,416129	3,446423	-1,069677
-0,611284	-4,631893	1,605922
-0,534985	-3,766792	1,139204
0,516199	4,375598	-1,550300
-0,523568	-3,811956	1,252062
0,524769	4,344212	-1,445938
-0,470191	-3,834152	1,367434
0,567471	4,326456	-1,353641
0,468126	3,380148	-1,096538
-0,567953	-4,692899	1,561004
0,424926	3,734174	-1,171119
-0,592965	-4,416898	1,483027
-0,390116	-3,740329	1,186421
0,620813	4,411974	-1,470785
-0,397957	-3,958914	1,289252
0,614540	4,237106	-1,388520
-0,479572	-3,960935	1,385702
0,539933	4,230301	-1,330721
-0,552921	-3,953531	1,443643
0,481253	4,236224	-1,284369
0,289606	3,444177	-1,054653
-0,688424	-4,645288	1,592080
-0,558399	-3,647293	1,181748
0,473390	4,482795	-1,490403
-0,464801	-3,791414	1,174542
0,548268	4,367498	-1,496168
-0,458515	-3,906631	1,116313
0,546769	4,278895	-1,534348
0,414691	3,431699	-1,173816
-0,574423	-4,659764	1,488301
-0,413581	-3,643555	1,366812
0,575312	4,490279	-1,333904
0,433726	3,587985	-1,027347
-0,555651	-4,538156	1,596339
-0,475160	-3,783719	1,215794
0,517698	4,389171	-1,423978
0,383520	3,388783	-1,146842
-0,591010	-4,705119	1,479139
-0,357913	-3,779414	1,221610
0,603823	4,398771	-1,403071
0,574974	3,503697	-1,045860
-0,430174	-4,619345	1,543671
0,551907	3,755980	-1,073127
-0,446861	-4,423693	1,503179
-0,449405	-3,477677	1,171905
0,528863	4,646336	-1,424157
-0,541893	-3,650132	1,153419
0,457195	4,515173	-1,416566
-0,517294	-3,846118	1,052855
0,476874	4,358384	-1,497017
-0,470912	-4,017509	0,996154
0,512521	4,226038	-1,527735
0,425336	3,319553	-1,252826
-0,548982	-4,784402	1,322397
-0,423866	-3,796884	1,157493
0,550127	4,404654	-1,391887
0,378825	3,630958	-1,006274
-0,586160	-4,537395	1,512862
-0,530205	-3,499701	1,302205
0,466785	4,645531	-1,265376
0,396407	3,724084	-1,027620
-0,573824	-4,466024	1,485044
0,462203	3,862169	-1,171917
-0,520861	-4,360572	1,353482
-0,416689	-3,480798	1,059806
0,557273	4,665669	-1,443171
-0,437146	-3,710113	1,105841
0,538971	4,486962	-1,391615
-0,442192	-4,003356	1,193634
0,534934	4,252367	-1,321380
-0,476059	-4,160393	1,257482
0,507952	4,132290	-1,251995
0,375723	3,321152	-0,963298
-0,588221	-4,803683	1,487342
-0,462917	-3,735712	1,251151
0,516975	4,475653	-1,245659
0,459538	3,580523	-1,119082
-0,519678	-4,599805	1,351315
-0,408083	-3,702823	0,989136
0,558762	4,505391	-1,444678
0,477649	3,573674	-1,217019
-0,503110	-4,608710	1,262371
0,449831	3,882922	-1,179775
-0,523093	-4,363976	1,284150
-0,395495	-3,498841	1,149874
0,566561	4,671241	-1,308070
-0,452687	-3,832896	1,235131
0,520505	4,409226	-1,222377
-0,481570	-3,986461	1,316837
0,497399	4,286375	-1,157013
0,340011	3,507193	-0,919194
-0,614015	-4,671285	1,468710
-0,506531	-3,714049	1,083053
0,480799	4,505800	-1,337623
