0,323552	-4,050071	-0,825780
0,611185	-2,634945	-1,058926
-0,192761	-2,552216	-0,257348
-0,521872	-1,980495	0,000932
-0,555371	-1,354607	0,107981
-0,743023	-0,409636	0,829370
-0,785910	-0,051962	0,962223
-0,789581	-0,033910	0,792757
-0,869113	0,156704	0,802718
-0,925081	0,339833	1,086434
-0,900917	0,317824	1,045320
-0,759032	0,131705	0,820936
-0,599565	0,235578	0,779304
-0,663484	0,173143	0,922169
-0,638022	0,483199	1,227953
-0,648292	0,432517	1,235131
-0,533952	0,077926	0,827252
-0,419502	-0,236386	0,554566
-0,289644	-0,250386	0,474292
-0,201077	-0,284565	0,295177
-0,061286	0,002138	0,289759
-0,217541	1,334489	1,036070
4,728230	4,128903	-4,522030
-1,012443	-0,531814	1,266024
-0,718039	-1,283332	0,162598
4,220596	2,808271	-4,753570
3,380323	1,809807	-4,065804
-2,102274	-2,379221	1,625866
3,009819	1,839434	-3,600796
-2,398678	-2,355520	1,997873
2,815863	1,848358	-3,271273
-2,566371	-2,284726	2,298511
-2,137353	-1,651609	1,984342
3,109179	2,442125	-3,328056
-2,278100	-1,579923	2,306702
3,000434	2,426725	-3,121283
-2,430227	-1,642048	2,569194
2,878732	2,377025	-2,911289
2,285029	1,889960	-2,266637
-2,992253	-2,121078	3,198175
-2,393802	-1,742820	2,604498
2,905234	2,238789	-2,927887
2,344945	1,650368	-2,439611
-2,942099	-2,286982	3,080501
-2,368999	-1,837245	2,449081
2,922856	2,137480	-3,072925
2,398259	1,787160	-2,473337
-2,898144	-2,147489	3,076177
2,513555	1,920503	-2,570926
-2,805907	-2,040815	2,998106
2,588541	1,922462	-2,676158
-2,747115	-2,009485	2,933716
-2,213011	-1,530991	2,369952
3,047539	2,322662	-3,178681
-2,395236	-1,666346	2,592975
2,905208	2,188342	-3,015098
-2,520209	-1,786065	2,639102
2,805229	2,092567	-2,978197
2,276692	1,595501	-2,446317
-3,001913	-2,227743	3,142566
-2,386211	-1,812833	2,475755
2,915453	2,038757	-3,128284
2,363001	1,623346	-2,487308
-2,934021	-2,190346	3,119042
2,467525	1,728969	-2,605542
-2,848382	-2,098071	3,031662
2,543696	1,833428	-2,660127
-2,787445	-2,014504	2,987993
-2,222296	-1,619262	2,405714
3,044565	2,185836	-3,191524
2,427546	1,727057	-2,568028
-2,879919	-2,100967	3,061162
-2,288615	-1,611837	2,464249
2,991063	2,193143	-3,144186
2,371414	1,715439	-2,476127
-2,926366	-2,109484	3,133760
-2,341093	-1,672268	2,491688
2,953858	2,137214	-3,122887
2,370746	1,656153	-2,505970
-2,930136	-2,150105	3,111462
-2,359428	-1,789021	2,435552
2,942904	2,034994	-3,170271
2,354323	1,635655	-2,520897
-2,946988	-2,157687	3,101995
-2,365250	-1,680192	2,489255
2,940976	2,114991	-3,129512
2,352781	1,714972	-2,503610
-2,950951	-2,087167	3,118028
2,474846	1,806742	-2,635670
-2,855730	-2,008103	3,013897
-2,292243	-1,606483	2,403458
3,001812	2,168311	-3,199667
-2,441817	-1,711189	2,608657
2,886039	2,077702	-3,036446
-2,530661	-1,784491	2,701875
2,814964	2,019060	-2,961873
-2,572203	-1,808426	2,746215
2,786248	1,991197	-2,927987
-2,637991	-1,837321	2,744271
2,733617	1,968081	-2,929542
-2,641797	-1,855813	2,743027
2,735342	1,942208	-2,933446
-2,660506	-1,865433	2,827069
2,720375	1,934512	-2,866213
2,186745	1,503691	-2,324727
-3,102169	-2,218285	3,269204
-2,481735	-1,774628	2,600044
2,871076	1,992746	-3,050170
2,289201	1,617176	-2,409497
-3,025104	-2,118708	3,202607
-2,412423	-1,710285	2,546767
2,929780	2,038865	-3,093270
2,343824	1,592794	-2,497595
-2,984659	-2,132858	3,132607
2,474786	1,778119	-2,557618
-2,882685	-1,977654	3,086546
-2,290829	-1,582124	2,484556
3,029850	2,134451	-3,144996
2,456645	1,633825	-2,593755
-2,899323	-2,088291	3,058798
-2,327118	-1,670633	2,477677
3,002944	2,058845	-3,151661
2,365527	1,673363	-2,453875
-2,973687	-2,052309	3,172186
-2,378950	-1,634187	2,537748
2,966262	2,075234	-3,107496
2,365349	1,591251	-2,547274
-2,977142	-2,109584	3,099875
-2,366394	-1,680007	2,502879
2,981099	2,026662	-3,138677
2,384880	1,621330	-2,495622
-2,966311	-2,073604	3,144483
2,497512	1,705780	-2,656167
-2,880211	-2,000040	3,016181
-2,327148	-1,615351	2,374646
3,016502	2,072383	-3,241398
-2,457359	-1,668459	2,532677
2,914351	2,024151	-3,116814
2,331481	1,688258	-2,493452
-3,015054	-2,008312	3,148195
2,485238	1,750369	-2,583039
-2,893771	-1,949064	3,081121
-2,315017	-1,635847	2,533834
3,029948	2,040681	-3,120485
-2,458003	-1,701495	2,643505
2,919539	1,978150	-3,035478
-2,588609	-1,787464	2,737219
2,815054	1,909374	-2,960506
2,294774	1,487095	-2,393499
-3,054554	-2,139904	3,237597
-2,397686	-1,696604	2,528800
2,972225	1,972297	-3,129356
2,373006	1,601934	-2,520288
-2,994854	-2,041491	3,137650
-2,434182	-1,548936	2,548418
2,950251	2,073365	-3,117800
2,360200	1,651032	-2,494240
-3,009436	-1,991688	3,161143
-2,384570	-1,646968	2,528914
2,994105	1,984946	-3,135855
-2,514136	-1,706904	2,657962
2,890452	1,936997	-3,032617
2,318598	1,549016	-2,422658
-3,053119	-2,047406	3,225085
-2,457814	-1,660904	2,541770
2,941746	1,957896	-3,129796
-2,539281	-1,720302	2,682354
2,876572	1,910377	-3,017328
-2,591420	-1,758317	2,757009
2,837269	1,873913	-2,959163
-2,625271	-1,804415	2,789780
2,814575	1,827444	-2,934857
-2,663132	-1,809021	2,788157
2,784286	1,823760	-2,936156
2,194001	1,427047	-2,342308
-3,164461	-2,120357	3,293878
-2,562208	-1,650328	2,658081
2,869896	1,941732	-3,041259
2,306329	1,587251	-2,425522
-3,077352	-1,987761	3,227481
-2,461881	-1,597868	2,574325
2,957834	1,969518	-3,109883
2,381587	1,521997	-2,495566
-3,022070	-2,030215	3,172890
-2,432976	-1,639491	2,545972
2,985371	1,923521	-3,136318
2,411276	1,554136	-2,501395
-3,002731	-1,991805	3,171979
-2,402185	-1,593444	2,575882
3,014348	1,949703	-3,114899
-2,539937	-1,695335	2,676026
2,904146	1,868191	-3,034784
2,335111	1,485215	-2,460331
-3,072141	-2,026949	3,209205
2,497836	1,631860	-2,633084
-2,941961	-1,909633	3,071002
2,599822	1,690323	-2,723106
-2,865874	-1,850451	3,001423
-2,315678	-1,480361	2,439436
3,093189	2,018421	-3,228358
-2,478840	-1,534356	2,566582
2,968645	1,960441	-3,130043
-2,599780	-1,596594	2,686934
2,871893	1,910651	-3,033761
