-0,269121	3,444759	-0,322610
-0,161679	2,778786	-0,334684
0,487193	-5,573283	0,366090
-0,303146	3,331539	-0,325386
-0,280815	2,902680	-0,290948
0,468249	-5,468021	0,385500
0,359280	-4,366757	0,331379
-0,405477	4,296760	-0,353155
0,399158	-4,574888	0,381692
-0,370912	4,129543	-0,324775
0,416487	-4,416882	0,316691
-0,357048	4,255948	-0,376776
-0,276588	3,496606	-0,288448
0,467577	-4,992101	0,401717
0,312784	-3,932403	0,306054
-0,438620	4,643464	-0,387632
-0,365090	3,692176	-0,290444
0,403310	-4,836029	0,388118
0,314988	-3,861164	0,341133
-0,464277	4,699409	-0,341693
-0,402060	3,851444	-0,166120
0,394619	-4,707186	0,481704
0,346334	-3,750429	0,477279
-0,480232	4,783983	-0,234464
-0,345887	3,811867	-0,095656
0,480589	-4,734833	0,539763
-0,423978	4,138775	-0,118398
0,476927	-4,470088	0,486129
0,419840	-3,338621	0,434861
-0,480237	5,110210	-0,232959
0,531494	-3,654641	0,409800
-0,469300	4,858806	-0,098004
-0,390759	3,879385	-0,292873
0,581888	-4,679010	0,191545
0,588065	-4,041934	-0,275704
-0,495504	4,549980	-0,401362
0,814661	-4,105246	-0,362421
-0,421772	4,481734	0,004994
0,674806	-4,249480	-0,559023
-0,533656	4,366346	-0,152288
0,608278	-4,487324	-0,615912
-0,586879	4,176071	-0,197798
-0,517656	3,264970	-0,040618
0,730508	-5,124025	-0,659516
0,806536	-4,106880	-0,619529
-0,651521	4,390975	0,473488
-0,444620	3,489801	0,286875
0,941054	-4,884637	-0,739611
0,691566	-3,654942	-0,767861
-0,908665	4,664989	0,734705
0,689028	-3,627162	-1,228468
-0,910696	4,687214	0,366219
0,840596	-4,038322	-1,760706
-0,789441	4,358285	-0,059571
-0,620873	3,180151	-0,275762
1,061775	-4,975795	-1,824056
0,887718	-4,378938	-1,459245
-0,969020	3,933396	0,683857
1,332919	-4,504299	-1,342466
-0,612860	3,833107	0,777280
-0,271285	2,526495	0,535856
1,557209	-5,357918	-1,558730
1,153852	-4,347611	-1,277622
-0,912173	3,867056	1,034525
-0,813995	3,599182	1,088048
1,184059	-4,465800	-1,186184
1,108100	-3,519023	-0,895330
-0,947342	4,517571	1,385236
-0,620000	3,254054	1,238403
1,337821	-4,729547	-1,110778
1,047278	-3,890872	-0,766068
-0,941475	4,231568	1,495435
0,972500	-3,981990	-0,888962
-1,001298	4,158674	1,397120
-0,835050	3,478118	0,898491
1,045694	-4,598056	-1,315825
0,767619	-3,165248	-1,458622
-1,099640	4,848351	0,867721
0,788065	-3,432932	-1,371080
-0,989453	4,735559	0,619555
0,698128	-4,038141	-0,891410
-1,061402	4,251392	1,003291
-1,117523	3,368462	0,908728
0,641944	-4,877038	-0,635953
0,268446	-3,556946	-0,156418
-1,214488	4,823542	0,706283
-0,940952	4,479265	0,986307
0,676484	-4,085687	-0,042372
-0,674268	4,530212	0,604035
0,737318	-4,113315	0,258916
-0,594962	4,171085	0,730171
0,800762	-4,400617	0,359825
0,579333	-3,321342	0,571267
-0,813266	5,080411	0,681325
-0,735772	4,176089	0,502754
0,581782	-4,416458	0,457647
0,273935	-3,540826	0,381437
-0,951253	4,924669	0,249706
0,394079	-3,718019	0,331805
-0,706308	4,796879	-0,069872
0,395248	-4,048686	0,279418
-0,705373	4,532346	-0,111781
-0,548317	3,511796	-0,283582
0,490340	-4,962672	0,302607
0,208440	-3,901200	0,418258
-0,653932	4,636019	-0,504917
-0,691657	3,884987	-0,112867
0,267358	-4,648990	0,749230
-0,575705	3,938768	-0,286735
0,290729	-4,575882	0,901840
0,301520	-3,607088	1,027858
-0,510077	4,841226	-0,308942
0,358551	-3,562849	1,244078
-0,403023	4,840367	-0,392940
-0,406675	3,964209	-0,099882
0,364524	-4,519278	1,308297
-0,427700	3,916813	-0,372137
0,300563	-4,536659	1,220640
0,194492	-3,644646	1,068428
-0,487129	4,754392	-0,663607
0,283658	-3,943192	1,025762
-0,381905	4,496428	-0,804463
0,433522	-4,161074	1,081078
-0,262014	4,322122	-0,760210
-0,197893	3,820986	-0,469269
0,446459	-4,589818	1,271610
-0,262926	4,258160	-0,560801
0,394433	-4,240079	1,198385
0,261929	-3,575895	0,759557
-0,402120	4,798265	-0,978207
-0,413612	3,601163	-0,966397
0,280773	-4,778050	0,812735
0,239938	-4,144146	0,420398
-0,437041	4,365321	-1,133795
0,394253	-4,663279	0,325629
-0,313589	3,950015	-1,209611
-0,144848	2,984970	-0,936638
0,537304	-5,309112	0,620816
0,429843	-4,186012	0,496653
-0,309308	4,348278	-0,972804
0,375098	-4,072932	0,630181
-0,386175	4,453941	-0,760267
0,346674	-4,049559	0,640879
-0,408913	4,472640	-0,751709
0,389761	-4,080557	0,609427
-0,391641	4,453233	-0,733793
0,466733	-4,040197	0,611322
-0,360999	4,496726	-0,639695
-0,304119	3,796531	-0,649630
0,491091	-4,691658	0,609049
0,415852	-3,653751	0,380004
-0,426517	4,821468	-0,693914
-0,287596	3,443553	-0,708324
0,529122	-4,989626	0,431258
0,415638	-4,474258	0,230112
-0,440563	4,176133	-0,712031
-0,383089	3,241331	-0,638561
0,466602	-5,162475	0,385271
0,426899	-4,099341	0,269918
-0,450426	4,478521	-0,641633
-0,291404	3,636434	-0,536285
0,558822	-4,848847	0,428539
-0,346610	4,032496	-0,363506
0,508720	-4,532384	0,568726
-0,371373	4,101836	-0,358592
0,488910	-4,476912	0,572657
0,391128	-3,512593	0,496424
-0,473106	4,948307	-0,462392
0,330927	-3,684841	0,512596
-0,511266	4,810794	-0,455936
-0,379694	3,864228	-0,412971
0,458253	-4,667558	0,545560
-0,395406	4,139789	-0,508426
0,445684	-4,447109	0,469197
0,348887	-3,511729	0,360038
-0,472100	4,949756	-0,595429
-0,400659	4,036401	-0,438045
0,430683	-4,530019	0,533024
-0,442586	4,044417	-0,500854
0,387105	-4,524815	0,480632
0,294365	-3,681129	0,422804
-0,505682	4,815445	-0,543072
0,290671	-3,877353	0,538773
-0,500013	4,658305	-0,458877
0,317220	-3,964606	0,553433
-0,478774	4,588502	-0,447150
-0,320507	3,653449	-0,360954
0,474909	-4,835395	0,619686
0,402906	-3,921934	0,472770
-0,408989	4,620607	-0,530233
0,442421	-4,038690	0,484263
-0,376151	4,526120	-0,531214
0,367890	-3,982983	0,508972
-0,435776	4,570686	-0,511446
0,412106	-4,368611	0,440530
-0,397881	4,262798	-0,563011
0,386282	-4,378088	0,465026
-0,411624	4,255237	-0,548685
-0,375257	3,419509	-0,392990
0,420444	-5,022099	0,606314
-0,365520	3,814995	-0,405990
0,424778	-4,704082	0,612207
0,401100	-3,778584	0,482106
-0,396315	4,733211	-0,551314
0,392483	-4,030787	0,495948
-0,397768	4,529945	-0,556668
-0,341194	3,662254	-0,445334
0,438800	-4,824771	0,597159
0,282103	-3,844498	0,447088
-0,472401	4,679339	-0,602875
-0,377920	3,735812	-0,444002
0,395747	-4,766289	0,605344
0,285959	-3,736434	0,507254
-0,459045	4,765934	-0,560999
-0,390215	3,919982	-0,418160
0,375640	-4,619095	0,632274
0,315831	-3,672297	0,521138
-0,433186	4,814527	-0,572791
0,369941	-3,900743	0,539129
-0,389898	4,631770	-0,558399
0,404571	-4,138865	0,527663
-0,362194	4,441273	-0,567571
-0,292105	3,566635	-0,450387
0,454517	-4,897353	0,641042
0,325315	-3,879585	0,528153
-0,427955	4,647181	-0,577363
0,353503	-4,109701	0,530335
-0,405405	4,463088	-0,575617
-0,329491	3,510872	-0,495079
0,422122	-4,943830	0,592449
0,307059	-3,932085	0,458640
-0,440067	4,606860	-0,621600
0,356639	-3,998103	0,498892
-0,404899	4,553755	-0,588540
0,442888	-4,132213	0,524481
-0,335900	4,446468	-0,568069
0,421490	-4,156765	0,510220
-0,357294	4,426827	-0,576475
0,393332	-4,256736	0,477513
-0,385451	4,347760	-0,591421
-0,308361	3,485868	-0,450158
0,453428	-4,964454	0,613305
0,316784	-4,017521	0,490644
-0,450198	4,539860	-0,572563
0,351127	-4,076031	0,522347
-0,431036	4,492212	-0,547865
-0,237594	3,471215	-0,484250
0,521863	-4,976065	0,578343
-0,241079	3,771456	-0,434098
0,526983	-4,735143	0,618430
0,436906	-3,726837	0,540702
-0,370322	4,770839	-0,533147
0,377631	-3,882020	0,500893
-0,419658	4,648538	-0,548606
0,271142	-4,035323	0,395541
-0,504849	4,525895	-0,632888
-0,425447	3,461705	-0,530549
0,379994	-4,986630	0,510822
0,319314	-3,958666	0,400998
-0,464900	4,589062	-0,614463
-0,322501	3,747090	-0,402672
0,466549	-4,757566	0,616141
0,426857	-3,836692	0,531211
-0,388704	4,686064	-0,507436
-0,280324	3,702893	-0,390629
0,505930	-4,793103	0,619901
-0,353634	3,899199	-0,458663
0,444832	-4,637301	0,557015
-0,456130	4,092777	-0,531951
0,362835	-4,482438	0,498384
-0,479680	4,193915	-0,572227
0,340246	-4,401754	0,467195
0,325815	-3,552042	0,366096
-0,463338	4,915253	-0,632100
0,399277	-3,870642	0,434616
-0,402990	4,659338	-0,587155
-0,299413	3,827046	-0,431426
0,482881	-4,694215	0,589707
0,309708	-3,617498	0,471766
-0,466660	4,861660	-0,565149
-0,403967	3,843370	-0,536375
0,391253	-4,680963	0,513461
0,274705	-3,798388	0,464387
-0,489064	4,717254	-0,572755
0,325236	-3,928543	0,646913
-0,448639	4,613129	-0,426734
-0,282640	3,751757	-0,203460
0,483041	-4,754535	0,781443
0,440051	-3,895544	0,602175
-0,363057	4,639188	-0,460602
-0,198530	3,604115	-0,445078
0,556274	-4,872331	0,586280
0,330124	-3,851907	0,354129
-0,451464	4,673776	-0,661323
-0,468406	3,716042	-0,544378
0,340838	-4,782468	0,509124
0,280330	-3,818315	0,414959
-0,490917	4,700912	-0,610791
-0,339116	3,737751	-0,496292
0,443888	-4,765364	0,545724
-0,323361	3,928145	-0,503402
0,458081	-4,613240	0,537260
0,381784	-3,659953	0,429808
-0,411342	4,827794	-0,596135
