-0,027531	-0,031200	0,001886
1,040036	-3,625839	10,591536
0,901950	-2,859485	8,512499
0,711978	-2,258865	6,808083
0,576284	-1,768786	5,497223
0,499333	-1,355654	4,432251
0,481827	-1,051003	3,523779
0,475489	-0,846539	2,837212
0,439766	-0,660960	2,375116
0,377667	-0,500032	2,070564
0,253294	-0,346400	1,759881
0,076219	-0,244552	1,422273
0,010218	-0,127648	1,132069
0,028292	-0,082966	0,836697
0,032204	-0,001248	0,633933
0,010443	0,024856	0,526299
0,070611	0,051489	0,354951
0,133100	0,114934	0,131690
0,155320	0,141740	-0,085224
0,157777	0,191932	-0,190763
0,132923	0,201421	-0,278062
0,033548	0,174552	-0,380469
-0,062224	0,136761	-0,378119
-0,095738	0,072068	-0,184697
-0,149381	0,014551	-0,014640
-0,223887	-0,000810	0,088838
-0,274886	0,050109	0,199403
-0,240978	0,091808	0,281153
-0,142978	0,073447	0,368575
-0,004251	0,063542	0,370507
0,074175	0,081486	0,341425
0,163723	0,075723	0,407209
0,254525	0,058662	0,437816
0,295551	0,084271	0,423995
0,305398	0,073166	0,364099
0,242402	0,095887	0,245307
0,166151	0,114051	0,192412
0,170262	0,078790	0,215221
0,164945	0,086018	0,203781
0,113755	0,123404	0,129504
-0,003796	0,104473	0,197463
-0,070078	0,074960	0,277673
-0,154707	0,084870	0,228852
-0,243468	0,069813	0,135194
-0,293420	0,058719	0,081336
-0,295075	0,081448	0,045916
-0,280116	0,125497	0,097072
-0,271016	0,177009	0,182039
-0,186161	0,206732	0,137978
-0,005276	0,218059	0,131452
0,239981	0,229989	0,145384
0,447685	0,215595	0,207286
0,631085	0,042227	0,410995
0,778769	-0,143379	0,652490
0,924688	-0,235382	1,030512
0,947563	-0,224694	1,342525
0,804974	-0,151984	1,580625
0,623874	-0,165643	1,844858
0,493350	-0,240729	2,043795
0,429152	-0,337188	2,125368
0,336620	-0,416284	2,104433
0,218539	-0,433576	1,997670
0,112587	-0,357396	1,694853
-0,030597	-0,293582	1,288853
-0,117373	-0,232949	1,135464
-0,159987	-0,221796	1,084592
-0,137560	-0,170723	1,078354
-0,161769	-0,101154	1,096362
-0,275937	-0,087625	0,992970
-0,382590	-0,137141	0,744572
-0,434405	-0,141304	0,442434
-0,449038	-0,129328	0,150920
-0,413820	-0,166670	-0,120609
-0,348292	-0,167809	-0,411564
-0,269063	-0,188837	-0,712320
-0,222905	-0,177889	-1,096578
-0,254947	-0,156679	-1,445169
-0,227896	-0,082240	-1,748945
-0,120061	-0,082076	-1,963231
-0,025187	-0,052258	-2,107841
0,074662	-0,036057	-2,181390
0,181361	0,014246	-2,263215
0,221700	0,055452	-2,375611
0,233866	0,066395	-2,533509
0,220602	0,078970	-2,555445
0,179362	0,136919	-2,516500
0,136788	0,205299	-2,402970
0,109430	0,289703	-2,293006
0,124886	0,304541	-2,176287
0,111407	0,313543	-2,073354
0,058474	0,341813	-2,018766
0,002724	0,363477	-2,019152
-0,013141	0,401865	-1,868154
0,013425	0,445040	-1,699467
0,021275	0,468080	-1,499393
0,047672	0,463527	-1,318264
0,026639	0,416793	-1,079514
0,005991	0,401428	-0,841589
0,007674	0,328796	-0,650286
0,067430	0,256335	-0,470424
0,126723	0,239553	-0,339950
0,086059	0,315178	-0,345703
0,043945	0,320136	-0,359875
0,019836	0,244621	-0,335788
-0,011902	0,231134	-0,286831
-0,103382	0,240449	-0,246701
-0,168900	0,260352	-0,303660
-0,184912	0,248504	-0,451705
-0,171880	0,233275	-0,556725
-0,152824	0,233557	-0,550727
-0,150030	0,228984	-0,483685
-0,116191	0,206161	-0,385983
-0,108273	0,241552	-0,225474
-0,115354	0,230583	-0,193782
-0,149741	0,173932	-0,213449
-0,130328	0,153513	-0,176496
-0,157900	0,152498	-0,114390
-0,181862	0,160304	-0,094381
-0,210614	0,139742	-0,147331
-0,204880	0,134780	-0,211725
-0,221363	0,129845	-0,294832
-0,220181	0,122077	-0,365150
-0,233615	0,112017	-0,420453
-0,207962	0,142286	-0,468515
-0,168273	0,159801	-0,426534
-0,155688	0,098153	-0,359415
-0,161904	0,101509	-0,288497
-0,122822	0,102276	-0,271972
-0,071439	0,097140	-0,321008
-0,070567	0,098782	-0,354499
-0,037301	0,087644	-0,459808
0,008477	0,059580	-0,581408
-0,019085	0,042879	-0,685390
-0,087094	0,050588	-0,723569
-0,163523	0,028019	-0,747410
-0,238082	0,043485	-0,781802
-0,266125	0,029038	-0,764309
-0,305795	0,047169	-0,711044
-0,386372	0,086587	-0,679919
-0,401993	0,056819	-0,622476
-0,356067	0,066525	-0,508515
-0,303055	0,097262	-0,403931
-0,267334	0,067275	-0,383484
-0,219617	0,054784	-0,354663
-0,151755	0,033293	-0,313418
-0,085003	-0,018373	-0,391518
-0,038315	-0,001295	-0,466450
0,013391	0,016201	-0,449771
-0,028545	0,052230	-0,394289
-0,015182	0,024548	-0,343203
-0,023632	-0,003347	-0,296596
-0,087863	-0,036199	-0,196090
-0,088479	-0,028959	-0,185607
-0,096638	-0,022215	-0,224145
-0,102212	-0,043627	-0,276997
-0,101887	-0,053102	-0,350882
-0,131302	-0,042481	-0,363067
-0,154846	-0,049305	-0,450390
-0,220606	-0,069132	-0,609311
-0,187019	-0,078291	-0,622471
-0,146734	-0,072204	-0,588956
-0,118352	-0,080749	-0,511387
-0,067863	-0,113439	-0,475198
-0,021734	-0,123320	-0,505610
-0,043242	-0,142711	-0,398739
-0,163878	-0,118954	-0,263449
-0,263268	-0,073130	-0,344841
-0,232636	-0,115010	-0,360138
-0,189942	-0,175333	-0,300562
-0,174939	-0,213997	-0,196406
-0,297971	-0,168329	-0,285445
-0,355211	-0,146163	-0,491723
-0,277467	-0,171507	-0,552351
-0,137696	-0,193712	-0,425596
-0,102491	-0,245949	-0,419969
-0,264915	-0,210175	-0,874196
-0,411127	-0,225598	-1,260550
-0,392109	-0,213999	-1,264141
-0,243778	-0,213326	-0,641647
-0,320474	-0,179291	-0,098645
-0,668183	-0,050537	-0,595102
-0,645643	-0,104590	-0,751900
-0,408287	-0,069304	-0,409979
-0,238531	0,023084	-0,359587
-0,109416	-0,032290	-0,520385
0,215091	-0,173317	-0,300439
0,319559	-0,165473	-0,048810
0,041120	0,036177	-1,004393
0,042479	-0,007448	-1,670214
0,322240	-0,070118	-1,306483
0,315250	0,126815	-0,997298
0,365213	0,084216	-0,163854
-0,029607	0,201455	-0,321660
-0,451774	0,321089	-1,222672
-0,409307	0,212816	-0,965686
-0,247001	0,252613	-0,342556
-0,065436	0,278714	-0,148582
0,304866	0,074522	0,534272
0,268795	0,202317	0,855494
-0,021512	0,415638	-0,138249
0,074722	0,193643	-0,305960
0,215881	0,229621	0,034870
0,282837	0,348419	-0,268991
0,558594	-0,896350	-10,436519
1,117249	-1,954397	-17,415573
0,252149	2,721150	21,556313
0,082969	3,265800	18,236248
1,070025	0,765276	-8,879923
1,914260	-2,680284	-10,114887
0,607238	-0,498940	7,064353
0,013659	1,643585	0,802740
-0,686265	1,337854	-2,139876
-0,776942	0,387459	1,877491
-0,721151	0,321454	0,868973
-0,735893	0,419968	0,083215
-0,389520	0,324487	0,927522
-0,148811	0,309382	0,781288
-0,052972	0,388289	0,441156
0,078301	0,403527	0,607661
0,107648	0,302704	0,512948
0,054514	0,197156	0,374921
0,085750	0,141440	0,333458
0,095419	0,107403	0,252398
0,067705	0,072519	0,228738
0,020655	0,039826	0,220344
-0,098405	0,020362	0,080499
-0,155335	-0,071821	0,148676
-0,331128	-0,007652	0,174495
-0,213181	-0,086566	-0,226236
-0,079566	-0,158316	0,073748
-0,266680	-0,182207	0,220851
-0,380947	-0,117982	-0,231290
-0,037558	-0,242835	-0,278892
-0,077935	-0,176067	0,045038
-0,259626	-0,160971	-0,127727
-0,225901	-0,171868	-0,128048
-0,214242	-0,117377	-0,062216
-0,175226	-0,091033	-0,021989
-0,076973	-0,100597	0,027416
-0,059662	-0,047922	0,057370
-0,083167	0,048809	0,079404
-0,052166	0,012240	0,100876
0,073197	0,015530	0,091236
0,120801	0,013388	0,075857
0,106223	0,019329	0,038664
0,155840	-0,001773	0,074986
0,178298	0,021567	0,046586
0,192443	0,024908	-0,004870
0,172155	0,026640	0,020994
0,121440	0,021312	-0,007143
0,060763	0,023751	-0,055507
0,054348	0,044855	-0,052071
0,091366	0,050252	-0,051239
0,102780	0,036368	-0,084082
0,065940	-0,017829	-0,031828
0,024981	-0,036297	-0,019725
0,016164	-0,041489	-0,048336
0,024418	-0,050427	-0,064524
-0,015903	-0,021189	-0,031514
-0,042410	0,006999	0,013095
-0,028178	0,028585	-0,011546
0,036832	0,002750	0,004167
0,047667	0,040506	-0,009118
0,022801	0,019953	-0,015913
0,013456	0,022664	0,030373
-0,003603	0,030582	0,029084
-0,007668	0,004361	0,038587
-0,003265	-0,035781	0,028953
0,002185	-0,050646	0,027960
-0,032737	-0,035732	-0,058076
-0,031927	-0,025717	-0,002419
0,003182	-0,024395	0,016266
0,000629	-0,001327	-0,027209
0,033072	0,024793	-0,014102
0,075298	0,024632	0,015526
0,017135	-0,002328	0,131183
0,002221	0,060393	-0,002316
0,152131	-0,010108	-0,026755
0,078614	0,038837	0,136616
0,005433	0,031070	0,004898
0,018702	-0,083360	0,031702
0,028377	-0,043702	0,075153
-0,017521	-0,002405	0,100345
-0,009232	0,024895	0,053457
0,017517	0,011298	0,030326
0,011133	0,007122	0,025213
0,029023	0,035385	0,032622
0,052906	0,005322	0,020348
0,082547	0,020542	-0,018194
0,038267	0,042288	-0,029875
0,021031	0,024260	0,007704
-0,025314	-0,000710	0,012865
-0,051855	0,017633	-0,009825
-0,064470	0,039009	0,012258
-0,068812	-0,015729	0,016508
-0,073238	-0,038438	0,014158
-0,044223	-0,003931	0,031444
-0,084231	0,057182	0,087399
0,144273	-0,064386	-0,250894
0,206397	-0,046724	0,050188
-0,076227	0,084251	0,006630
-0,144295	-0,006342	-0,046405
-0,004339	-0,072114	0,013633
-0,022637	0,008397	0,023357
-0,039166	0,066092	0,023471
-0,027513	0,048089	0,011111
-0,037330	0,028889	0,067311
-0,038482	0,019278	0,025126
-0,007800	0,006804	0,016267
0,035899	0,000658	0,005348
0,044039	0,028297	0,022479
-0,072032	0,083930	0,080227
0,090824	-0,011384	-0,174283
0,233548	-0,025392	0,025295
0,047019	0,079284	0,018320
-0,091682	0,015551	-0,034184
-0,038861	-0,058434	-0,019681
-0,014817	-0,006525	0,026394
-0,031006	0,006279	0,015366
-0,047791	-0,027545	-0,009729
-0,048767	-0,009585	0,002752
-0,053369	0,024888	-0,032283
0,043486	0,021827	-0,044980
0,090343	-0,007429	-0,027365
0,032052	0,000759	-0,009441
-0,034698	0,015927	-0,029574
-0,021057	0,024229	-0,015041
0,014759	-0,010304	0,024356
-0,015000	-0,033134	-0,003500
-0,028284	-0,012151	0,021150
-0,079134	0,001778	0,006385
-0,074794	0,023444	0,009893
-0,065585	-0,029120	-0,002620
-0,069704	-0,053948	-0,012630
-0,037575	-0,021137	-0,017770
0,010162	-0,014993	0,014519
0,012927	-0,007197	-0,002753
-0,016477	0,003813	-0,030938
-0,012229	0,007835	0,009735
0,000751	-0,024371	0,018322
0,016885	-0,013747	-0,018863
-0,001812	0,028260	0,004063
0,009085	0,032191	-0,008236
0,013018	-0,002983	0,001065
0,025734	-0,003338	-0,007767
-0,002399	-0,018955	-0,020581
-0,022036	0,005905	0,030459
-0,015712	-0,016345	0,020546
-0,025021	-0,014029	0,003021
-0,027671	-0,065813	0,035937
-0,027886	-0,034462	0,007681
-0,018476	-0,006500	-0,004390
-0,009996	-0,017652	0,000321
0,011156	-0,020823	0,002173
0,005092	-0,001326	0,054412
-0,008366	0,003724	0,017675
0,056503	0,017347	-0,023213
0,059570	0,034947	0,023568
0,017969	0,026041	0,019807
0,020124	0,016036	-0,047362
0,037169	0,001342	0,005213
0,040270	0,002990	-0,004447
0,030299	-0,008142	-0,015057
-0,010233	0,009770	-0,002462
-0,002449	0,014518	0,022932
0,006659	-0,000836	-0,029542
0,019695	-0,035142	-0,014064
0,023422	-0,008961	0,003117
0,003417	-0,003347	0,030264
-0,023133	0,018391	0,014641
-0,024244	0,030997	0,013629
0,016994	0,029583	-0,018784
0,069138	-0,016556	-0,023645
0,072546	0,011658	-0,006465
0,056121	0,033264	-0,023373
-0,000111	0,040027	0,013858
-0,028811	0,029141	0,035037
0,015256	0,029062	-0,025608
0,042845	0,013680	-0,032938
0,073546	-0,012042	-0,036885
0,032018	-0,003897	0,004013
0,003593	0,019869	0,026196
-0,012458	0,021645	0,015207
-0,028155	0,010614	-0,024223
-0,024440	-0,025029	-0,024164
-0,034872	-0,000871	-0,003047
-0,023113	-0,004529	0,010966
-0,027108	-0,033311	0,010689
-0,026472	-0,024732	0,015253
-0,005857	0,004152	-0,011735
0,027870	0,042592	0,035619
0,026129	0,019706	0,039030
0,003667	0,019598	0,009202
0,018253	0,014726	0,010231
0,026102	-0,008337	0,025421
0,002681	-0,004753	0,002149
-0,015092	0,006732	-0,005947
-0,005372	-0,005149	-0,015293
-0,027283	-0,011785	-0,043838
-0,009376	-0,019963	-0,005383
0,008784	-0,039908	-0,013889
0,003194	-0,021392	0,002304
-0,020431	0,010657	0,005676
0,011426	-0,014461	0,012195
0,042662	-0,003902	-0,021848
