0,011774	-0,007960	-0,030381
0,377168	-2,937826	10,393347
0,227992	-2,286100	8,288823
0,149837	-1,863353	6,450052
0,150522	-1,479184	4,900508
0,124238	-1,154624	3,684823
0,079286	-0,905499	2,721846
0,030860	-0,662155	2,074047
0,022771	-0,452148	1,695627
0,022050	-0,316711	1,330647
0,006153	-0,235168	0,878726
0,003958	-0,214953	0,521023
0,036687	-0,249538	0,271249
0,003495	-0,227402	-0,066473
-0,052746	-0,107214	-0,232267
-0,153293	0,019575	-0,373522
-0,272988	0,187083	-0,489394
-0,233710	0,262667	-0,464293
-0,101739	0,241738	-0,286205
0,037359	0,140717	-0,069992
0,137150	0,061817	0,074255
0,117386	0,044668	0,200188
0,146582	0,027117	0,354559
0,154607	0,059035	0,574773
0,091130	0,117150	0,758622
0,034598	0,118610	0,872169
0,045867	0,159060	0,967803
0,155456	0,142568	1,159227
0,284289	0,109269	1,190748
0,330861	0,068262	1,099120
0,375785	0,127388	1,013378
0,400225	0,177570	0,872946
0,324965	0,200479	0,656218
0,171862	0,182405	0,374620
0,180593	-0,048486	0,137843
0,138725	-0,066560	0,081552
0,069805	-0,008241	0,002985
-0,052383	0,076733	-0,066557
-0,138623	0,204074	-0,112620
-0,129099	0,307864	-0,146603
-0,066890	0,305678	-0,015768
-0,005624	0,199523	0,142525
0,056792	0,076305	0,275873
-0,045545	0,171176	0,385420
-0,092942	0,218349	0,195323
0,249340	-0,109756	0,166793
0,322055	-0,060034	0,552904
0,336184	0,010396	0,634816
0,208608	0,199845	0,448478
0,162101	0,287256	0,438274
0,159369	0,280561	0,548849
-0,084151	0,515574	0,604765
0,072499	0,192196	0,357396
0,195902	0,070444	0,691019
0,060957	0,162654	1,050801
0,088024	0,046810	1,064737
-0,126859	0,176303	1,237740
-0,204917	0,201382	1,318670
-0,226177	0,257833	1,367144
-0,208725	0,208183	1,204811
-0,170801	0,129193	1,095050
-0,043745	0,072703	0,991920
0,206337	-0,038554	1,042536
0,336493	-0,044259	1,028438
0,351555	-0,099567	0,619710
0,184515	-0,073905	-0,022335
0,095903	-0,008367	-0,587680
0,087257	-0,013407	-0,942287
0,082245	0,009392	-1,075607
0,008337	0,034332	-1,051062
-0,046003	0,083008	-1,054411
-0,058824	0,064489	-1,066673
-0,044191	-0,012568	-1,095636
-0,024818	-0,079012	-1,122627
-0,131903	-0,096730	-1,123163
-0,248210	-0,062064	-1,233711
-0,281893	-0,022832	-1,323114
-0,214016	-0,016350	-1,333345
-0,136740	-0,072455	-1,220863
-0,135247	-0,122124	-1,112689
-0,184808	-0,146552	-0,993582
-0,169881	-0,191936	-1,021831
-0,061210	-0,207175	-1,062631
0,048725	-0,217461	-0,984175
0,097391	-0,178754	-0,952062
0,173689	-0,120982	-0,864127
0,148522	-0,089119	-0,989141
0,124567	-0,087580	-1,165763
0,090071	-0,034627	-1,280255
0,033751	-0,009501	-1,214780
-0,079298	0,046989	-0,980442
-0,113243	0,125689	-0,704862
-0,048456	0,134072	-0,546653
0,024444	0,064167	-0,527349
0,123949	-0,009006	-0,508061
0,138417	-0,052212	-0,521379
0,080094	-0,049436	-0,532020
-0,013500	0,011209	-0,522345
-0,065390	0,066425	-0,678361
-0,161492	0,116348	-0,920021
-0,212507	0,094043	-1,031940
-0,351011	0,103005	-1,063052
-0,487657	0,250958	-1,038149
-0,528041	0,400913	-0,955971
-0,436800	0,349466	-0,875873
-0,267079	0,201997	-0,733254
-0,153324	0,134790	-0,602888
-0,060416	0,159541	-0,444005
-0,062688	0,261715	-0,324564
-0,126774	0,328122	-0,266353
-0,144510	0,326658	-0,204464
-0,009309	0,213438	-0,238266
0,132372	0,074986	-0,366822
0,031203	0,091593	-0,303992
-0,025795	0,166170	-0,265227
0,046405	0,213381	-0,350085
0,109903	0,238698	-0,536721
0,203803	0,264701	-0,643903
0,182196	0,302740	-0,571629
-0,027583	0,373393	-0,391214
-0,207858	0,415560	-0,221040
-0,190224	0,286477	-0,040846
-0,128241	0,111383	0,064052
-0,047039	-0,019109	0,065609
-0,011777	-0,001884	-0,027957
-0,016123	0,110541	-0,181338
0,046477	0,142071	-0,276271
0,124327	0,184518	-0,219101
0,234496	0,199335	-0,117822
0,314013	0,134565	-0,102876
0,278981	0,040611	-0,073682
0,226054	-0,076678	-0,159507
0,136788	-0,113064	-0,236786
0,128583	-0,138339	-0,299560
0,093296	-0,087686	-0,248266
-0,022092	-0,041413	-0,203398
-0,165159	0,009960	-0,341808
-0,241295	-0,023636	-0,457321
-0,255291	-0,053381	-0,599524
-0,232956	-0,072392	-0,720964
-0,191162	-0,027274	-0,776918
-0,162500	-0,035223	-0,760401
-0,181721	-0,079887	-0,666744
-0,217203	-0,118500	-0,550632
-0,233138	-0,110120	-0,452956
-0,257372	-0,060325	-0,467712
-0,257619	-0,017620	-0,382788
-0,179276	-0,022714	-0,293779
-0,078296	-0,049775	-0,303968
0,013010	-0,048438	-0,358104
0,065962	-0,085674	-0,391830
0,128429	-0,158566	-0,423596
0,122848	-0,246555	-0,490183
0,016882	-0,272903	-0,626778
-0,072688	-0,142663	-0,723614
-0,123275	-0,039436	-0,761802
-0,181933	-0,074640	-0,707122
-0,244191	-0,087495	-0,635607
-0,221208	0,010448	-0,558291
-0,256458	0,129989	-0,533778
-0,160159	0,172949	-0,523751
-0,090774	0,095256	-0,591389
-0,041979	-0,036796	-0,745084
0,056443	-0,125213	-0,672691
0,115064	-0,151879	-0,596563
0,078648	-0,093733	-0,510771
0,052384	-0,010814	-0,444054
-0,016516	0,033476	-0,455792
-0,100359	0,098607	-0,488181
-0,245009	0,178495	-0,644329
-0,049486	-0,111953	-0,563352
-0,071193	-0,058910	-0,352988
-0,169003	0,142484	-0,402105
-0,074863	0,147508	-0,408830
-0,063723	0,200367	-0,630653
0,015098	0,157425	-0,732452
0,375042	-0,184350	-0,165539
0,097959	0,024895	-0,341208
0,047727	0,019916	-0,283501
-0,000124	0,147146	-0,013239
0,024803	0,195280	-0,094856
0,107941	0,093980	-0,122821
0,183081	0,064650	-0,041750
0,276714	0,070873	-0,043935
0,253927	0,030844	0,016573
0,050871	0,017009	0,095620
-0,352906	0,226217	-0,091107
-0,061097	-0,248067	0,283377
-0,206898	-0,065336	0,258305
-0,303433	0,118191	-0,455111
-0,228379	0,077316	-0,312380
-0,243995	0,040784	-0,076564
-0,180828	-0,018130	-0,236508
-0,054636	-0,088246	-0,421921
-0,211311	0,128597	-0,474488
0,170929	-0,342435	0,345373
0,138660	-0,266294	0,621074
0,089859	-0,054051	-0,183097
0,288330	-0,178275	-0,768011
-0,993262	-2,058941	-20,666338
-1,360589	0,842813	-7,045326
1,975140	0,146565	19,559370
0,583176	0,877653	14,862193
-0,434643	0,702122	6,438632
-0,307492	-1,012729	-8,864744
-0,464341	-0,518093	-14,407518
-0,075550	0,682071	9,892515
-0,088211	-0,194626	-0,662977
-0,671997	0,266638	1,029677
-0,443738	0,198943	-0,399220
-0,062900	0,201293	-1,190860
0,201547	0,082506	0,588218
0,256050	0,178053	0,315435
0,330292	0,371325	0,537736
0,329358	0,369850	-0,007470
0,444492	0,162763	0,247808
0,505948	0,122544	0,416594
0,375071	0,302979	0,517150
0,179390	0,442542	0,633984
0,083173	0,469915	0,638388
0,088572	0,411357	0,426433
0,137886	0,263973	0,254001
0,100739	0,156589	0,246304
0,078674	0,192300	0,139572
0,126148	0,210346	0,145178
0,150711	0,152957	-0,022712
0,060241	0,069692	-0,094794
-0,041834	0,065335	-0,200334
-0,078474	0,036937	-0,325941
-0,102050	0,037215	-0,369932
-0,137182	-0,014283	-0,367772
-0,325224	0,003893	0,242086
-0,486192	0,071108	-0,916280
-0,166774	-0,103038	-0,704301
-0,120003	-0,090096	-0,370936
-0,121869	-0,180292	-0,178963
-0,456626	-0,060921	0,150836
-0,309747	-0,093744	-1,141551
0,030889	-0,071162	-0,146139
0,044816	-0,034908	0,071749
-0,136535	-0,032712	0,061232
-0,144653	-0,152586	0,125597
-0,363769	0,034999	0,050685
-0,008496	-0,051493	-0,536930
0,200064	-0,088118	0,646884
0,006816	-0,087730	0,433230
-0,174589	0,092621	0,065981
0,294155	-0,121277	-0,304430
0,461337	-0,154480	0,515904
0,110500	-0,099646	0,510404
-0,269766	0,066816	-0,075307
-0,030034	0,012266	-0,135905
0,178048	-0,027529	0,092387
0,082111	-0,105349	0,449325
-0,264719	-0,005752	-0,347303
0,046806	-0,151122	-0,410008
-0,018109	-0,071105	0,600949
-0,303708	0,075281	-0,772854
0,050087	-0,108330	-0,122202
-0,012603	-0,089533	0,142619
-0,179590	-0,059175	-0,101383
-0,224116	-0,030104	0,152573
-0,029891	-0,002062	-0,604822
0,193470	0,073057	0,337822
0,096365	0,118773	0,100751
0,077092	0,102684	-0,078372
0,188090	0,080231	-0,008107
0,218465	0,090039	0,103646
0,114433	0,102683	0,100153
0,080059	0,097466	0,116512
0,073618	0,090425	0,040536
0,108699	0,027332	0,002741
0,183688	-0,018356	-0,061015
0,096193	-0,055872	-0,044014
-0,155760	-0,007344	-0,010322
-0,298912	0,020931	-0,025494
-0,332978	0,039731	0,189346
-0,383228	-0,024710	-0,039111
0,111924	-0,274516	-0,530239
0,169031	-0,118099	0,311307
-0,265080	0,154520	0,161900
-0,206327	0,001033	-0,609811
0,410512	-0,262541	-0,174690
0,222099	0,011195	0,308454
-0,185273	0,132491	0,014036
-0,145350	0,038964	0,029429
-0,115327	0,061811	0,428646
0,173973	-0,034828	-0,456754
0,414032	-0,031695	0,296352
0,169385	0,108726	0,205478
-0,009109	0,118585	-0,010861
0,052100	-0,003778	0,005666
0,079986	-0,014509	0,102226
0,019934	0,032448	0,056878
-0,030025	0,041278	0,093379
-0,025936	0,041640	0,028743
-0,027451	0,041930	-0,017228
-0,039197	0,067064	0,165295
-0,183628	0,091005	0,065207
0,230417	-0,142674	-0,578950
0,315535	-0,028910	0,334594
-0,023378	0,095622	-0,041663
-0,157570	0,024789	-0,160698
-0,020709	-0,056792	-0,117072
-0,177456	0,081946	0,297077
-0,026083	-0,073310	-0,657773
0,242488	-0,097919	0,170974
-0,014774	0,105539	0,304382
-0,292423	0,153389	0,104638
0,170200	-0,119586	-0,580926
0,341104	-0,042995	0,457512
-0,137005	0,191617	0,393781
-0,045443	-0,034414	-0,460696
0,293089	-0,155851	0,219456
0,172227	-0,014549	0,167911
-0,047057	0,045819	-0,003586
-0,046264	-0,008352	0,023950
-0,054247	0,009590	0,125459
-0,211953	0,100568	0,273707
0,139776	-0,210671	-0,584526
0,307182	-0,142683	0,234357
0,039850	0,058229	0,085020
-0,281279	0,085854	-0,048817
-0,222155	-0,046234	-0,079276
-0,124098	-0,116480	-0,011712
-0,156737	-0,034761	-0,024689
-0,102404	0,002831	-0,001563
-0,171950	0,102826	0,140485
-0,155748	0,058311	0,010875
0,259434	-0,149677	-0,379154
0,319596	-0,008646	0,257871
0,010511	0,136736	-0,030252
-0,099819	0,101723	-0,114216
-0,008029	0,032538	-0,018594
0,012730	0,004009	0,021526
0,019766	0,006076	-0,046952
0,012944	0,006777	0,017981
-0,002096	0,020741	-0,007637
0,002156	-0,003512	0,001556
-0,014559	-0,026748	-0,037061
-0,019313	0,006373	-0,020078
-0,002999	-0,018851	-0,058201
0,007183	-0,047637	-0,054227
0,009567	-0,066845	-0,055820
0,001916	-0,025705	0,000351
-0,000383	-0,001399	0,020386
0,018846	0,001749	0,023023
0,052430	-0,003386	0,025120
0,073536	-0,041979	0,045950
0,016702	-0,011561	0,001323
-0,018242	0,011820	0,002975
-0,076849	-0,017351	-0,013904
-0,109368	-0,006227	-0,022610
-0,080780	-0,009768	-0,025754
-0,077075	-0,024098	-0,009104
-0,065493	0,002755	-0,015902
-0,061013	0,067328	-0,044325
-0,013373	0,049066	0,006678
0,060163	-0,001922	0,019710
0,051011	0,040602	0,006186
0,083900	0,080358	-0,000801
0,117877	0,013529	0,023309
0,072280	0,031893	0,033967
0,000353	0,039882	0,006104
-0,101231	0,057760	0,077662
-0,204520	0,063457	0,189510
0,050898	-0,155143	-0,402896
0,184371	-0,064739	0,304013
0,021081	0,066007	0,066990
-0,066448	0,041319	-0,060373
0,013882	-0,077089	-0,100008
0,055161	-0,086561	-0,026381
-0,007592	-0,024241	-0,035472
-0,025227	0,008378	-0,008260
-0,052738	-0,025853	0,016378
-0,019204	-0,006315	-0,032869
0,019109	-0,004100	-0,041615
-0,011531	-0,028182	-0,006485
-0,035080	0,013844	-0,003272
-0,036682	0,005338	-0,004534
-0,022644	0,007138	0,027024
0,008704	0,003794	-0,012853
0,012700	-0,018987	0,005037
0,058048	-0,016154	0,003066
0,045487	-0,012923	-0,016700
0,009570	-0,007458	-0,005694
0,008609	-0,009799	-0,003603
-0,018003	-0,020290	-0,021071
-0,038353	-0,014316	-0,029308
-0,048871	0,015367	0,053165
-0,028562	0,028565	0,018594
0,025026	0,014235	0,039778
0,075575	-0,002980	0,017455
0,076732	0,003366	-0,006154
0,042233	0,024714	-0,023111
0,042405	-0,002251	0,026518
0,058826	0,010651	-0,009425
0,009707	-0,008716	-0,077462
-0,082249	-0,047194	-0,058137
-0,119437	-0,015734	-0,075233
-0,060112	-0,051845	-0,051568
-0,035639	-0,031905	0,002801
-0,054365	-0,010204	0,012775
-0,032958	-0,014865	-0,014682
-0,051269	0,017796	0,001657
-0,036230	0,014236	0,028145
-0,173588	0,165576	0,260016
0,010531	-0,016929	-0,160688
0,357973	-0,086333	-0,134300
0,272975	0,049684	0,292865
-0,019132	0,116370	-0,027146
-0,120652	0,008819	-0,103126
0,022240	-0,086805	0,026680
0,064716	-0,016771	0,047198
0,052725	0,036387	-0,010130
0,028777	-0,009195	0,019679
-0,008583	-0,026509	-0,005326
-0,003997	-0,049943	-0,010974
-0,011816	-0,030384	-0,026968
-0,047759	0,010178	0,022481
-0,005638	0,041662	0,044792
0,029962	0,035246	-0,011090
0,050788	0,026280	-0,046226
0,098089	0,016227	-0,009197
0,054521	0,013946	-0,026511
0,004359	0,031261	0,005598
-0,002262	0,004904	0,036082
-0,061185	0,002958	0,022164
-0,074802	-0,007203	-0,004290
-0,037820	-0,007679	-0,043654
-0,005354	-0,036795	-0,020568
-0,007152	-0,037089	0,003663
-0,026791	-0,010519	0,018250
-0,020480	-0,019915	-0,006469
0,021921	-0,020717	0,001526
-0,022685	-0,012740	-0,008349
-0,053585	-0,026476	0,000974
-0,065842	0,020958	0,043882
-0,065125	-0,022491	0,026488
-0,031995	-0,027575	-0,010414
-0,014097	-0,001944	-0,025567
