0,508418	-0,119137	0,486485
-2,265534	-7,233689	1,116757
0,809469	1,563878	0,093389
-1,844107	-5,563552	0,859409
1,146610	2,899987	-0,112490
0,877829	1,967147	0,116124
-1,918472	-5,776612	0,901271
1,170214	2,882233	-0,049056
-1,684564	-5,044544	0,769126
1,265323	3,263913	-0,220828
-1,608376	-4,742034	0,605849
-1,455213	-3,847245	0,285528
1,456464	4,275369	-0,554089
-1,486102	-4,063084	0,300942
1,423081	4,109310	-0,507850
-1,412220	-3,995732	0,472538
1,482186	4,163191	-0,370573
-1,372596	-3,891351	0,551720
1,491053	4,264828	-0,200435
1,238800	3,496119	-0,037794
-1,598089	-4,581014	0,611577
1,285189	3,796761	0,029962
-1,520190	-4,370546	0,444971
-1,246791	-3,465798	0,187464
1,550909	4,635317	-0,271029
-1,330593	-3,669064	0,089283
1,483867	4,472704	-0,349575
-1,315290	-3,699577	-0,027171
1,469361	4,464813	-0,282164
1,138984	3,832726	0,007460
-1,550922	-4,381721	-0,119989
-1,225418	-3,482398	-0,302802
1,481775	4,661983	-0,116285
-1,131156	-4,009381	-0,578988
1,461806	4,245265	0,172316
-0,921539	-4,554436	-0,857657
1,629500	3,809221	-0,050619
1,169426	3,060987	0,165346
-1,335315	-4,963973	-1,069075
-1,305701	-3,672452	-1,199944
1,226295	4,474801	0,241396
-0,998753	-3,886539	-1,766539
1,316672	4,162068	0,636449
-0,863186	-3,972284	-1,839248
1,324511	3,986998	1,009297
-0,832897	-3,553946	-1,818791
1,166795	4,110157	1,681879
1,071310	3,433659	1,077415
-0,976065	-4,206387	-2,274979
1,052375	3,005115	1,648004
-0,707920	-4,180603	-2,655121
-0,612294	-3,421078	-2,621974
1,059984	3,847832	1,875945
-0,540979	-3,460471	-2,878729
1,117036	3,816318	1,670541
0,739181	2,611913	1,418624
-0,750409	-4,222536	-3,326778
-0,554369	-3,286113	-2,852913
0,672298	3,460712	2,536464
0,537838	3,067296	1,630869
-0,685523	-3,635766	-3,514099
0,106379	3,056057	1,822702
-0,738206	-3,404929	-3,704335
0,194446	3,256046	1,976899
-0,667753	-3,244938	-3,580978
-0,189518	-2,787442	-3,217126
0,671695	3,619822	2,588796
0,618561	2,214779	1,790855
-0,126259	-3,933049	-3,916870
-0,001431	-3,437506	-3,210092
0,619962	2,954868	2,781480
0,735683	2,162111	2,277413
0,110708	-3,880636	-3,641129
0,011970	-3,127487	-3,135034
0,487414	3,108335	2,955033
-0,087907	-2,755993	-2,907542
0,261320	3,335727	3,218487
-0,068972	-2,626831	-2,862496
0,276468	3,439057	3,254523
0,125063	3,055776	2,607447
-0,196761	-3,094045	-3,462391
0,158560	3,229602	2,735797
-0,150823	-2,967964	-3,347711
-0,082360	-2,673097	-2,655190
0,211783	3,413167	3,412197
-0,154202	-3,142817	-2,592121
0,154309	3,037392	3,462652
0,093309	2,120187	2,862507
-0,241822	-3,913432	-3,185535
-0,270054	-3,069468	-2,402895
0,100426	3,154007	3,553226
0,092433	3,037558	2,709135
-0,315892	-3,287926	-3,190107
-0,245054	-2,507787	-2,728257
0,292872	3,849726	3,015261
0,234297	2,872970	2,343272
-0,301477	-3,557579	-3,323249
-0,317778	-3,144789	-2,627961
0,438350	3,635019	2,718051
-0,449128	-3,258154	-2,393210
0,333270	3,544327	2,905851
-0,655746	-2,963045	-1,859988
0,167976	3,780415	3,332429
-0,650108	-2,950346	-1,687237
0,294480	3,942944	3,249659
0,416193	3,471889	2,502671
-0,685200	-3,697711	-2,308765
0,424036	3,356201	2,440911
-0,678925	-3,790261	-2,358173
-0,535480	-3,315616	-1,855900
0,843961	4,016511	2,446510
-0,689092	-3,501752	-1,667636
0,721071	3,867601	2,597121
-0,971235	-3,582582	-1,470551
0,764641	4,052995	2,184969
-1,152046	-3,554110	-1,253430
0,619992	4,075772	2,358665
-1,214148	-3,168225	-1,068516
0,570311	4,384480	2,506597
0,521690	4,075623	1,807109
-1,319932	-3,805319	-1,487765
-1,002328	-3,251066	-1,052338
0,935421	4,464965	2,091581
0,830301	3,284024	1,615215
-1,185646	-4,525973	-1,345781
-1,147667	-3,919505	-0,831516
1,053876	4,124104	1,561195
0,728206	3,238007	1,601300
-1,389445	-4,669303	-0,945368
0,889178	3,880957	1,105261
-1,358329	-4,235887	-0,954367
-1,063684	-3,128281	-0,288596
1,218724	4,838027	1,607700
-1,041074	-3,431932	-0,261350
1,324183	4,661429	1,216738
-1,128335	-3,984218	-0,306894
1,254375	4,219601	1,180303
-1,253118	-4,475554	-0,374341
1,154548	3,826532	1,126346
-1,264043	-5,042777	-0,409847
1,171371	3,398792	0,911293
-1,306786	-4,744619	-0,418221
1,181076	3,673799	0,558940
-1,419517	-4,001940	-0,094021
1,090891	4,267943	0,818300
0,801941	3,781917	0,713227
-1,621415	-4,459179	-0,067476
-1,174578	-3,666920	-0,031002
1,344379	4,557186	0,445628
1,144440	3,515535	0,272246
-1,368490	-4,678294	-0,252633
1,213266	3,479414	-0,039738
-1,329785	-4,714265	-0,232457
1,198272	3,519574	0,106617
-1,341781	-4,682137	-0,115373
-1,058105	-3,784009	0,014937
1,453914	4,470590	0,212616
1,175370	3,662007	0,167247
-1,364681	-4,569469	0,135128
-1,076426	-3,548341	0,268955
1,443837	4,660403	0,213834
-1,088631	-3,586922	0,241334
1,433387	4,627564	0,012028
-1,142262	-3,618878	0,366834
1,390481	4,601999	0,112428
1,015255	3,724331	-0,016285
-1,494533	-4,514411	0,251259
-1,295202	-3,695785	0,055474
1,282239	4,533237	-0,231257
0,995153	3,435099	-0,238623
-1,522278	-4,741786	0,084738
-1,179524	-3,755131	0,067790
1,381193	4,483353	-0,232567
1,158572	3,678598	-0,147756
-1,397955	-4,544579	0,168595
-0,980490	-3,919070	0,096578
1,536474	4,351968	-0,245356
-1,160624	-4,043948	0,103354
1,392367	4,252066	-0,239934
0,944046	3,592314	-0,173700
-1,564294	-4,612543	0,211368
1,014478	3,957213	-0,104637
-1,507949	-4,320624	0,266619
1,145661	4,047647	-0,176751
-1,397193	-4,250710	0,195027
-1,018179	-3,515463	0,194320
1,499178	4,676458	-0,180972
-1,014803	-3,916174	0,199310
1,491650	4,359657	-0,162985
-1,064215	-4,089127	0,184386
1,452121	4,221295	-0,174925
1,088230	3,463526	-0,089105
-1,428379	-4,724010	0,230953
-1,219299	-3,763888	0,092847
1,323523	4,483720	-0,227960
1,047342	3,467169	-0,270575
-1,457272	-4,723843	0,043770
-1,081562	-3,947587	-0,049240
1,418470	4,343481	-0,285219
1,226691	3,382869	-0,189877
-1,302366	-4,795256	0,093925
-1,018914	-3,698331	0,136418
1,464048	4,543955	-0,146012
1,125280	3,803677	-0,132129
-1,378955	-4,459678	0,149443
1,070619	4,049616	-0,115758
-1,424522	-4,262772	0,150366
-1,193235	-3,471495	0,097313
1,326429	4,725269	-0,165121
1,115928	3,619316	-0,137713
-1,389442	-4,606965	0,123098
1,208929	3,801527	-0,173089
-1,315041	-4,461196	0,094798
1,233856	4,010901	-0,115088
-1,291144	-4,294540	0,152474
-0,971639	-3,313078	0,152618
1,500918	4,852799	-0,122450
-1,169410	-3,498467	0,131265
1,342610	4,704489	-0,140347
-1,288306	-3,747332	0,156060
1,247494	4,505397	-0,120510
0,991380	3,560080	-0,104906
-1,478420	-4,656919	0,169932
-1,152097	-3,740854	0,112966
1,333474	4,515486	-0,210862
1,166355	3,489834	-0,122732
-1,322068	-4,716302	0,203050
-1,004037	-3,750062	0,262015
1,437269	4,511081	-0,125296
1,180454	3,647163	-0,008321
-1,296135	-4,593400	0,328251
-1,098185	-3,751317	0,308559
1,352042	4,513089	-0,086573
1,043335	3,564513	-0,184153
-1,395922	-4,662531	0,186098
-1,093759	-3,699387	0,079941
1,345540	4,557969	-0,261232
1,107071	3,592757	-0,316221
-1,334890	-4,643272	0,072209
1,171946	3,629632	-0,322368
-1,271663	-4,616716	0,076283
-0,994352	-3,586138	0,198900
1,413739	4,651511	-0,175057
1,082699	3,844223	-0,091467
-1,340727	-4,445503	0,266042
-1,126199	-3,594702	0,174535
1,305927	4,645120	-0,199587
1,040944	3,837761	-0,161811
-1,377993	-4,449782	0,204248
-1,041117	-3,559826	0,148079
1,373816	4,672934	-0,223862
1,160330	3,684729	-0,225048
-1,278446	-4,573011	0,162288
-1,038076	-3,719686	0,122171
1,370309	4,545895	-0,263590
1,057949	3,659695	-0,072998
-1,354411	-4,593887	0,302928
-1,129486	-3,613833	0,326598
1,295920	4,630863	-0,101762
-1,162773	-3,863197	0,296950
1,269291	4,431372	-0,125481
1,037721	3,553024	-0,114388
-1,368642	-4,679777	0,270215
1,103905	3,870290	-0,252788
-1,315695	-4,425963	0,159494
1,120177	4,020571	-0,327257
-1,299570	-4,306587	0,101131
-1,001358	-3,521866	0,088564
1,394626	4,705551	-0,292085
1,152769	3,726629	-0,230990
-1,272267	-4,542227	0,175467
1,191988	3,836131	-0,189247
-1,240892	-4,454625	0,208861
-1,038672	-3,594339	0,167089
1,362737	4,648373	-0,224952
-1,210720	-3,766848	0,109725
1,221996	4,510726	-0,282097
-1,251273	-3,846686	0,113561
1,189553	4,446855	-0,279028
-1,177652	-3,982039	0,116016
1,248450	4,338573	-0,277064
-1,130534	-3,984409	0,255460
1,284680	4,336887	-0,169829
1,071116	3,332384	-0,090015
-1,329629	-4,859256	0,302295
1,138138	3,515203	-0,071194
-1,276011	-4,713000	0,317352
1,082623	3,815643	-0,090980
-1,321590	-4,472251	0,302716
-1,072591	-3,424608	0,157917
1,329615	4,785079	-0,249167
-1,123996	-3,627765	0,061272
1,285199	4,622717	-0,342003
-1,117939	-3,903352	0,056141
1,290045	4,402247	-0,346108
1,083437	3,446820	-0,246475
-1,307770	-4,769091	0,217047
-1,046216	-3,731017	0,334490
1,337547	4,541734	-0,146635
1,081375	3,580576	-0,008631
-1,305438	-4,662893	0,413540
-1,097968	-3,737974	0,369130
1,288641	4,537743	-0,129530
1,053892	3,622534	-0,134263
-1,323902	-4,630095	0,317424
-1,051462	-3,704076	0,116066
1,317686	4,565583	-0,359816
1,038829	3,598849	-0,387428
-1,327792	-4,649765	0,142726
-1,039255	-3,597257	0,152479
1,313534	4,652081	-0,377129
-1,048153	-3,754604	0,419539
1,306416	4,526203	-0,163481
1,075568	3,668055	-0,093497
-1,276621	-4,596577	0,440644
1,069821	3,846100	-0,071011
-1,281218	-4,454141	0,458633
1,008552	3,877808	-0,303871
-1,326260	-4,430790	0,259169
-1,129945	-3,651867	0,054142
1,229146	4,611543	-0,458952
-1,065529	-3,866781	0,081486
1,275022	4,440920	-0,441443
-1,046150	-3,981609	0,184116
1,290525	4,349058	-0,359339
1,042638	3,449471	-0,211723
-1,288233	-4,775632	0,345762
-1,068885	-3,759229	0,360865
1,267236	4,527825	-0,226448
1,040907	3,636737	-0,122758
-1,293758	-4,624975	0,412151
1,069662	3,902665	-0,285025
-1,271917	-4,411577	0,287150
1,094793	4,019767	-0,362046
-1,251812	-4,317895	0,225533
-0,986130	-3,446657	0,218725
1,338742	4,776383	-0,340190
1,101407	3,782720	-0,236072
-1,246296	-4,507444	0,328530
1,150681	3,836532	-0,254180
-1,204194	-4,465178	0,313660
-0,971015	-3,587461	0,296886
1,347927	4,664434	-0,279495
1,037676	3,854211	-0,185713
-1,292231	-4,451144	0,376509
1,080928	4,080833	-0,239191
-1,257630	-4,269846	0,333726
1,102415	4,157903	-0,360981
-1,234246	-4,209160	0,247261
-0,995057	-3,512862	0,121212
1,320133	4,725193	-0,439076
-0,983475	-3,847243	0,246063
1,320161	4,457365	-0,378684
-0,997195	-3,915650	0,433439
1,309186	4,402639	-0,228782
1,023302	3,530591	-0,130185
-1,287233	-4,711506	0,464503
-1,121702	-3,876440	0,302665
1,208513	4,434826	-0,326519
0,929295	3,555876	-0,368458
-1,363221	-4,691634	0,266233
-1,059938	-3,661391	0,182348
1,258141	4,607510	-0,413364
1,006512	3,724306	-0,376649
-1,300881	-4,557178	0,257923
1,089469	3,890448	-0,316287
-1,235620	-4,423832	0,307894
1,141678	3,889890	-0,276311
-1,193853	-4,424278	0,339876
1,159932	3,988827	-0,230910
-1,179409	-4,344847	0,379360
-0,981825	-3,391622	0,364765
1,321894	4,822612	-0,272276
-1,057499	-3,570585	0,338607
1,261281	4,679115	-0,297829
-1,090596	-3,746333	0,315132
1,234803	4,538517	-0,316609
1,027028	3,707355	-0,227716
-1,286545	-4,569644	0,383950
-1,006257	-3,732312	0,291841
1,303162	4,549679	-0,332650
1,103799	3,278409	-0,324111
-1,232780	-4,911471	0,295888
