-0,193781	-3,704365	1,215709
-0,178004	-2,909875	1,102781
-0,180702	-1,822363	0,790309
-0,175200	-1,879170	0,846718
-0,147819	-1,388442	0,692693
-0,087617	-1,248627	0,538835
-0,016476	-1,075499	0,408089
-0,066798	-0,883378	0,349450
-0,179823	-0,683723	0,394455
-0,109390	-0,386126	0,499396
-0,010915	-0,002515	0,514411
0,021906	0,028627	0,334932
0,002206	-0,099653	0,137732
-0,128449	0,050491	0,163803
-0,232974	0,124649	0,368491
-0,247656	0,337169	0,524583
-0,052592	0,537823	0,511582
0,042183	0,491535	0,294371
-0,226682	0,255355	0,044005
-0,549008	-0,132741	-0,194586
-0,209417	0,047000	-0,301202
-0,215193	7,554313	-2,487248
0,463596	6,426434	-2,005118
0,418536	-2,375566	0,642192
0,756110	-1,885133	0,368220
0,409802	6,085620	-1,666620
0,412098	4,546791	-1,662661
0,524764	-3,956294	0,631068
0,419811	-3,356526	0,006977
-0,029381	4,982466	-1,613752
0,380023	-3,505542	-0,299759
-0,061211	4,863253	-1,859141
-0,107380	4,094109	-1,621808
0,467951	-4,465692	-0,148730
0,057955	4,245021	-1,704300
0,600219	-4,344962	-0,214724
0,206410	3,701984	-1,011945
0,913791	-4,829138	-0,268117
0,853587	-3,970546	-0,505560
-0,065794	4,614288	-0,945887
0,542836	-4,106955	-0,567614
-0,501598	4,501824	-0,281459
0,488630	-4,201247	-0,780782
-0,544963	4,426390	-0,451994
-0,378275	3,235337	0,027871
0,828320	-5,115473	-0,938103
1,114575	-4,697491	-0,911335
-0,239280	3,945750	0,231332
-0,152694	3,237195	0,573410
1,176866	-4,964792	-1,211721
0,780640	-3,458637	-1,566830
-0,798881	4,566769	1,142397
-0,570168	2,971706	0,002419
0,967258	-4,956314	-2,393925
0,773807	-4,700377	-2,619828
-0,974230	3,363170	0,779322
-1,009174	3,019901	0,317072
0,785937	-4,707551	-2,621527
0,621090	-3,076672	-1,982327
-1,240074	4,603263	1,350720
-0,739291	4,356659	1,310366
1,145513	-3,579274	-1,888289
-0,832403	4,709696	1,788884
1,205446	-3,238544	-1,562022
-0,631264	4,078441	1,751172
1,366357	-3,743548	-1,592192
1,162022	-3,546333	-1,358010
-1,051545	4,080154	2,040268
-1,032727	3,210505	1,601576
1,154981	-4,348816	-1,845415
0,855048	-3,433095	-1,392076
-1,350924	4,135170	2,056665
-1,050101	3,185582	1,790865
1,194882	-4,333180	-1,737634
-0,937023	3,213079	1,867499
1,304163	-4,300652	-1,687010
-0,887896	3,599107	1,930977
1,343464	-3,991830	-1,636228
-1,070709	3,945907	1,950570
1,181678	-3,714558	-1,630160
0,723213	-2,902710	-1,434342
-1,459675	4,549116	2,043143
0,709652	-3,032841	-1,609720
-1,438963	4,456753	1,897541
0,893813	-3,072514	-1,705582
-1,291634	4,425014	1,820851
-0,879320	3,513063	1,075577
1,256476	-4,099244	-2,296095
1,150714	-3,539824	-1,982410
-1,039361	4,077835	1,570629
1,128444	-4,022749	-1,624307
-0,985809	3,750054	1,770712
0,893106	-4,021827	-1,500395
-1,174079	3,750792	1,869841
-0,858634	2,931503	1,503910
1,098048	-4,699455	-1,752512
1,031632	-4,196164	-1,379031
-0,819060	3,796282	1,667453
-0,563332	2,715321	1,088853
1,193700	-4,980956	-1,899595
0,855384	-3,594123	-1,443079
-0,778598	4,418433	1,337617
0,602578	-3,376002	-0,801555
-0,980843	4,592929	1,850837
-0,905085	3,881425	1,549282
0,522223	-4,319077	-0,968924
-1,035323	3,823422	1,685979
0,418033	-4,365479	-0,859566
-0,697781	3,932115	1,179478
0,451003	-4,401361	-0,946527
0,299525	-3,429173	-0,887436
-0,769608	4,803715	1,180161
0,225030	-3,520249	-0,808107
-0,592019	4,841259	0,875472
0,099277	-3,554661	-0,507535
-0,692621	4,813729	1,115930
-0,450492	3,853186	1,035574
0,177830	-4,661369	-0,307813
0,035029	-3,951225	0,228648
-0,510201	4,582937	1,319190
-0,248628	3,752428	0,893431
0,118512	-4,805074	0,008482
-0,073703	-3,537673	0,320831
-0,167235	5,009620	0,531379
-0,355917	4,068974	0,616594
-0,176462	-4,584580	0,218561
-0,302022	-3,843836	0,481235
-0,147652	4,768781	0,265557
-0,141101	3,769067	0,426916
-0,206846	-4,828597	0,460964
-0,040724	4,160830	0,034994
-0,302866	-4,495893	0,530284
-0,410805	-3,726928	0,692315
-0,058357	4,843014	0,051563
-0,057509	3,961704	-0,166098
-0,473983	-4,612272	0,768250
-0,058446	4,191393	-0,110357
-0,474732	-4,428521	0,812844
0,064985	4,384102	-0,391236
-0,507677	-4,212827	0,965971
-0,475079	-3,155792	0,948949
0,179602	5,195475	-0,519801
-0,530878	-3,471812	1,138867
0,241219	4,872424	-0,696716
-0,610820	-3,790233	1,234268
0,177265	4,617688	-0,620395
0,188348	3,552697	-0,547568
-0,600077	-4,742860	1,420158
-0,449423	-3,824926	1,228042
0,448582	4,465455	-1,082613
0,320567	3,771515	-0,605663
-0,551666	-4,508184	1,580517
-0,594526	-3,407397	1,448245
0,367939	4,746963	-1,076028
0,324990	3,299693	-0,615713
-0,583568	-4,833126	1,742053
0,506886	3,051940	-1,068044
-0,460997	-4,967106	1,576613
-0,391776	-4,149857	1,230651
0,553084	4,088773	-1,446526
-0,485315	-3,900191	1,266167
0,478253	4,288506	-1,418114
0,349218	3,676177	-1,161546
-0,592045	-4,429682	1,613122
-0,427678	-3,290978	1,436031
0,531043	4,737750	-1,393193
0,440153	3,897435	-0,976681
-0,521062	-4,252584	1,760673
-0,416850	-3,524622	1,400879
0,512659	4,588532	-1,318811
-0,436012	-3,882937	1,215953
0,497329	4,301880	-1,466752
-0,501893	-3,997365	1,128239
0,444624	4,210338	-1,536923
0,476539	3,179296	-1,145122
-0,417235	-4,882629	1,484958
-0,050381	-3,967381	1,325840
0,687953	4,260914	-1,335614
0,642278	3,561924	-1,007214
-0,214435	-4,585279	1,590515
-0,317081	-3,538009	1,188156
0,400618	4,629261	-1,389201
0,182621	3,611493	-1,325831
-0,508187	-4,570474	1,279061
-0,483146	-3,709996	0,778140
0,195432	4,548276	-1,549133
-0,402624	-4,145740	0,526377
0,259850	4,199681	-1,750543
0,372099	2,792485	-1,393790
-0,188061	-5,335457	0,889116
0,611038	3,285760	-1,177960
0,003091	-4,940837	1,061779
0,408837	4,123237	-0,860083
-0,071635	-4,310079	1,182293
-0,202841	-3,241253	1,007111
0,236431	5,015666	-1,064670
-0,270837	-3,787626	0,919048
0,096856	4,623451	-0,960012
-0,082847	-4,559904	0,620855
0,247247	4,005629	-1,198566
0,322255	2,755988	-1,097289
0,041951	-5,482804	0,672448
0,117817	-4,370924	0,461362
0,310107	4,190855	-1,181190
0,075597	3,580237	-0,794714
-0,090122	-4,836487	0,856186
-0,240610	-3,631741	0,845801
-0,090353	4,813743	-0,721057
-0,217815	3,950570	-0,630463
-0,276388	-4,558681	0,893327
-0,221110	-3,677583	0,431255
-0,114072	4,796156	-0,945347
0,092574	3,576497	-0,947769
0,011243	-4,877026	0,532136
0,326770	3,587673	-0,728019
0,250027	-4,871923	0,686207
0,383853	-3,706048	0,801734
0,318472	4,777223	-0,627235
0,168138	4,108575	-0,358779
0,163803	-4,450932	1,007102
-0,005486	4,192365	-0,427166
0,024904	-4,383899	0,952392
-0,102631	-3,468821	0,647019
-0,130822	4,966386	-0,753887
-0,142956	3,996088	-0,878857
-0,065647	-4,544572	0,568417
-0,144600	3,971976	-1,013713
-0,061896	-4,567926	0,435346
-0,065003	3,907334	-0,959317
0,001782	-4,619640	0,478863
0,000216	4,202424	-0,690500
0,055000	-4,383004	0,697362
0,089958	-3,314912	0,787679
0,020815	5,089553	-0,641029
-0,013986	4,056323	-0,428567
0,039962	-4,496425	0,928319
-0,075266	-3,528203	0,704357
-0,108611	4,913515	-0,740294
-0,061469	-3,728668	0,634948
-0,097574	4,753142	-0,795821
-0,043773	3,851164	-0,703943
0,017392	-4,650178	0,769613
0,136468	-3,750781	0,661648
0,056764	4,730484	-0,803448
0,243355	-3,962041	0,743626
0,142273	4,561476	-0,737866
0,086913	3,602138	-0,543345
0,110548	-4,848314	0,904760
-0,018117	3,793679	-0,562641
0,015466	-4,691004	0,912933
-0,124822	4,049740	-0,579082
-0,069898	-4,486155	0,899780
-0,155494	-3,466369	0,727484
-0,154354	4,952852	-0,781059
-0,159223	4,058400	-0,636692
-0,099978	-4,475770	0,873197
-0,057003	-3,649553	0,614301
-0,073003	4,802848	-0,891109
0,037935	-4,033406	0,692642
0,003159	4,494712	-0,834320
0,075674	-4,186944	0,736297
0,033350	4,371881	-0,799396
0,069188	-4,223931	0,825513
0,028892	4,332291	-0,782541
-0,004045	-4,130709	0,901175
-0,029695	4,406869	-0,722011
-0,050915	-4,017429	0,880661
-0,067190	4,497493	-0,738422
-0,098080	3,665182	-0,716614
-0,045976	-4,769881	0,918940
-0,002669	3,747371	-0,884275
0,048009	-4,695593	0,827751
0,069046	-3,787114	0,777095
0,005093	4,663799	-0,913494
0,077197	-3,870535	0,949908
0,011614	4,597062	-0,775244
0,075608	3,451195	-0,565003
0,113250	-4,935869	1,066274
0,105919	-4,040610	0,929616
0,031582	4,468536	-0,753120
-0,028352	3,705043	-0,663773
0,030472	-4,736990	0,965794
-0,013921	-3,728315	0,604123
-0,068243	4,719566	-1,007211
-0,108212	3,783313	-0,920663
-0,029463	-4,675569	0,753979
