1,469715	1,807330	1,621307
1,413221	1,736931	1,557473
1,153556	1,420183	1,682579
0,892206	1,097848	1,591172
0,483976	1,100408	1,533365
-0,080058	1,033520	1,502440
-0,347454	1,079584	1,347485
-0,385198	1,016860	1,568206
-0,415393	0,966681	1,507333
-0,585083	0,612492	1,236505
-0,598280	0,313822	0,958565
-0,708414	0,166801	0,697916
-0,842478	0,164080	0,420459
-0,651004	-0,244059	0,106578
-0,283354	-0,486314	0,169518
0,194597	-0,756714	0,127955
0,913983	-0,896438	-0,173383
1,206085	-0,931621	-0,437433
0,888272	-0,837212	-0,679311
1,024663	-0,401682	-1,026007
1,286969	-0,666030	-0,935700
6,660473	3,799428	-4,076266
0,026845	-1,744629	0,258184
5,652374	2,936549	-3,121158
-1,162616	-2,189823	0,853758
4,483446	3,018130	-2,397556
-1,842101	-3,312941	1,116560
3,511046	2,812264	-1,726174
3,138202	1,453208	-1,740943
-2,474166	-4,300050	1,226668
2,894493	2,169177	-2,313755
-2,068014	-4,425370	0,241520
-1,508878	-4,788819	-0,756580
3,176506	2,329657	-2,697789
1,231466	1,921009	-2,615354
-2,578914	-5,255662	-0,446474
1,546914	1,301118	-1,505111
-2,326556	-5,751575	0,441720
0,795613	1,958583	-0,804146
-1,920792	-5,735963	0,652079
-1,015778	-6,526661	1,279968
1,744660	2,081500	-0,271420
-0,993042	-6,817215	2,456995
0,682641	2,184870	0,956410
-0,992239	-6,986074	2,034742
0,683284	2,049782	0,618608
-0,599068	0,314832	-1,330408
-0,925529	-7,540095	-0,267313
-1,498728	-6,591230	-0,811303
-1,630336	2,526659	-1,376064
-2,866837	2,021328	-0,219992
-1,862116	-6,182581	0,551028
-2,477788	-4,946065	0,655293
-3,006561	3,789236	-0,181402
-2,573761	3,031389	-0,290655
-1,034678	-5,320976	0,473112
-2,526618	3,457263	-0,475587
-0,759019	-4,948234	0,289776
-2,704392	3,755458	-1,242688
-0,901239	-4,709678	-0,323905
-2,600987	3,999043	-1,166901
-0,890162	-4,536913	-0,401067
-0,895961	-2,894205	-0,336173
-1,907396	5,420782	-0,801392
-0,235714	-2,235253	-0,445684
-1,034770	6,003848	-0,698504
-0,096512	-1,365127	-0,913874
-0,923408	6,699949	-1,073057
-0,265645	6,926826	-1,366648
0,152941	-2,293186	-0,909548
0,145332	-0,984327	-1,202537
-0,249191	7,047186	-1,145800
0,618024	-1,967109	-1,100533
0,726431	6,267418	-0,991298
0,923606	-2,183761	-0,521314
0,970897	6,094097	-0,527923
2,123275	5,285707	-0,636663
0,870696	-3,571050	-0,337327
1,447202	-2,780243	-0,760079
2,632144	5,474426	-0,934368
2,810403	4,448478	-1,298989
0,773940	-4,139838	-0,712886
0,810644	-3,357828	-0,907333
2,635060	4,880722	-1,311922
2,544648	3,881598	-0,429106
0,049173	-4,461705	0,242770
0,767005	-3,201701	1,458058
3,010114	4,831185	0,091245
2,760435	4,661551	1,482371
-0,188162	-3,663305	2,261098
0,163516	-2,961283	2,153563
2,803075	4,796271	-0,028319
0,075735	-3,787859	0,855315
2,732850	4,135010	-1,066919
0,302962	-3,750054	0,231246
2,914631	4,165253	-1,566174
0,410089	-3,526708	1,057386
3,006230	4,158107	-1,533896
0,278319	-3,132132	2,692278
2,900815	4,473768	-0,225983
2,781765	4,156971	1,232010
-0,354706	-3,534825	3,783273
2,570052	4,083681	1,599694
-0,261600	-3,468425	4,567974
2,453046	4,221058	1,354255
-0,355205	-3,358523	4,371623
0,137116	-2,587243	3,757726
2,427336	4,665575	-0,282037
2,403975	3,264912	0,015723
-0,197839	-4,061853	3,549661
0,102157	-3,823956	3,881441
2,202744	3,614618	-0,431930
-0,282228	-3,805068	3,819631
1,738529	3,650220	-0,532782
-0,182846	-4,149421	3,775033
1,818034	3,374738	-0,568460
1,743505	2,184712	0,002607
-0,529220	-5,021220	3,470222
-0,369759	-4,024635	3,074903
1,670447	3,642534	-0,794693
0,922736	2,370192	-1,348102
-1,228065	-4,966088	2,176134
0,618660	2,217916	-2,209845
-1,604061	-5,167099	1,225420
-1,949638	-4,080062	0,597354
0,539279	3,677383	-2,515413
-0,236733	3,322863	-1,805377
-2,478099	-4,342393	1,257785
-2,587592	-3,313062	0,538990
0,218639	4,350235	-2,270895
0,105217	3,552705	-2,042604
-2,556125	-4,254016	0,420691
-2,688311	-3,770876	-0,559626
0,489650	4,079479	-2,502475
-0,253443	2,778891	-2,789198
-3,025132	-4,909231	-0,584271
-3,002239	-3,743553	-1,984027
0,688052	4,155650	-2,521237
0,527463	3,722822	-3,326789
-2,667873	-4,172235	-1,727416
0,922102	3,868781	-2,625096
-2,617445	-3,996650	-2,082458
-2,633962	-3,227958	-2,768956
1,247958	4,509308	-2,232783
-3,195492	-2,649326	-2,565211
0,798734	4,972213	-2,069788
-3,604660	-2,416875	-2,557369
0,681034	5,003739	-1,199580
-3,272703	-2,436371	-2,717477
0,946599	4,988142	-1,327667
0,664812	3,739527	-1,463992
-3,124276	-3,801866	-2,596086
-3,058575	-3,263622	-2,827514
1,209266	4,182590	-0,837119
-3,416380	-2,895921	-2,370334
1,029165	4,278040	0,079405
-3,789158	-3,386815	-2,233854
0,730943	3,885325	0,188588
0,081338	3,244468	0,594299
-3,829534	-3,821365	-1,805788
-3,477248	-2,214530	-1,467609
1,280337	4,479892	1,268587
0,710224	4,748180	1,198701
-3,493957	-2,452972	-1,483713
1,021265	5,421127	1,812509
-3,635169	-1,621909	-1,043936
-3,597504	-0,056664	-0,038546
1,574178	5,913480	2,463106
-3,598799	-0,232273	0,433998
1,573141	5,772993	2,841141
1,217391	4,961042	3,011873
-3,620978	-1,869216	-0,111057
-2,812527	-1,391968	0,117965
2,344869	4,724476	2,614928
-2,527503	-2,158045	-0,574147
2,728624	3,970586	2,095000
-2,368576	-2,524383	-0,694486
2,855765	3,677516	1,998728
2,670928	2,701156	2,057227
-2,678494	-3,475242	-0,922520
-1,706195	-3,255092	-0,194181
3,462373	2,998636	2,462972
3,260116	1,816775	2,414637
-2,219236	-4,149290	-0,686607
3,471590	1,208567	2,289456
-2,002469	-4,641155	-0,861644
3,568408	0,937629	1,643890
-1,925014	-4,857906	-1,378097
3,334289	1,447060	1,224549
-2,038357	-4,489782	-1,761008
-1,454514	-3,193524	-1,224975
3,542178	3,092611	1,760667
2,939184	2,495811	1,491456
-2,230094	-3,749100	-1,553808
-0,941514	-4,921852	-1,120492
3,685263	1,896659	1,898566
-1,091961	-4,875968	-1,735686
3,564905	1,933367	1,406411
3,019037	1,478481	0,820196
-1,899291	-4,721018	-2,186214
-1,289643	-3,776814	-1,503862
3,095466	3,002439	1,665392
2,828717	1,927053	2,649773
-1,864207	-4,482248	-0,748663
-1,246257	-4,313465	0,481080
2,965857	2,673529	3,272380
2,502899	2,023929	2,947269
-1,960543	-4,505159	-0,529701
2,451974	2,562850	1,988520
-1,844359	-4,154995	-1,334661
-1,283996	-3,714639	-1,894971
2,778742	3,233565	1,409501
2,137140	2,655199	1,455304
-1,933777	-4,157123	-1,805531
-1,447446	-3,402295	-0,739737
2,485532	3,559445	2,377984
-1,287400	-3,563940	-0,201846
2,451665	3,490744	2,872987
-1,236846	-3,893985	-0,812670
2,492108	3,226708	2,384327
-1,641091	-3,668613	-1,961903
2,023566	3,460896	1,514492
-1,955035	-3,366642	-2,477533
1,772411	3,702474	1,101988
-2,025745	-2,882314	-2,485831
1,615732	4,114991	1,149489
-1,936083	-2,937358	-2,073029
1,687462	4,070956	1,479731
1,425274	3,250932	1,863842
-2,033540	-3,814264	-1,722026
-1,619172	-2,982474	-1,308684
1,824365	4,015162	2,245755
1,283320	3,327025	1,436601
-2,093047	-3,739522	-2,143422
1,279645	3,373737	1,326310
-2,045261	-3,674026	-2,332343
-1,705146	-2,877943	-1,911833
1,704861	4,070662	1,863925
-1,896580	-3,016911	-1,863953
1,513454	3,926955	1,996249
-1,942509	-2,938492	-1,821475
1,476711	3,989690	2,030231
1,036222	3,262163	1,697441
-2,163829	-3,686270	-2,241013
-1,891916	-2,857100	-1,846428
1,479274	4,010320	2,121823
-1,893644	-3,133702	-1,870869
1,438953	3,757465	2,188504
-1,879302	-3,327392	-2,033971
1,450426	3,602514	2,058022
1,113553	3,023521	1,758343
-2,023897	-3,833927	-2,329172
-1,634437	-2,898630	-1,794401
1,607190	3,933840	2,300326
1,135008	3,132651	1,817888
-1,970884	-3,739861	-2,320441
-1,660963	-2,984230	-1,917630
1,516438	3,860801	2,262476
1,205491	3,050343	1,756364
-1,880816	-3,807910	-2,391490
1,282787	3,274006	1,750763
-1,784189	-3,632193	-2,416537
1,329450	3,353303	1,784343
-1,746859	-3,568755	-2,389674
1,318910	3,544872	1,788736
-1,730206	-3,418445	-2,399700
-1,414803	-2,811353	-1,942739
1,653491	4,005260	2,276498
-1,378285	-2,958219	-1,902256
1,662004	3,894261	2,313274
-1,412049	-3,245003	-1,915523
1,634992	3,664834	2,302660
1,310928	2,845005	1,850436
-1,703504	-3,989885	-2,355378
-1,339824	-3,184249	-1,838344
1,672634	3,725178	2,359671
1,322788	3,072058	1,887737
-1,686263	-3,814930	-2,320157
1,388584	3,355491	2,001597
-1,634387	-3,585169	-2,233466
1,407106	3,294192	2,078609
-1,619569	-3,634208	-2,171856
-1,265017	-2,983963	-1,676207
1,733241	3,882392	2,493777
1,399521	3,108123	1,954193
-1,630906	-3,777614	-2,276518
-1,312385	-3,045070	-1,920790
1,700616	3,828056	2,303240
-1,397691	-3,178689	-1,997280
1,640821	3,726412	2,227379
-1,430997	-3,112061	-2,005002
1,614176	3,779714	2,221202
1,324431	3,040491	1,897567
-1,709540	-3,838370	-2,297540
-1,329334	-3,047717	-1,922289
1,713208	3,822538	2,288737
1,362907	2,966115	1,800351
-1,686350	-3,887820	-2,386287
-1,341420	-3,179193	-1,886051
1,712917	3,709523	2,323725
1,332036	2,990598	1,843661
-1,720425	-3,860400	-2,357637
1,399732	3,177493	1,925536
-1,679265	-3,708499	-2,286536
1,417340	3,291353	1,921140
-1,665179	-3,617410	-2,290053
1,436754	3,358466	1,995520
-1,665452	-3,565621	-2,215827
-1,332361	-2,798880	-1,696065
1,748966	4,013291	2,455391
-1,423342	-2,926867	-1,763674
1,692138	3,909416	2,391907
-1,477101	-3,131036	-1,866341
1,649130	3,746080	2,309773
1,301157	2,965259	1,837358
-1,802377	-3,870076	-2,337819
-1,449561	-3,172657	-1,862595
1,683653	3,704157	2,317629
1,327227	2,857250	1,833583
-1,792464	-3,949983	-2,343298
-1,433971	-3,091050	-1,767403
1,715079	3,756129	2,401377
1,364404	3,119798	1,936421
-1,770733	-3,733130	-2,266163
-1,462544	-3,040122	-1,889527
1,700652	3,790910	2,307071
-1,533145	-3,266876	-2,003674
1,644172	3,609507	2,215753
-1,540031	-3,396679	-1,969493
1,638663	3,505664	2,243098
1,329692	2,862994	1,811788
-1,810376	-3,929798	-2,371253
-1,440641	-3,097880	-1,897002
1,721617	3,741889	2,303082
1,366000	2,949546	1,726095
-1,785356	-3,854889	-2,445992
-1,451263	-3,045613	-1,910835
1,717145	3,778036	2,298199
1,401012	2,989475	1,823753
-1,761663	-3,820631	-2,368378
-1,409331	-3,094803	-1,955980
1,758490	3,733938	2,263915
1,391473	2,895234	1,749855
-1,772777	-3,893593	-2,428815
-1,410562	-3,130194	-1,904754
1,765024	3,705506	2,299413
1,419679	3,071640	1,923786
-1,757730	-3,752349	-2,284186
