-0,137473	-4,008636	0,163760
-0,408705	-3,245206	0,981229
-0,081855	-2,082969	0,493917
0,110688	-2,355743	0,785775
0,027273	-1,984171	0,077126
0,167352	-1,549038	0,475322
0,003667	-1,277529	0,196426
0,025913	-1,090960	0,049905
-0,009908	-0,811490	0,101202
-0,023246	-0,495999	0,126919
-0,056895	-0,450418	0,139834
-0,014877	-0,329695	0,065909
0,064695	-0,355672	0,006769
0,082394	-0,299856	0,036054
-0,018341	-0,224566	0,044163
-0,029992	-0,187313	0,096607
-0,085271	-0,034956	0,123244
-0,121834	0,040973	0,098595
-0,082148	0,032779	0,017599
-0,012101	-0,058033	-0,100816
-0,009681	-0,092384	-0,134270
-0,079610	7,755628	-0,599638
-0,025390	6,296418	-0,433753
0,051554	-2,792400	0,145220
-0,062825	5,619346	-0,334169
0,015510	-3,334810	0,213648
-0,010571	-2,798063	0,232196
-0,074227	5,591836	-0,295227
-0,016590	-3,356818	0,306079
-0,079042	5,144833	-0,236120
0,025515	-3,637824	0,307407
-0,044751	4,920535	-0,226805
0,098299	-3,925005	0,298946
0,013476	4,690790	-0,233574
0,106583	-4,108800	0,201616
0,017530	4,543442	-0,316233
0,066441	-4,249346	0,186241
-0,014583	4,431005	-0,328533
-0,057507	3,651761	-0,282675
0,021613	-4,908795	0,255915
-0,043987	-3,965334	0,212392
-0,102808	4,657937	-0,312142
-0,077337	3,696147	-0,174331
0,000839	-4,873723	0,336145
0,000672	-3,883658	0,322533
-0,060066	4,724082	-0,211751
0,012551	-3,952168	0,300377
-0,050563	4,669274	-0,229476
0,034670	3,666406	-0,284235
0,089816	-4,897807	0,243468
0,071050	3,843750	-0,322040
0,118920	-4,755932	0,213225
-0,013079	4,117565	-0,270803
0,051794	-4,536343	0,263039
-0,050481	-3,483541	0,256389
-0,102642	5,043562	-0,274570
-0,027516	-3,925759	0,313643
-0,081039	4,690279	-0,221093
-0,036444	-4,025046	0,302792
-0,088181	4,610849	-0,229773
-0,065136	-4,004333	0,303508
-0,111135	4,627420	-0,229201
-0,160492	3,923904	-0,138682
-0,059061	-4,691601	0,362341
-0,077887	-3,393278	0,458385
-0,153924	5,118202	-0,066337
-0,054504	-3,271024	0,625084
-0,135217	5,216005	0,067022
-0,154975	4,648046	0,451641
0,014435	-4,122391	0,587826
-0,234102	4,604193	-0,085617
-0,048866	-4,157474	0,158019
-0,393516	4,515553	0,117348
-0,082944	-4,229090	0,018690
-0,196570	-2,785819	0,045590
-0,389124	5,612877	0,111661
0,158018	-3,014206	-0,024158
-0,266363	5,399483	0,601517
0,685224	-3,866584	-0,530272
0,155402	4,717580	0,196626
0,474895	2,534833	0,056113
0,965955	-5,677378	-1,309667
1,155746	-5,246590	-1,951572
0,338558	3,507973	-0,206700
0,227940	2,370328	-0,324031
1,002789	-5,587402	-2,466185
0,848189	-4,316729	-2,968703
-0,358605	3,705348	0,662464
-0,225607	2,757468	-0,197695
0,856671	-4,952756	-3,195582
0,830870	-4,559658	-3,123280
-0,543905	3,149638	1,227523
-0,304910	2,351198	0,507120
0,964673	-4,916407	-3,320451
-0,466353	2,282888	1,150291
0,995223	-4,765026	-3,108549
0,757880	-3,880958	-2,862162
-0,762002	3,486570	1,739052
-0,835905	3,455254	0,748619
0,864608	-3,780784	-3,445993
-0,604196	3,543339	1,648098
1,049975	-3,710316	-2,726410
-0,759800	3,882197	2,457998
1,022578	-3,445965	-2,029317
0,871680	-2,718474	-1,225152
-0,933074	4,376944	3,015594
-0,524620	3,256027	2,875303
1,241651	-3,946482	-1,683403
1,161833	-3,318038	-1,247147
-0,731881	3,896873	2,985928
1,052864	-3,671254	-1,786395
-0,787213	3,705853	2,413573
0,808243	-3,785409	-2,187577
-0,982910	3,614529	2,092626
0,613387	-3,598040	-2,436675
-1,023404	3,971220	1,563323
-0,987236	3,468043	1,197041
0,724325	-4,075217	-2,555030
-1,048013	3,830669	1,280002
0,536294	-3,995669	-2,108533
0,291161	-3,479942	-1,686827
-1,141775	4,276251	1,783074
-0,874054	3,460306	1,360797
0,490562	-4,545735	-1,488018
0,323513	-3,468076	-0,623600
-0,930995	4,539519	2,077775
-0,290371	3,947739	1,356243
0,732873	-4,433614	-0,641849
0,647575	-3,171567	0,436317
-0,243004	5,235076	1,097873
-0,316957	4,708917	1,498730
0,507498	-4,005197	0,450165
0,314083	-3,027986	0,513325
-0,247999	5,376950	-0,274985
0,063417	-3,275649	0,917576
-0,448532	5,178820	0,048416
-0,211904	-3,671602	1,942262
-0,668789	4,862057	0,868164
-0,242576	-3,679904	2,866148
-0,471898	4,698626	0,542687
-0,137980	-3,715136	3,126518
-0,388220	4,670441	0,750983
0,006466	3,505000	0,672776
0,057883	-4,622516	3,066684
-0,053269	-3,399286	2,759733
-0,095325	4,707087	-0,320676
-0,148779	4,008386	-0,616099
-0,307840	-4,025923	2,540674
-0,744149	-3,052227	1,864028
-0,171605	4,641360	-1,855213
-0,504947	3,529257	-1,821195
-0,827672	-4,259736	1,889479
-0,953204	-3,323533	1,151580
-0,338849	4,424315	-2,425171
-0,354548	3,518820	-2,182984
-0,830694	-4,170856	1,781618
-0,088335	3,795153	-2,024070
-0,715825	-3,850607	2,082877
-0,572660	-2,896654	1,888431
0,187029	4,569407	-2,191388
0,266833	3,477070	-1,753280
-0,479964	-4,041513	2,406914
0,454993	3,528681	-1,730814
-0,329436	-4,000224	2,424887
0,582610	3,562311	-1,670254
-0,226878	-3,943280	2,526729
-0,189162	-3,223561	2,373727
0,541637	4,214280	-1,963950
0,502038	3,122219	-1,448231
-0,268149	-4,306577	2,688653
-0,130263	-3,759307	2,150922
0,565569	3,796906	-2,126500
0,425996	2,849203	-1,675025
-0,256566	-4,597095	2,389127
-0,128656	-3,769592	1,773428
0,494438	3,860784	-2,310405
0,388724	3,293542	-1,907037
-0,233599	-4,316325	2,070739
0,245177	3,476539	-1,769756
-0,251234	-4,316880	1,895648
0,376602	3,476095	-1,932809
-0,146094	-4,317235	1,765206
-0,040278	-3,637620	1,174716
0,415153	4,188016	-2,371680
0,242268	3,290451	-1,813459
-0,186686	-4,581961	1,608289
-0,225945	-3,818762	1,171736
0,199744	4,159313	-2,121666
-0,151768	-4,009426	1,231508
0,171374	4,143067	-1,740945
-0,086752	-3,882961	1,256799
0,223386	4,244238	-1,720712
0,127618	3,883576	-1,028668
-0,116624	-4,341290	1,631912
0,259045	-3,672183	1,251912
0,341448	4,628507	-1,067977
0,533586	3,304504	-1,038213
0,292657	-4,922650	1,238936
0,034975	-4,167910	0,654124
0,105113	4,334147	-1,131264
-0,107401	3,229869	-1,287994
-0,163054	-5,084580	0,624169
-0,077906	3,341177	-1,213737
-0,084223	-5,065265	0,320801
0,000478	3,839188	-1,356855
-0,021516	-4,666856	0,206307
-0,044551	4,320064	-1,221436
-0,000643	-4,321750	0,049329
0,213956	-3,855701	-0,060112
0,136167	4,693240	-1,074568
0,266485	-4,222360	0,051929
0,162105	4,418602	-0,830919
0,027574	-4,353524	0,069853
-0,029024	4,313671	-0,816579
-0,147526	3,294200	-0,753878
-0,072845	-5,165246	0,232101
-0,019977	-4,086239	0,132063
-0,061158	4,531615	-0,729553
-0,018785	3,887364	-0,485174
0,022986	-4,684699	0,501788
-0,064657	4,394916	-0,358035
-0,029957	-4,266739	0,702827
-0,030415	4,599069	-0,250822
-0,002563	-4,103416	0,788598
0,066886	-3,405287	0,830029
0,031740	5,058442	-0,325232
