-0,000988	-0,013115	0,006208
1,852322	-2,796381	11,753795
1,402366	-2,215083	9,554354
1,070184	-1,779733	7,619533
0,811127	-1,384516	6,110947
0,623047	-1,035787	4,958679
0,500354	-0,818095	4,047388
0,397415	-0,640108	3,337507
0,298767	-0,457497	2,741832
0,254345	-0,349725	2,222189
0,228366	-0,318086	1,771049
0,208560	-0,222865	1,347894
0,186001	-0,133285	0,978706
0,103781	-0,083642	0,705401
0,106011	-0,073615	0,444607
0,129828	-0,007171	0,235019
0,071294	0,051722	0,097035
0,027348	0,091170	-0,073689
0,002725	0,096886	-0,114493
-0,002605	0,070807	-0,123199
0,029520	0,058550	-0,088024
0,084908	0,026735	0,021523
0,140704	0,048207	0,074677
0,137465	0,037601	0,070276
0,050597	0,009011	0,060054
-0,035182	0,019660	0,048995
-0,097091	0,028179	0,118689
-0,346789	-0,036832	0,166777
-0,634645	-0,201853	0,120006
-0,264467	-0,100191	0,119955
0,036474	0,222484	0,311442
0,174748	0,406869	0,537411
0,308341	0,230683	0,638705
0,406609	-0,079772	0,552138
0,417218	-0,219921	0,406274
0,257164	-0,094528	0,223506
0,040057	0,064197	0,020797
-0,181516	0,154788	-0,092543
-0,328135	0,209060	-0,098936
-0,344869	0,193102	-0,128942
-0,309416	0,180336	-0,166361
-0,218797	0,198859	-0,206831
-0,159718	0,169621	-0,232506
-0,142142	0,199870	-0,272199
-0,149138	0,215438	-0,174656
-0,163366	0,223107	-0,073647
-0,169963	0,251265	0,095269
-0,168526	0,213463	0,201667
-0,249750	0,046270	0,072271
-0,211287	-0,074068	0,182317
0,143177	-0,029567	0,854532
0,358743	0,074027	1,138533
0,420112	0,097528	0,847618
0,512311	0,014814	0,974970
0,649265	-0,037941	1,342134
0,668814	0,035724	1,293983
0,567607	0,035281	1,106049
0,402377	-0,010081	0,961451
0,218471	0,026407	0,814179
-0,005277	0,133174	0,541212
-0,155528	0,150595	0,289317
-0,254671	0,140593	0,046616
-0,382826	0,189086	-0,070923
-0,438414	0,255651	-0,214758
-0,429259	0,289762	-0,244585
-0,416198	0,281602	-0,233974
-0,331994	0,250184	-0,144089
-0,190901	0,221217	0,011145
-0,007152	0,148238	0,073075
0,110160	0,093700	0,113050
0,234649	0,018454	0,093309
0,315087	-0,017793	0,061244
0,343061	0,004919	0,097836
0,280186	0,047978	0,146261
0,177225	0,091056	0,214690
0,050801	0,119781	0,225389
-0,031185	0,124548	0,136256
-0,083371	0,144646	0,037178
-0,045628	0,165521	-0,076556
-0,002017	0,180305	-0,166592
0,060630	0,104974	-0,204147
0,060955	-0,004131	-0,226526
0,072702	-0,121091	-0,256868
0,107966	-0,163914	-0,374049
0,105526	-0,099527	-0,515682
0,067184	-0,025997	-0,807102
-0,032446	0,008890	-1,148465
-0,094914	0,068404	-1,432091
-0,153495	0,170604	-1,606318
-0,182171	0,181503	-1,670039
-0,224277	0,201696	-1,668356
-0,254116	0,186259	-1,590385
-0,199460	0,199764	-1,495440
-0,117429	0,226852	-1,400344
0,020021	0,192017	-1,312768
0,090712	0,118176	-1,217804
0,159715	0,066770	-1,174402
0,303993	-0,030862	-1,112862
0,386847	-0,009370	-1,047345
0,269255	0,070080	-1,138584
0,180919	0,135556	-1,209671
0,132284	0,124717	-1,200452
0,156584	0,027947	-1,049424
0,074511	0,094184	-0,944886
-0,024657	0,083965	-0,984790
0,098060	-0,028592	-0,923831
-0,006781	0,124612	-0,813759
-0,162481	0,224189	-0,955549
-0,157756	0,107525	-0,884153
-0,002669	-0,088284	-0,647948
-0,082580	0,087392	-0,497289
-0,216418	0,232719	-0,523283
-0,179836	0,133502	-0,467467
-0,087375	0,042642	-0,388341
0,067051	-0,079852	-0,365263
0,042154	0,103709	-0,342003
-0,006499	0,132772	-0,380865
0,023524	0,059294	-0,346831
0,094478	0,030187	-0,321520
0,082284	0,067252	-0,316591
0,072529	0,061455	-0,305946
0,017801	0,080768	-0,282110
-0,054705	0,112503	-0,251543
-0,050465	0,096704	-0,247206
0,007504	0,091731	-0,338536
0,167856	-0,006108	-0,522697
0,184077	0,055453	-0,617364
0,023726	0,204299	-0,695954
-0,095936	0,211315	-0,712867
-0,034622	0,017746	-0,628716
0,001038	-0,003052	-0,411030
-0,236670	0,214002	-0,429385
-0,332989	0,188437	-0,489077
-0,290341	0,054021	-0,355825
-0,231308	-0,004659	-0,296159
-0,226233	0,076717	-0,263734
-0,246099	0,137985	-0,173646
-0,151872	0,084534	-0,158069
-0,028602	0,044641	-0,251907
0,120771	-0,016960	-0,308789
0,317832	-0,144769	-0,293955
0,244696	0,017303	-0,330928
0,091374	0,107690	-0,457235
-0,105990	0,159894	-0,552544
-0,107778	0,035020	-0,576105
0,045931	-0,104137	-0,409175
-0,130846	0,118753	-0,389583
-0,433156	0,254939	-0,558749
-0,612760	0,187667	-0,626089
-0,395396	0,074474	-0,536308
-0,138192	-0,040970	-0,411798
0,034051	-0,123755	-0,221223
-0,048418	0,024531	-0,266041
-0,118215	0,041658	-0,524088
-0,127140	0,056313	-0,600264
0,031406	0,026850	-0,708141
0,195596	-0,098234	-0,643124
0,393976	-0,212657	-0,466623
0,252937	-0,043710	-0,366597
-0,098358	0,101971	-0,631339
-0,353540	0,166818	-0,844085
-0,297200	0,080781	-0,836156
-0,018448	-0,081896	-0,584648
0,074304	-0,122023	-0,176580
-0,150286	0,095827	-0,157548
-0,361574	0,180092	-0,461232
-0,346718	0,082782	-0,487735
-0,127973	-0,030491	-0,255154
-0,017148	-0,004288	-0,177304
0,001601	-0,021631	-0,193564
0,037682	-0,050813	-0,238164
0,214020	-0,184302	-0,266191
0,213355	-0,107220	0,036047
-0,115669	0,123953	-0,167489
-0,291729	0,100115	-0,474933
-0,169224	-0,063560	-0,324392
-0,055887	-0,082452	-0,218339
-0,034175	-0,095649	-0,233082
-0,021590	-0,220172	-0,208499
-0,119750	-0,228811	-0,233840
-0,336181	-0,129411	-0,286670
-0,405896	-0,114063	-0,246572
-0,339072	-0,113284	-0,285368
-0,205181	-0,177773	-0,419823
0,100174	-0,328962	-0,413434
0,192188	-0,271788	0,142349
-0,057895	0,008583	-0,162891
-0,226358	0,003985	-0,737478
-0,150446	-0,167271	-0,659893
0,067350	-0,216177	-0,345956
0,359386	-0,388420	0,345721
0,157259	-0,213055	0,262209
-0,178733	-0,077549	-0,658848
-0,155438	-0,309122	-0,856510
0,009719	-0,307637	-0,647866
0,070031	-0,320804	0,001727
-0,225530	-0,148428	0,251345
-0,522319	-0,054570	-0,493248
-0,401571	-0,281168	-0,863861
-0,124943	-1,184529	-9,457703
-1,112223	-0,383549	-19,948009
-1,478743	1,183310	23,696280
0,945924	0,695733	28,930302
3,497621	-0,558148	5,283500
1,755189	-1,565085	-21,944696
-1,634570	1,171821	-12,138155
-0,568325	1,183575	10,220726
1,189676	-0,341214	-5,883136
-0,400505	0,113931	0,000498
-0,725507	-0,091777	-1,311625
-0,735545	0,042459	-0,189302
-0,838399	0,438106	0,691319
-0,559623	0,617684	0,359599
0,041681	0,435724	0,918795
0,317769	0,485530	0,830800
0,476395	0,590487	0,648356
0,707691	0,656264	0,451656
0,756729	0,706017	0,383346
0,658056	0,622272	0,226233
0,472820	0,539004	0,078520
0,362924	0,498244	-0,017641
0,164887	0,437853	-0,116578
-0,032812	0,342617	-0,211061
-0,167985	0,227169	-0,409229
-0,276124	0,160666	-0,471988
-0,289857	0,112261	-0,624673
-0,227100	0,073524	-0,652009
-0,115592	0,048285	-0,585768
-0,058001	0,055864	-0,553856
-0,083754	0,059059	-0,465106
-0,092858	0,024261	-0,368252
-0,020661	-0,023682	-0,292685
-0,040467	0,024145	-0,209258
-0,081213	0,048051	-0,037157
-0,168401	0,076747	-0,009608
-0,237187	0,040328	-0,036422
-0,178262	-0,097987	0,056091
-0,182832	-0,130098	0,109046
-0,233412	-0,114613	0,095854
-0,225999	-0,101273	0,108288
-0,254542	-0,129859	0,137387
-0,237154	-0,162310	0,094590
-0,194509	-0,169106	0,022035
-0,101017	-0,181256	0,031031
-0,039639	-0,188096	-0,016349
-0,040330	-0,159095	0,001288
-0,052369	-0,133990	-0,054523
-0,061048	-0,127296	-0,072342
-0,059373	-0,143024	-0,050207
-0,100172	-0,080899	-0,050700
-0,128978	-0,038864	-0,006088
-0,131917	-0,059814	-0,002002
-0,132341	-0,001880	-0,015005
-0,052247	0,049253	0,011934
0,051098	0,068126	0,027748
0,107919	0,032479	-0,027606
0,187849	0,049922	-0,058474
0,194322	0,096443	0,008763
0,116200	0,072370	0,023294
0,071891	0,090452	0,009053
0,133172	0,091515	0,022574
0,112275	0,081830	0,000823
0,083118	0,103769	0,009277
0,053091	0,103133	0,033276
0,049175	0,090160	0,045774
0,106381	0,087461	0,010765
0,131076	0,074753	-0,018207
0,099112	0,095240	0,005551
0,072587	0,080977	-0,017592
0,030299	0,064782	-0,045678
0,032857	0,043207	-0,041327
0,005217	0,025948	-0,032110
-0,048500	0,017878	-0,046757
-0,075189	-0,000053	-0,009623
-0,043879	-0,004840	-0,015364
-0,051375	-0,038344	-0,010375
-0,070800	-0,031628	-0,015001
-0,092065	-0,055954	0,000450
-0,070783	-0,024646	-0,042743
-0,008738	-0,007266	-0,010256
0,018864	-0,043166	-0,014906
0,051480	-0,075720	0,003407
0,018198	-0,048124	-0,000155
-0,009379	-0,072972	0,040098
-0,032406	-0,044974	0,048363
-0,028793	-0,021612	0,009003
0,004736	-0,035490	0,023487
0,049761	-0,042747	-0,004197
0,037892	-0,018878	-0,016773
0,017863	-0,026589	-0,014370
-0,030717	-0,064374	-0,016281
-0,023622	-0,034263	0,019531
-0,014112	-0,034112	-0,017896
0,025112	-0,055060	0,015371
0,013376	-0,038299	0,012297
-0,028557	-0,002868	0,025157
-0,052533	0,020691	0,016305
0,009682	0,007935	0,057099
0,027863	-0,032922	0,010242
-0,016016	-0,029207	0,007230
-0,034846	-0,021449	0,004832
-0,009676	0,010612	-0,030607
-0,001039	0,005609	-0,017784
0,010655	-0,016582	-0,009442
0,017143	0,003018	-0,004685
0,026165	0,032102	-0,018104
0,067868	0,005577	-0,004912
0,052378	-0,030024	0,002771
0,024666	-0,010603	-0,012151
0,015900	0,008753	0,022848
-0,002612	0,003170	0,001994
-0,003042	0,040841	0,032247
0,017684	0,044172	0,010466
0,023717	0,011387	-0,028017
0,023759	0,011990	-0,033900
0,008473	0,022031	-0,052987
0,011575	0,057859	-0,047175
0,020747	0,026170	-0,040608
0,017550	0,000818	-0,001847
0,007338	0,022688	-0,026367
0,025988	0,001866	-0,016308
-0,028050	0,001493	0,039627
-0,036808	-0,004556	0,039356
-0,017959	0,010723	0,019046
0,033521	0,013376	0,006606
0,112046	-0,031438	-0,012904
0,064747	-0,061552	-0,014156
-0,016208	-0,029124	0,011662
-0,052224	0,036076	-0,037595
-0,058064	0,020242	-0,024339
-0,046451	0,006611	-0,040540
-0,070681	-0,003329	-0,011363
-0,098684	0,005002	-0,038778
-0,120121	0,000169	-0,051127
-0,075028	-0,033385	-0,063888
-0,053320	-0,017126	-0,053979
-0,016802	0,017903	-0,004878
0,018162	0,010489	0,029618
0,022196	-0,002143	0,066786
0,028291	0,040424	0,062047
0,063807	0,052444	0,047721
0,080734	0,011316	0,040093
0,012878	0,001387	0,032075
-0,010767	0,029845	0,031410
-0,023933	0,015258	0,000226
-0,031598	0,016992	0,031785
-0,045395	0,045197	0,023511
-0,018116	0,015088	0,005406
0,028598	0,021653	-0,010043
0,072683	0,005823	0,004417
0,108903	-0,033648	-0,031903
0,089039	-0,047987	-0,024570
0,016641	-0,002953	-0,011990
-0,042229	0,000506	-0,025877
-0,011762	-0,020664	0,005166
-0,018028	-0,062503	0,012751
-0,051775	-0,044253	-0,022367
-0,084511	-0,024868	-0,012145
-0,087726	-0,005527	0,018055
-0,058682	-0,007290	-0,012374
-0,017258	-0,047971	-0,007983
-0,043494	-0,030723	-0,007339
-0,020427	-0,037982	0,028602
0,022916	-0,039968	-0,008723
0,077708	-0,017607	-0,005062
0,094734	-0,012169	0,009366
0,074823	0,022833	0,024729
0,046455	0,013469	0,036056
0,031415	0,000241	0,010656
0,029917	0,031796	-0,012545
-0,018205	0,063743	-0,013869
-0,015516	0,006951	-0,027379
0,001955	-0,012640	-0,026689
0,022633	0,019576	-0,015601
0,036295	0,038647	-0,051751
-0,001604	0,023252	-0,052887
-0,028102	-0,010122	-0,036572
-0,054085	-0,016716	-0,002439
-0,071039	-0,019122	0,019118
-0,023311	-0,016262	0,018163
-0,001412	-0,015879	0,001127
-0,019318	-0,018453	0,034422
0,014233	0,000570	0,023705
0,042990	-0,000508	0,026630
0,087053	0,033114	0,029922
0,072523	0,014040	0,015320
0,007262	0,030385	0,006506
-0,017176	-0,005380	0,009990
-0,036727	-0,011970	-0,016898
-0,021716	0,004791	-0,002032
0,003697	-0,023938	-0,000673
-0,025778	-0,004783	-0,046498
-0,003386	0,002875	-0,026664
0,013575	-0,013020	-0,002178
0,024264	-0,016165	-0,003659
0,051015	-0,031132	0,015262
0,026444	0,007663	-0,006944
-0,022888	0,000381	0,006896
-0,022143	0,028075	0,000731
