-0,485047	-3,217347	1,532764
-0,395698	-2,604516	1,172593
-0,285919	-1,647013	0,869138
-0,259374	-1,807827	0,764247
-0,169201	-1,369666	0,496503
-0,143021	-1,011477	0,320606
-0,106757	-0,778543	0,210527
-0,093065	-0,653473	0,137783
-0,120410	-0,430863	0,125546
-0,119307	-0,107241	0,146394
-0,072467	0,006124	0,094136
0,072241	-0,041059	0,067650
0,172687	0,013110	-0,037796
0,122831	0,056445	-0,175770
0,075285	-0,100377	-0,439342
0,182783	-0,172217	-0,742116
0,330058	-0,068837	-0,938377
0,225748	-0,016771	-1,057088
0,104002	0,024881	-1,083119
0,175117	-0,056691	-0,943092
0,285627	-0,075992	-1,007242
0,419993	-0,206326	-1,456864
0,739464	7,619948	-2,048605
0,417891	-1,589475	-1,299605
0,737783	6,513429	-1,922799
0,652050	4,925616	-1,331452
0,270816	-3,896414	-0,802455
0,417468	4,171890	-0,460406
0,324651	-4,495344	-0,810311
0,451212	-3,573297	-0,824421
0,370293	4,974219	-0,217550
0,378827	-3,478158	-0,899433
0,312385	5,050329	-0,277560
0,240584	-3,539824	-1,338084
0,083027	4,980757	-0,363274
0,321396	-3,797372	-1,656542
-0,042881	4,726336	-0,240930
-0,026645	3,551280	-0,591046
0,278681	-4,923211	-1,557140
-0,479276	3,493442	-0,100020
0,081351	-4,928324	-1,378901
0,233593	-4,088192	-0,819714
-0,277897	4,452524	0,643114
0,587138	-4,038505	-0,539285
-0,187874	4,456509	0,990504
0,560903	-3,861678	-0,476336
-0,208862	4,597970	1,040864
-0,202527	3,732367	1,041378
0,576958	-4,686472	-0,629005
0,522844	-3,519388	-0,595120
-0,320704	4,856856	0,986012
-0,278657	4,104526	0,456137
0,614744	-4,370338	-1,139849
0,675626	-3,672442	-0,789324
-0,379143	4,695614	0,928026
-0,073525	3,273933	0,857316
0,860824	-5,014421	-0,873633
-0,104779	3,424058	0,829181
0,870468	-4,872520	-0,979638
-0,227278	3,614175	0,637142
0,772469	-4,720428	-1,133268
-0,394139	3,757576	0,852316
0,627866	-4,596794	-1,008141
0,349100	-3,692754	-0,645660
-0,663897	4,648651	1,173465
0,327803	-3,669464	-0,904414
-0,630976	4,679830	0,936859
-0,458823	3,812801	0,496719
0,526160	-4,565160	-1,263015
-0,503503	3,883011	0,387002
0,414394	-4,551284	-1,187388
0,247259	-3,786561	-0,781398
-0,619389	4,628445	0,871871
0,268068	-4,138769	-0,707577
-0,484508	4,415281	0,602209
0,211780	-4,132794	-0,495012
-0,529538	4,420061	0,772261
-0,532474	3,864819	0,586559
0,113739	-4,702784	-0,238833
0,014395	-3,677971	0,031064
-0,528203	4,852262	0,732930
0,293328	-4,157938	0,399121
-0,048631	4,513477	0,396046
0,320985	-4,320961	0,646049
-0,026505	4,383059	0,593588
-0,031671	3,534624	0,161376
0,046293	-5,002007	0,618614
-0,800897	4,065573	0,097064
-0,775561	-4,515995	1,164847
-0,635768	-3,444283	1,291881
-0,373771	5,013027	-0,053691
-0,288327	-3,451646	1,457864
0,099474	4,883599	-0,564410
-0,166300	-3,454629	1,662155
0,197095	4,881212	-0,400976
-0,187779	-3,571433	1,792902
0,399064	4,568865	-1,035838
-0,429187	-3,709642	2,024472
0,205938	4,458297	-0,850582
0,025810	3,324207	-0,907156
-0,680766	-4,570172	2,239213
-0,820360	-3,771033	2,051798
0,045126	4,212711	-1,323499
-0,803187	-3,805751	2,411675
0,188059	3,925182	-1,575124
-0,795056	-3,324100	2,788200
0,194563	4,310503	-1,273904
0,091084	3,578336	-0,767745
-0,861686	-3,846406	3,343577
-0,850202	-3,069465	3,134441
0,254392	4,253503	-1,450221
-0,838275	-3,505424	2,881853
0,371555	3,692145	-1,967528
-0,844506	-3,826175	2,545795
0,366570	3,435544	-2,236374
-0,756579	-3,809326	2,414974
0,487773	3,345051	-2,482783
0,466815	2,775617	-1,863672
-0,719584	-4,172019	2,923825
0,585447	3,304523	-1,889007
-0,654458	-3,692133	2,977289
-0,485268	-2,884770	2,550344
0,734601	4,027936	-2,448220
-0,466198	-3,358512	2,369066
0,762964	3,689806	-2,531653
-0,517892	-3,922648	2,164135
0,721609	3,238497	-2,695599
-0,581614	-3,931351	2,055957
0,662505	3,315561	-2,660721
0,453407	2,698407	-2,197514
-0,765070	-4,301917	2,547476
0,442906	3,144569	-2,228326
-0,754255	-4,009171	2,430028
-0,503829	-3,322231	2,020619
0,705517	3,867040	-2,596194
-0,429272	-3,553747	2,143394
0,736389	3,775577	-2,356838
0,658048	2,767693	-1,969726
-0,553368	-4,404420	2,495772
0,589806	2,983290	-2,057280
-0,575975	-4,334664	2,262540
-0,590994	-3,498371	1,641520
0,575024	3,922600	-2,595148
-0,572480	-3,652153	1,663733
0,560088	3,894325	-2,417890
-0,409149	-3,800162	1,646052
0,690753	3,775918	-2,432035
0,618164	3,067661	-1,816010
-0,497187	-4,439485	2,158791
-0,351792	-3,620525	1,719373
0,688802	4,061824	-2,115995
0,589340	3,188183	-1,746414
-0,498764	-4,407698	2,094363
-0,437309	-3,457222	1,575915
0,612139	4,247767	-2,120660
0,382476	3,543748	-1,811423
-0,656006	-4,178547	1,932253
-0,593741	-3,335178	1,369631
0,480030	4,398505	-2,175302
0,452961	3,419229	-1,878115
-0,592655	-4,331264	1,768514
0,536759	3,627076	-1,770556
-0,512538	-4,205746	1,768923
-0,387052	-3,433533	1,453436
0,632304	4,360580	-2,022619
-0,466741	-3,595964	1,597911
0,560224	4,250705	-1,864361
0,379243	3,438863	-1,499148
-0,630223	-4,376387	1,943371
0,379638	3,569867	-1,512528
-0,633724	-4,284019	1,903160
-0,522298	-3,297002	1,522528
0,519596	4,502312	-1,895160
-0,460480	-3,453807	1,551097
0,566272	4,390984	-1,840573
-0,389723	-3,671881	1,570694
0,622878	4,216525	-1,824895
0,572849	3,378871	-1,437110
-0,474327	-4,464244	1,901296
-0,417760	-3,548416	1,452100
0,598082	4,344751	-1,851199
0,355912	3,460482	-1,534577
-0,647561	-4,415099	1,785218
0,338228	3,707471	-1,522009
-0,662291	-4,227616	1,770875
-0,537493	-3,259538	1,485636
0,502880	4,585962	-1,799973
-0,430995	-3,524823	1,655739
0,580426	4,383447	-1,642800
-0,338326	-3,811442	1,637832
0,654560	4,154151	-1,657126
0,543668	3,274314	-1,329702
-0,479668	-4,596124	1,876992
-0,490970	-3,661580	1,501594
0,521827	4,286311	-1,739479
-0,635015	-3,847803	1,595129
0,398474	4,145198	-1,647804
-0,564728	-3,922601	1,720559
0,454703	4,085360	-1,547460
0,446829	3,290936	-1,160767
-0,540173	-4,582702	2,017668
-0,347882	-3,727438	1,637113
0,608753	4,227324	-1,654855
0,563599	3,420157	-1,362182
-0,436180	-4,473149	1,874800
-0,448519	-3,455965	1,392605
0,525668	4,456910	-1,820888
0,305639	3,473612	-1,533307
-0,639971	-4,442792	1,708326
-0,519637	-3,584873	1,297724
0,470272	4,372547	-1,849735
0,414516	3,490378	-1,510427
-0,554369	-4,448143	1,679573
0,460971	3,756755	-1,524390
-0,520370	-4,248589	1,633217
-0,416296	-3,375892	1,275935
0,556110	4,553278	-1,831981
-0,467238	-3,542433	1,318207
0,518304	4,433948	-1,761627
-0,508089	-3,751375	1,391572
0,485623	4,266794	-1,702936
-0,534235	-3,724245	1,530441
0,463508	4,292747	-1,581234
-0,543068	-3,853264	1,647835
0,452554	4,196888	-1,469411
0,408001	3,234956	-1,106592
-0,560608	-4,691535	1,902405
-0,417848	-3,875782	1,529584
0,546644	4,188816	-1,539857
0,475614	3,450629	-1,224226
-0,500431	-4,528939	1,784143
-0,385026	-3,623151	1,335399
0,564049	4,405522	-1,659223
0,435920	3,470800	-1,434614
-0,523334	-4,527404	1,579851
0,445438	3,747233	-1,465884
-0,507755	-4,317752	1,526419
-0,429183	-3,431223	1,336030
0,520759	4,570560	-1,630302
-0,478137	-3,643771	1,463822
0,475447	4,408438	-1,508491
-0,446960	-3,835002	1,595310
0,500388	4,255452	-1,403300
0,429371	3,405530	-1,139651
-0,505222	-4,607859	1,746540
-0,381198	-3,670968	1,305316
0,543760	4,395509	-1,614008
-0,413711	-3,800557	1,244500
0,505301	4,305290	-1,629257
-0,416710	-4,016397	1,313792
0,502902	4,132617	-1,573824
0,379812	3,368118	-1,176437
-0,525230	-4,659648	1,662363
-0,496780	-3,766016	1,360529
0,426264	4,349882	-1,492530
0,325692	3,441607	-1,171045
-0,563135	-4,609409	1,644117
0,373529	3,696106	-1,244248
-0,517554	-4,411429	1,571803
0,486590	3,908108	-1,378696
-0,427105	-4,241828	1,464245
