0,007811	0,037466	-0,032857
1,450426	-2,968526	13,214608
1,143105	-2,317362	10,594673
0,860858	-1,780147	8,370392
0,658999	-1,376229	6,654175
0,566457	-1,085664	5,384632
0,538407	-0,776588	4,353677
0,555225	-0,597332	3,561470
0,556229	-0,504684	2,974640
0,528296	-0,385547	2,419934
0,510747	-0,301736	1,919663
0,488078	-0,218403	1,544349
0,451754	-0,129715	1,134917
0,372902	-0,078870	0,759497
0,279169	-0,012339	0,526201
0,157259	0,071537	0,306032
0,074086	0,110856	0,073402
-0,013510	0,138489	-0,032257
-0,029008	0,087806	0,005798
-0,053859	0,075982	0,037195
-0,103414	0,094306	0,121699
-0,107634	0,145354	0,282187
-0,088023	0,128735	0,401006
-0,052218	0,148959	0,489360
-0,003469	0,187161	0,510238
0,036495	0,207187	0,533654
0,064621	0,171499	0,518854
0,078516	0,182207	0,540547
0,062812	0,169716	0,563639
-0,005292	0,186529	0,617549
-0,050205	0,217217	0,637680
-0,131143	0,213043	0,615491
-0,179609	0,231726	0,415781
-0,439610	0,002459	0,233027
-0,434049	-0,208726	-0,025223
-0,139427	0,115538	-0,039331
-0,182415	0,690026	0,092070
-0,076023	0,703327	0,297752
0,119236	0,299307	0,197980
0,207437	0,030669	0,176584
0,200422	0,015917	0,211177
0,163207	0,153517	0,157442
0,159301	0,186009	0,064662
0,168615	0,154557	-0,022964
0,265141	0,070020	-0,033691
0,305008	0,026329	0,058276
0,326368	0,044049	0,050453
0,318553	0,060129	0,071014
0,276876	0,087373	0,166944
0,152543	0,143641	0,225487
0,144056	0,155135	0,186138
0,004161	0,107823	0,037815
-0,314628	0,006779	-0,122019
-0,267022	0,008292	0,074773
0,022931	0,167522	0,575052
0,133262	0,236496	0,543354
0,233025	0,148974	0,235489
0,456489	0,126833	0,256384
0,500225	0,174257	0,394731
0,449020	0,196865	0,328236
0,357300	0,129721	0,225235
0,317444	0,114311	0,090161
0,248206	0,178595	-0,104079
0,118120	0,259709	-0,277673
0,010219	0,302579	-0,368659
-0,116313	0,379014	-0,519024
-0,226168	0,410474	-0,661349
-0,294899	0,345616	-0,779031
-0,308710	0,284146	-0,877009
-0,229732	0,249351	-0,843344
-0,174203	0,198516	-0,819292
-0,110639	0,161694	-0,831642
-0,107664	0,129354	-0,928680
-0,070799	0,123589	-1,023547
-0,011632	0,081635	-1,105178
0,146798	0,090210	-1,162828
0,350153	0,106641	-1,233851
0,509005	0,067124	-1,231283
0,491481	0,055604	-1,209124
0,374032	0,081836	-1,077431
0,160358	0,106656	-0,973993
-0,068991	0,119797	-0,944880
-0,207463	0,117859	-0,933077
-0,278019	0,095252	-0,956191
-0,311478	0,035979	-1,039806
-0,281751	0,020165	-1,095212
-0,276157	0,012299	-1,112717
-0,236246	0,006006	-1,049146
-0,185163	0,002888	-0,917844
-0,124193	0,037747	-0,741941
-0,040931	0,037864	-0,605992
0,029499	0,031243	-0,493424
0,108840	0,059467	-0,428247
0,187622	0,062906	-0,427840
0,290881	0,018721	-0,456237
0,363906	-0,040577	-0,566100
0,327514	-0,100455	-0,597485
0,218921	-0,167510	-0,614938
0,003713	-0,106237	-0,588679
-0,271883	0,021309	-0,595443
-0,409047	0,080255	-0,677465
-0,326285	0,036433	-0,783305
-0,301250	-0,030229	-0,901498
-0,398056	0,006469	-1,017121
-0,503272	0,096154	-1,060779
-0,547234	0,143000	-0,951102
-0,500995	0,140255	-0,817375
-0,444851	0,174459	-0,758295
-0,333847	0,150102	-0,763691
-0,235474	0,076979	-0,691397
-0,192212	0,064464	-0,609624
-0,168137	0,098495	-0,544206
-0,172815	0,073998	-0,533045
-0,166023	0,066865	-0,495394
-0,204645	0,051576	-0,603163
-0,218306	0,029774	-0,644384
-0,267540	0,110965	-0,573930
-0,335651	0,205606	-0,644935
-0,323111	0,209504	-0,713226
-0,229765	0,203992	-0,677844
-0,177099	0,200535	-0,731887
-0,070817	0,180546	-0,842175
-0,019300	0,165506	-0,839414
0,031484	0,168794	-0,796995
0,113297	0,161854	-0,657701
0,140430	0,148636	-0,482105
0,075955	0,167749	-0,383768
0,000425	0,179206	-0,284041
-0,048501	0,182635	-0,172643
-0,109662	0,211233	-0,065324
-0,117417	0,218779	-0,002466
-0,104469	0,199926	0,015263
-0,054852	0,122587	0,039994
-0,034299	0,083714	0,073169
-0,024570	0,111979	-0,006589
-0,050296	0,084797	-0,156577
-0,009597	-0,000168	-0,272747
-0,065136	-0,025024	-0,315879
-0,120102	0,001050	-0,369549
-0,104700	-0,006826	-0,394272
-0,070357	-0,049516	-0,302966
-0,120445	-0,013758	-0,485635
-0,138495	0,002409	-0,620258
-0,075359	-0,003822	-0,507705
0,044095	-0,083502	-0,443506
0,121470	-0,114690	-0,404609
0,055989	-0,079301	-0,537249
0,080228	-0,092164	-0,680715
0,138877	-0,136939	-0,679606
0,159954	-0,126787	-0,563790
0,065707	-0,053554	-0,708649
-0,023093	-0,049545	-0,923182
-0,028045	-0,114331	-0,892732
-0,062658	-0,159458	-0,736207
-0,157390	-0,084476	-0,384022
-0,378744	0,101927	-0,403946
-0,437065	0,123680	-0,647803
-0,369769	-0,043744	-0,479937
-0,288149	-0,067564	-0,360963
-0,147206	-0,084691	-0,251430
-0,073710	-0,097441	-0,039291
-0,199739	0,053248	-0,253613
-0,150221	0,038766	-0,388681
0,047413	-0,081036	-0,282222
0,178714	-0,124204	-0,173104
0,250235	-0,128098	-0,094428
0,261479	-0,132166	0,026936
0,093302	-0,041573	-0,380685
0,041121	-0,076349	-0,603340
0,051097	-0,164510	-0,541095
0,012142	-0,145011	-0,396487
-0,087015	-0,054718	-0,292287
-0,148139	-0,036120	0,016122
-0,288018	0,072618	-0,240887
-0,262019	-0,016601	-0,334445
-0,197164	-0,118628	-0,117202
-0,201786	-0,038395	0,091077
-0,190165	0,047812	0,203111
-0,168404	0,071770	0,173975
0,007965	-0,037396	0,046285
0,144287	-0,094078	-0,015646
0,201611	-0,078143	-0,099662
0,277170	-0,096022	-0,138153
0,292610	-0,092150	-0,203417
0,200568	0,022057	-0,263283
0,122149	-0,030243	-0,134979
0,091969	-0,073999	0,211890
-0,128500	0,104570	-0,440535
-0,142058	-0,030309	-0,778599
0,022340	-0,174601	-0,534769
0,140455	-0,216292	-0,164448
-0,031288	-0,142395	-0,103787
-0,274029	0,009632	-0,697862
-0,277634	-0,116795	-0,597559
-0,223072	-0,174844	-0,379403
-0,078861	-0,268208	-0,057392
-0,178005	-0,090067	0,013462
-0,408640	0,089799	-0,607895
-0,333614	-0,060326	-0,473865
-0,246786	-0,054963	-0,283327
-0,052812	-0,096643	-0,326259
0,087035	-0,174043	-0,087667
-0,040504	-0,075062	-0,126640
-0,165521	0,009860	-0,722845
-0,084528	-0,130980	-0,504534
-0,023580	-0,062645	-0,260927
-0,036100	-0,046283	-0,249928
-0,096873	-0,067678	-0,200895
-0,123470	-0,086699	-0,175084
-0,111228	-0,088512	-0,232011
-0,079400	-0,112948	-0,420240
-0,014679	-0,159316	-1,161705
-0,062500	-0,380273	-4,845331
-0,065320	-1,106757	-20,492023
-0,439158	-0,058928	-11,610954
-0,384847	1,321387	16,434540
-0,019621	1,087749	15,922033
0,486135	-0,809574	6,479179
0,960636	-2,112906	-4,207672
0,579849	-0,876299	-5,847486
-0,315674	1,002672	4,317508
-0,374158	1,134462	2,351711
0,003298	0,112684	-0,622964
-0,051951	-0,381984	1,267596
-0,261825	-0,216525	0,658767
-0,354076	0,131321	0,120007
-0,343588	0,288931	0,612192
-0,223162	0,306804	0,566365
-0,157460	0,302901	0,397550
-0,101066	0,244237	0,441576
0,012995	0,194438	0,364759
0,130111	0,200558	0,240087
0,225719	0,242807	0,184416
0,270590	0,267988	0,180089
0,234673	0,232592	0,125883
0,089093	0,231081	0,120811
0,044456	0,186781	0,088031
-0,009443	0,170494	0,101077
-0,027659	0,140228	0,093300
-0,022127	0,123670	0,089972
0,043590	0,148741	-0,131050
0,099984	0,158250	-0,166131
0,193000	0,144801	-0,122371
0,208025	0,115841	-0,292306
0,154933	0,177902	-0,163935
0,149801	0,176794	-0,225008
0,099736	0,114629	-0,170424
0,059672	0,108939	-0,057811
0,039119	0,035430	-0,074019
-0,042447	0,044629	-0,064965
-0,115366	0,030918	-0,097944
-0,130599	-0,023154	0,010708
-0,094897	0,012128	-0,080496
0,005479	0,025023	-0,027996
0,125062	0,027684	-0,037728
0,167079	-0,010421	-0,047419
0,086739	-0,044726	0,032939
0,026300	-0,061635	0,036886
-0,006743	-0,057927	0,019926
-0,054235	-0,085611	0,142357
-0,153519	-0,082857	0,093768
-0,228162	-0,046169	0,089382
-0,296495	-0,100143	0,153867
-0,300392	-0,132788	0,091490
-0,224993	-0,094744	0,028184
-0,187661	-0,043227	0,038832
-0,150129	-0,045116	0,048302
-0,109568	-0,027474	0,036725
-0,102022	-0,022944	0,080137
-0,102687	0,013248	0,005687
-0,107040	-0,003757	0,039987
-0,124902	0,044871	0,007088
-0,085554	0,082821	-0,014435
-0,030137	0,090207	0,020056
-0,108387	0,040562	0,034234
-0,171939	0,064054	0,039838
-0,139468	0,076133	-0,062941
-0,169997	0,105926	-0,070457
-0,152270	0,082824	-0,026678
-0,130446	0,042321	-0,023259
-0,131164	0,107587	-0,063615
-0,160485	0,107139	-0,031739
-0,127424	0,086676	-0,072315
-0,092369	0,054020	-0,056900
-0,036541	0,048001	0,003321
-0,049338	0,064255	-0,043315
-0,060540	0,097376	-0,001131
-0,056098	0,116206	0,001976
-0,024761	0,102548	-0,008002
-0,032260	0,067671	0,008918
-0,072744	0,076158	0,018634
-0,117570	0,051356	0,031179
-0,066285	0,059274	-0,022933
0,006359	0,052216	0,000807
0,027109	-0,020483	-0,021388
0,030305	0,008516	0,011625
-0,006396	0,047035	-0,029970
-0,007997	0,056781	-0,005775
0,041490	0,023403	-0,016107
0,097352	-0,025332	-0,009065
0,094166	-0,010696	0,009033
0,044681	0,024964	0,039795
0,044375	0,025721	0,046191
0,039321	-0,014860	0,095376
0,031457	-0,046361	0,037031
0,050068	-0,042838	0,017186
0,040054	-0,037139	0,061625
0,094299	-0,006737	0,053133
0,119482	-0,047516	0,054957
0,144438	-0,041846	0,049715
0,173009	-0,023906	0,074245
0,183415	-0,043063	0,083334
0,161099	-0,067007	0,077202
0,105894	-0,054570	0,080914
0,061729	-0,072392	0,046543
0,034063	-0,086636	-0,009701
0,010967	-0,079844	0,009487
-0,006547	-0,074409	0,014291
-0,041626	-0,040375	0,024837
0,002124	-0,047620	-0,012687
0,037136	-0,050547	0,008039
0,052695	-0,078743	-0,028041
-0,019136	-0,085980	-0,034884
-0,043080	-0,084104	-0,006838
-0,029679	-0,059629	-0,014089
-0,011292	-0,015135	-0,041911
0,005334	0,017579	-0,000020
-0,012969	0,023634	-0,019169
-0,009423	0,038060	-0,008634
-0,025727	0,040030	-0,009776
-0,009095	0,041595	-0,015474
0,023364	0,085949	0,006773
0,074245	0,032370	-0,024269
0,053647	0,038347	-0,041449
0,023764	0,028761	-0,082951
-0,045148	0,010557	-0,101798
-0,062938	0,011314	-0,086236
-0,042684	0,035871	-0,080475
-0,063847	0,026780	-0,067248
-0,065433	0,025257	-0,026992
-0,056179	0,047024	0,010975
-0,037278	0,059641	-0,007504
-0,030787	0,046761	-0,015574
-0,006428	0,028790	-0,016292
0,033163	0,035483	-0,021652
0,061967	0,022636	0,032471
0,068727	-0,024994	0,010656
0,072218	-0,051600	-0,033614
-0,065773	-0,052766	-0,025939
-0,220209	-0,047963	-0,017870
-0,242244	-0,068058	-0,006642
-0,151656	-0,062100	0,010018
-0,105053	-0,024790	0,034822
-0,104148	-0,032271	0,038392
-0,091936	-0,002843	0,089136
-0,048647	0,017842	0,088545
-0,022645	0,006608	0,035399
-0,009498	0,005286	0,045568
0,002936	0,007110	0,037407
0,049285	0,008556	0,027057
0,020263	-0,010391	0,030263
-0,007728	-0,035132	0,020378
-0,054070	0,000630	-0,007636
-0,072944	-0,010031	0,022615
-0,059307	0,002510	0,004689
-0,056064	-0,005658	-0,002951
-0,045815	0,006008	0,019661
-0,006001	-0,010513	0,031049
0,023935	-0,011279	-0,001016
0,042121	-0,018606	0,004937
0,063385	-0,035954	-0,009454
0,059338	-0,046000	0,010625
0,051291	-0,023396	-0,002035
0,010393	-0,004349	-0,030351
-0,002220	-0,022633	-0,009925
0,025043	-0,009488	-0,006975
0,010452	-0,007591	-0,028566
-0,031861	0,001594	-0,019984
0,036755	-0,001606	-0,011189
0,058139	0,003512	-0,006083
0,066629	-0,000071	-0,008699
0,063838	0,025798	-0,011744
0,088411	0,032137	-0,006526
0,088930	-0,014513	0,014896
0,080714	0,016161	-0,035971
0,077987	0,023463	-0,017290
0,086327	0,033138	0,014904
0,088215	0,030344	0,051193
0,097391	0,057783	0,032336
0,075996	0,017503	-0,021067
0,082818	0,035072	0,001348
0,034651	0,039544	0,015446
0,028685	0,042170	-0,015415
0,036351	0,054805	-0,025747
0,074088	0,038095	-0,001445
0,035333	-0,004949	-0,036581
-0,012908	0,006576	0,003291
-0,022778	0,033031	-0,003117
-0,032590	0,025461	0,006125
-0,003086	0,036653	-0,000837
0,024350	0,040822	-0,002586
0,026182	0,031693	0,032404
0,046800	0,037806	-0,000896
0,043189	-0,006145	0,004081
0,018267	-0,002047	0,032952
-0,012205	0,017515	0,018696
-0,041368	0,007310	0,028360
-0,050331	-0,022887	0,015986
-0,028766	-0,036498	-0,008280
-0,057497	-0,003344	0,004875
-0,100588	-0,003628	0,004852
-0,097707	0,006668	0,027820
-0,042728	-0,006153	0,013638
-0,038016	-0,017374	-0,023562
-0,025615	-0,023481	0,004137
