-0,042653	-2,331411	1,068795
-0,034122	-1,865129	0,855036
0,018660	-2,671689	1,289141
0,014928	-2,190968	1,107909
0,042581	-1,538304	0,809731
0,103002	-1,207664	0,640125
0,013465	-0,958472	0,358907
-0,019867	-0,797416	0,310105
-0,069511	-0,523038	0,309361
-0,086248	-0,487368	0,247489
-0,046019	-0,435852	0,266928
-0,121071	-0,118892	0,198223
-0,027920	0,035101	0,373048
-0,007017	0,051060	0,283119
-0,013273	-0,181282	-0,148828
-0,094875	-0,367155	-0,471406
-0,137177	-0,508195	-0,645213
0,005153	-0,398896	-0,807237
0,180294	0,079185	-0,975154
0,481260	0,170583	-0,726506
-0,188056	7,110712	-3,313716
0,476237	-1,576743	0,242391
0,066944	-1,299693	-0,311624
-0,573126	6,225558	-3,142663
0,122222	-2,828701	0,095826
-0,528903	5,002352	-2,816703
-0,482258	4,320052	-2,397824
0,345968	-3,966589	0,514454
0,774652	-3,380082	0,059219
-0,235508	4,849643	-1,891469
0,232874	3,626946	-1,880839
1,041529	-4,652151	0,434174
0,741307	-3,951510	0,286062
-0,387186	4,478087	-1,264260
-0,409324	3,620769	-1,179920
0,652772	-4,742681	0,549173
0,698390	-3,686910	0,531254
-0,550942	4,741542	-0,654425
0,929328	-3,407619	0,119289
-0,366192	4,964975	-0,983998
-0,051084	3,896356	-0,703106
1,171602	-4,613256	0,003911
-0,321145	3,779309	-0,992207
0,955553	-4,706894	-0,227370
-0,670367	3,575784	-0,628494
0,745322	-4,878973	-0,431520
0,557960	-3,949137	-0,689900
-0,835248	4,580291	-0,623195
0,896824	-4,351115	-0,580474
-0,664416	4,236078	-0,168014
0,934599	-4,335767	-0,583969
-0,634197	4,248356	-0,170811
-0,680780	4,263582	0,396589
0,926418	-4,274823	-0,244243
0,633899	-3,182410	0,049714
-0,963923	5,139761	0,601286
-0,959286	3,958248	0,548177
0,769207	-4,480424	-0,404592
0,623025	-3,614978	-0,630059
-1,122706	4,696303	0,653073
-0,744972	3,688106	0,009261
1,025149	-4,637801	-1,149711
0,973312	-3,694922	-1,203176
-0,842477	4,632348	0,194580
-0,784516	4,300460	0,391838
1,050431	-4,106748	-1,018547
-0,869743	4,097439	0,806919
1,014293	-4,227441	-0,868986
0,757817	-3,734296	-0,863701
-1,103834	4,517955	0,823560
-0,812495	3,595185	0,442512
1,073776	-4,602405	-1,273540
-0,818793	3,743011	0,294672
1,068737	-4,484144	-1,391812
-0,876952	3,894941	0,366739
1,015061	-4,366303	-1,324671
0,758431	-3,224955	-0,837607
-1,109877	4,902292	0,947976
0,729145	-3,652339	-0,576274
-1,111857	4,584359	1,066050
0,798028	-3,838742	-0,321886
-1,056751	4,435236	1,269561
-0,856909	3,659113	1,184577
0,990516	-4,605607	-0,464929
0,922626	-3,738103	-0,287687
-0,908975	4,569107	1,069390
-0,696542	3,754860	0,809554
1,089843	-4,555700	-0,651896
0,741661	-3,361153	-0,536836
-0,992720	4,896887	0,790792
-0,809495	3,641762	0,448802
0,938452	-4,672400	-0,861219
-0,903863	3,422560	0,125974
0,786001	-4,882010	-0,997577
-0,864971	3,339128	0,338593
0,817114	-4,948757	-0,827482
-0,700495	3,694088	0,392899
0,862727	-4,713143	-0,533755
0,690182	-3,586682	-0,097639
-0,870978	4,799067	0,769962
0,672724	-3,928734	0,181517
-0,773675	4,576809	0,627741
0,585679	-4,180904	0,517543
-0,843311	4,375073	0,896561
-0,665772	3,533877	0,406784
0,663125	-4,926514	0,298899
0,576458	-4,010148	0,147203
-0,734576	4,545497	0,144291
0,615741	-4,055941	0,265077
-0,542357	4,497451	-0,520185
0,532127	-3,837857	0,875252
-0,609248	4,671919	-0,032044
-0,576824	3,898801	0,054312
0,448446	-4,569959	1,308520
-0,681362	3,994735	0,157068
0,364815	-4,493212	1,390725
0,176957	-3,694146	1,143219
-0,655564	4,648610	-0,844382
0,280338	-3,946316	1,320900
-0,464140	4,313886	-1,236797
0,248162	-3,529613	1,725360
-0,489882	4,647249	-0,913229
-0,477719	3,503486	-0,908844
0,208218	-4,507455	2,058749
0,097638	-3,897031	1,823171
-0,512283	4,192619	-1,327287
-0,431801	3,383449	-1,258827
0,167352	-4,418367	2,236187
-0,291856	3,651004	-1,595371
0,207572	-3,950849	2,483347
-0,305638	3,971401	-1,389984
0,196546	-3,694531	2,647657
0,164897	-3,139457	2,187062
-0,309139	4,360087	-2,009994
-0,266400	3,162364	-1,851708
0,185748	-4,130950	2,644545
-0,073531	-2,875820	2,391383
-0,457693	4,360186	-2,212805
-0,128139	-2,812689	2,685032
-0,479722	4,162883	-2,355278
0,100668	-2,990812	3,132278
-0,296676	4,020385	-1,997481
-0,206296	2,855531	-1,710520
0,211767	-3,898047	3,446573
0,299628	-3,501420	2,902792
-0,136008	3,161068	-2,763041
-0,193063	2,659068	-1,980644
0,221261	-3,834949	3,500760
0,008496	-2,960725	2,992099
-0,369498	3,415754	-2,892996
-0,326237	2,939413	-2,199502
0,115305	-3,432803	3,527074
0,184160	-2,830499	2,928894
-0,248777	3,396633	-3,073975
-0,107106	2,602412	-2,344285
0,310420	-3,579103	3,541662
-0,107953	2,655586	-2,612294
0,323544	-3,463336	3,401746
0,297134	-2,732371	2,752036
-0,172199	3,401908	-3,289953
0,164912	-2,674787	2,874938
-0,281809	3,420211	-3,219453
0,157653	-2,747275	2,905543
-0,287617	3,362221	-3,194970
-0,194768	2,638720	-2,744002
0,268557	-3,459286	3,313078
0,436975	-2,821046	2,573866
-0,074791	3,313425	-3,449187
0,065369	2,514440	-2,818125
0,489338	-3,552624	3,258937
0,437429	-2,964654	2,813960
-0,087100	3,192453	-3,262269
-0,308283	2,845641	-2,586246
0,191570	-3,257637	3,474488
0,084319	-2,552492	2,856188
-0,378535	3,491293	-3,258774
-0,387084	2,770056	-2,645318
0,136323	-3,317242	3,427470
0,208634	-2,929541	2,627081
-0,295232	3,190647	-3,439745
0,325529	-2,851548	2,720677
-0,201716	3,253041	-3,364868
-0,141432	2,787107	-2,468020
0,359692	-3,305437	3,565249
-0,169765	2,952050	-2,633848
0,337026	-3,173482	3,432587
-0,184815	2,841651	-2,763840
0,329562	-3,298607	3,291177
0,118117	-2,738461	2,510387
-0,382921	3,381159	-3,493939
-0,270853	2,665140	-2,772655
0,271206	-3,445987	3,276948
-0,194327	2,805991	-2,919472
0,332427	-3,333306	3,159495
0,304240	-2,727922	2,504617
-0,251389	3,322376	-3,564284
-0,116855	2,849391	-2,790150
0,401297	-3,225200	3,335858
0,275079	-2,312072	2,875497
-0,266476	3,599116	-3,323053
-0,305097	2,795037	-2,620144
0,242462	-3,212744	3,527335
-0,330353	2,672457	-2,900083
0,214082	-3,280859	3,332948
0,140627	-2,494473	2,605081
-0,365863	3,423245	-3,568949
0,155036	-2,557673	2,805514
-0,362384	3,359521	-3,420506
0,219484	-2,618468	3,051067
-0,310826	3,310885	-3,224063
-0,077233	2,728300	-2,284207
0,444691	-3,241335	3,818255
0,325114	-2,684984	3,000987
-0,265959	3,330703	-3,189942
-0,189788	2,090089	-2,674508
0,374220	-3,806620	3,451125
0,199800	-2,899762	2,661325
-0,370274	3,177478	-3,443001
0,318151	-2,985945	2,764042
-0,278567	3,102828	-3,366164
-0,169236	2,604817	-2,723570
0,397699	-3,407731	3,398542
-0,218042	2,958727	-2,811416
0,354108	-3,141757	3,311756
0,214350	-2,612981	2,641745
-0,357062	3,418355	-3,447493
0,166296	-2,934908	2,680340
-0,377871	3,193822	-3,385378
0,170312	-2,864137	2,783050
-0,374657	3,250440	-3,303210
-0,244653	2,729431	-2,567945
0,306070	-3,357069	3,477267
0,290814	-2,670337	2,889049
-0,269141	3,404345	-3,220384
-0,134378	2,698833	-2,479396
0,382291	-3,356905	3,573749
0,298174	-2,455734	2,950915
-0,237522	3,550090	-3,199013
-0,274274	2,694539	-2,536231
0,256642	-3,359046	3,530760
-0,396031	2,645164	-2,849635
0,146646	-3,423081	3,256661
-0,384452	2,831386	-3,053595
0,155909	-3,274103	3,093493
-0,315202	2,886773	-3,087744
0,203087	-3,234936	3,061705
0,185449	-2,427096	2,518301
-0,306890	3,602677	-3,517260
-0,150529	2,915520	-2,704712
0,324099	-3,207018	3,373930
0,266939	-2,504337	2,775740
-0,230971	3,535965	-3,317107
-0,245265	2,774039	-2,670703
0,239861	-3,342067	3,379856
0,168910	-2,819187	2,627289
-0,300945	3,305948	-3,414587
-0,321524	2,829151	-2,815346
0,175366	-3,321517	3,240583
0,124973	-2,588276	2,546508
-0,332607	3,514216	-3,455653
0,281395	-2,896019	2,728337
-0,212217	3,273075	-3,304671
0,313517	-2,994409	2,874243
-0,186519	3,194363	-3,187947
-0,141513	2,533125	-2,396388
0,324080	-3,571663	3,561794
-0,269942	2,717854	-2,545213
0,221336	-3,423881	3,442734
-0,282369	2,892310	-2,744699
0,210564	-3,302248	3,264829
0,160791	-2,603500	2,535267
-0,307826	3,533296	-3,432375
0,213177	-2,797119	2,676390
-0,266523	3,383712	-3,313960
0,223846	-2,891459	2,788585
-0,257988	3,308240	-3,224204
-0,117759	2,627460	-2,567705
0,346142	-3,515626	3,404569
0,253935	-2,735905	2,784932
-0,237201	3,428871	-3,230787
-0,228556	2,674726	-2,599091
0,258001	-3,486040	3,370943
0,191082	-2,857769	2,681435
-0,293208	3,356387	-3,287265
-0,288184	2,815324	-2,660450
0,215526	-3,390343	3,304053
0,141782	-2,620359	2,627923
-0,343934	3,552085	-3,323135
-0,259828	2,834009	-2,673827
0,249498	-3,381166	3,286411
0,268535	-2,704932	2,644449
-0,256523	3,487690	-3,305317
0,381027	-2,930421	2,853219
-0,166529	3,307299	-3,138301
-0,200043	2,753125	-2,485634
0,316859	-3,479825	3,399703
-0,261704	2,546121	-2,676107
0,267530	-3,645428	3,247324
-0,368369	2,759723	-2,809606
0,180462	-3,514245	3,098503
0,144370	-2,727139	2,440505
-0,359662	3,540312	-3,393784
0,248705	-2,813178	2,646480
-0,279999	3,484110	-3,215115
0,362199	-3,023961	2,752547
-0,189204	3,315484	-3,130261
-0,135933	2,750588	-2,460300
0,370106	-3,525148	3,373767
0,334383	-2,804799	2,790930
-0,209227	3,491823	-3,098668
-0,266957	2,954311	-2,501913
0,263168	-3,372213	3,329881
0,156917	-2,881602	2,564330
-0,349789	3,460642	-3,247333
-0,318129	2,760854	-2,689782
0,220819	-3,557241	3,146971
-0,318710	3,093455	-2,782510
0,225078	-3,303631	3,058759
-0,254025	3,020595	-2,830100
0,276825	-3,361918	3,020687
-0,249165	3,108970	-2,786557
0,286613	-3,288350	3,058117
0,313546	-2,523445	2,576708
-0,235108	3,756770	-3,225996
