0,045763	-0,026545	0,063057
-0,215257	-0,365999	0,196014
-0,172206	-0,284181	0,260242
-0,164584	-0,279066	0,197659
-0,139333	-0,226121	0,160043
-0,110502	-0,180897	0,118452
-0,088402	-0,117899	0,051671
-0,064972	-0,128804	-0,016134
-0,054858	-0,094425	-0,032060
-0,056338	-0,079361	-0,054371
-0,076674	-0,087439	-0,077970
-0,052721	-0,077605	-0,135166
-0,042177	-0,039099	-0,241251
-0,006923	-0,020744	-0,274397
0,036600	-0,014691	-0,276024
0,041732	0,002615	-0,237103
0,038170	-0,013228	-0,181065
0,029584	-0,037401	-0,135269
-0,022304	-0,015553	-0,060339
-0,006357	-0,008610	0,054206
-0,046260	-0,008804	0,107525
-0,088729	0,017859	0,146359
-0,128442	0,037273	0,125705
-0,100837	0,021200	0,037356
-0,029913	-0,015608	-0,062058
0,002889	-0,046007	-0,131043
0,031999	-0,052125	-0,231251
0,048585	-0,070436	-0,438785
0,043653	-0,038148	-0,678555
0,051206	-0,032435	-0,757370
0,085973	-0,077657	-0,736133
0,122404	-0,094694	-0,744058
0,101756	-0,106395	-0,667072
0,049801	-0,112886	-0,572916
-0,000382	-0,118080	-0,442049
-0,021375	-0,131818	-0,341200
-0,032420	-0,127488	-0,296898
-0,046041	-0,121143	-0,313178
-0,061735	-0,143838	-0,257244
-0,078123	-0,173494	-0,204831
-0,053880	-0,215406	-0,101621
-0,013417	-0,241271	0,055654
-0,005936	-0,236120	0,161357
0,010571	-0,238688	0,257418
-0,013577	-0,228304	0,318935
-0,059702	-0,201796	0,294418
-0,073616	-0,221776	0,208715
0,015802	-0,262650	0,064507
0,142891	-0,282899	-0,036505
0,189007	-0,307728	-0,070378
0,154087	-0,353445	-0,037149
0,112735	-0,361284	0,081364
0,062417	-0,342652	0,139798
0,027900	-0,301893	0,193235
-0,012153	-0,328672	0,274302
-0,037493	-0,359654	0,250081
-0,025209	-0,360514	0,163675
0,035374	-0,433015	0,081136
0,117362	-0,468995	-0,072030
0,110174	-0,488209	-0,137115
0,071855	-0,496866	-0,225574
0,042164	-0,541145	-0,252285
0,041397	-0,582318	-0,257370
0,012048	-0,615244	-0,304541
-0,068889	-0,635848	-0,370049
-0,086715	-0,667663	-0,367865
-0,032983	-0,729491	-0,287578
0,008086	-0,780871	-0,114193
0,057226	-0,866042	0,086782
0,028544	-0,892028	0,307890
-0,026005	-0,915697	0,508715
-0,038040	-0,931752	0,777589
-0,103223	-0,982902	1,039625
-0,126621	-1,042987	1,245421
-0,149185	-1,079555	1,595837
-0,153821	-1,042721	1,776584
-0,175730	-0,997947	1,761245
-0,219112	-0,926690	1,651281
-0,251913	-0,936713	1,502983
-0,209184	-0,853765	1,272308
-0,182679	-0,766325	1,043701
-0,166248	-0,715526	0,754517
-0,070755	-0,732357	0,483899
0,067895	-0,745822	0,262620
0,194136	-0,839907	0,168921
0,197447	-0,896023	0,079583
0,064110	-0,958151	-0,062737
-0,028204	-0,981047	-0,044453
-0,092473	-0,929442	0,162680
-0,084513	-0,944665	0,296782
-0,010152	-0,921418	0,439500
0,060836	-0,881739	0,594850
0,102294	-0,849043	0,639637
0,174731	-0,821935	0,730057
0,182888	-0,790666	0,900085
0,151095	-0,802991	1,135706
0,072036	-0,753489	1,320369
0,003039	-0,675570	1,370406
-0,068431	-0,642934	1,335753
-0,019320	-0,588090	1,303234
0,040098	-0,596888	1,192942
0,076122	-0,522518	0,904549
0,095382	-0,467807	0,603937
0,078222	-0,378078	0,308846
0,046294	-0,318747	-0,038312
0,074388	-0,349810	-0,354343
0,105470	-0,323903	-0,523856
0,204091	-0,306998	-0,510064
0,296390	-0,373931	-0,430073
0,365445	-0,423645	-0,129544
0,300009	-0,442346	0,209523
0,127007	-0,427619	0,450138
0,008710	-0,409136	0,673269
-0,103164	-0,354116	0,813469
-0,184045	-0,289042	0,765704
-0,179804	-0,289657	0,550307
-0,094991	-0,287267	0,355968
0,017855	-0,361015	0,211032
0,171340	-0,509076	0,120950
0,258703	-0,603586	-0,017205
0,352531	-0,637056	-0,042500
0,351934	-0,576686	0,025375
0,273882	-0,461349	0,049988
0,132911	-0,212976	0,058190
-0,035407	-0,037263	0,134663
-0,117388	0,104272	0,180508
-0,109230	0,187800	0,316793
-0,028009	0,236434	0,468914
0,094426	0,246606	0,513034
0,146415	0,245173	0,580898
0,135320	0,283284	0,530796
0,187749	0,214176	0,391116
0,202872	0,089932	0,180727
0,272430	0,014487	0,104360
0,224645	-0,063105	0,117008
0,120341	-0,112740	0,080204
0,002425	-0,111261	0,016274
-0,081385	-0,126350	-0,064544
-0,156087	-0,123114	0,092970
-0,305863	-0,144451	0,551305
-0,420911	-0,192184	0,962980
-0,461228	-0,209289	1,270287
-0,502100	-0,135828	1,438568
-0,445736	-0,058857	1,453479
-0,322104	0,004623	1,288246
-0,191606	0,069775	1,036335
-0,074757	0,108494	0,717020
0,005319	0,106913	0,225019
0,037776	0,204280	-0,327553
0,091512	0,319528	-0,871124
0,175675	0,412678	-1,417078
0,275574	0,459427	-1,930452
0,367945	0,397229	-2,180264
0,521333	0,367588	-2,092807
0,600941	0,420486	-1,839920
0,577469	0,394800	-1,575366
0,478260	0,333088	-1,289981
0,345254	0,308598	-0,868228
0,170857	0,323502	-0,471438
-0,028024	0,400537	-0,099429
-0,242695	0,550276	0,232664
-0,407718	0,618346	0,352770
-0,487063	0,681420	0,322438
-0,501699	0,735712	0,092277
-0,497123	0,736055	-0,261372
-0,435052	0,736329	-0,598867
-0,347077	0,701112	-0,889946
-0,214466	0,745728	-1,176435
-0,155289	0,785242	-1,512877
-0,121362	0,824520	-1,783958
-0,068355	0,874130	-2,041034
-0,009676	0,921484	-2,243826
0,055467	0,990019	-2,276774
0,097047	1,106139	-2,311751
0,126478	1,094640	-2,435510
0,147154	1,070121	-2,477046
0,102403	1,126166	-2,439413
-0,015758	1,172905	-2,297246
-0,059542	1,212225	-2,153836
-0,084023	1,208245	-1,881077
-0,018378	1,218463	-1,437833
0,008283	1,192166	-0,956809
0,043980	1,223801	-0,446538
0,117545	1,260596	0,064144
0,109356	1,296734	0,520577
-0,005411	1,266281	0,925947
-0,094343	1,227539	1,099888
-0,179869	1,188892	1,118375
-0,199437	1,149355	0,999082
-0,164335	1,077504	0,928562
-0,168822	0,986503	0,748587
-0,218382	0,936676	0,479167
-0,293456	0,850854	0,145822
-0,281689	0,775495	-0,264495
-0,243552	0,756395	-0,734485
-0,191960	0,728651	-1,149746
-0,094193	0,680601	-1,421628
0,048181	0,648876	-1,545274
0,180280	0,618698	-1,475636
0,250535	0,615624	-1,316507
0,250221	0,628486	-1,121199
0,187725	0,622503	-0,849071
0,082187	0,645488	-0,583493
-0,017563	0,681112	-0,352829
-0,165369	0,704813	-0,182666
-0,248177	0,727620	-0,084841
-0,279938	0,695096	-0,087978
-0,239270	0,672923	-0,061764
-0,166526	0,623568	-0,022605
-0,088201	0,571644	0,017353
-0,056205	0,508072	0,087625
-0,039215	0,398792	0,139057
-0,056274	0,288382	0,257767
-0,059375	0,229753	0,342200
-0,078152	0,197206	0,254607
-0,053903	0,218104	0,154845
-0,013435	0,166818	0,137292
0,011286	0,126752	0,147175
0,082771	0,077464	0,142642
0,148578	0,089742	0,142849
0,213662	0,119682	0,199509
0,219782	0,142670	0,259204
0,190181	0,117969	0,334732
0,148324	0,094375	0,436340
0,097590	0,062084	0,516662
0,066573	0,061166	0,528259
0,070495	0,030732	0,521252
0,039159	0,017884	0,500315
0,013127	0,023877	0,437605
-0,017270	0,008567	0,391259
0,017788	0,001117	0,341742
-0,000125	-0,024973	0,295415
-0,003933	-0,044869	0,266019
-0,040500	-0,076118	0,241551
-0,075491	-0,079095	0,211429
-0,070927	-0,088179	0,153823
-0,028019	-0,071495	0,159448
0,003440	-0,041876	0,285579
0,029571	0,012471	0,377865
0,018871	0,087540	0,447861
-0,005972	0,092066	0,502893
-0,037334	0,097590	0,509578
-0,060519	0,083822	0,490023
-0,105874	0,062272	0,496401
-0,106733	0,070887	0,420107
-0,149546	0,052877	0,363856
-0,125387	0,093059	0,326522
-0,046672	0,075399	0,278454
0,006718	0,029679	0,236178
0,011112	0,007459	0,182229
-0,006431	-0,013186	0,166853
-0,042498	-0,036403	0,091343
-0,041652	-0,021468	0,052005
-0,018954	-0,010461	-0,009152
0,026011	-0,018903	-0,004441
0,067733	-0,060143	-0,034205
0,126977	-0,024164	-0,033101
0,163825	0,004607	-0,004459
0,181817	-0,013551	0,026120
0,170356	-0,056812	0,066868
0,133416	-0,053116	0,105203
0,086616	-0,011841	0,129182
0,067376	-0,006604	0,145484
0,041450	-0,038804	0,130743
0,010174	-0,063600	0,127580
-0,011014	-0,072901	0,055140
-0,086374	-0,051620	0,029745
-0,096883	-0,043212	-0,053780
-0,082291	-0,034570	-0,185712
-0,048597	-0,036274	-0,302756
-0,034080	-0,058707	-0,365740
-0,033014	-0,089104	-0,379750
-0,028327	-0,078949	-0,397648
-0,056182	-0,072730	-0,382278
-0,057397	-0,044781	-0,338391
-0,043037	-0,024338	-0,246775
-0,030609	-0,037659	-0,181136
-0,030224	-0,060779	-0,095104
0,020828	-0,014138	-0,022458
0,063586	0,006878	0,062478
0,043215	-0,000235	0,179267
-0,001829	-0,009770	0,266961
0,016737	0,021872	0,282514
0,035411	0,041435	0,385947
-0,002311	0,047516	0,382501
-0,061223	0,057166	0,394111
-0,129423	0,062969	0,421588
-0,150475	0,050375	0,482840
-0,099310	0,052751	0,465764
-0,055498	0,065187	0,409953
-0,029079	0,022462	0,383504
-0,054867	0,042872	0,315434
-0,035275	0,019930	0,249466
-0,032053	0,021693	0,227344
-0,042879	-0,001798	0,212527
-0,053456	0,012929	0,183425
0,004159	-0,022225	0,173559
0,029194	-0,028315	0,215459
0,003238	-0,043721	0,164713
-0,006028	-0,041678	0,100166
0,015283	-0,049627	0,074384
0,051496	-0,042570	0,020237
0,118773	-0,036925	0,018106
0,134276	-0,065941	0,012568
0,129454	-0,073822	0,039742
0,114098	-0,129920	0,029878
0,108515	-0,113519	0,000929
0,082027	-0,091767	-0,030861
0,037850	-0,082032	-0,082160
-0,021441	-0,079993	-0,152874
-0,084194	-0,038140	-0,190292
-0,103744	0,007793	-0,190539
-0,049475	0,009116	-0,261611
0,014046	-0,014741	-0,251428
0,037103	0,003539	-0,275837
0,020100	-0,025904	-0,255142
0,021830	-0,052327	-0,225183
0,000227	-0,038993	-0,174409
-0,036220	-0,040765	-0,148146
-0,068233	-0,043146	-0,053392
-0,062253	0,011455	-0,060915
-0,039268	0,035018	-0,128211
-0,008428	0,044298	-0,154290
-0,021110	0,049794	-0,100446
0,034833	0,086771	-0,089928
0,142783	0,097188	-0,005866
0,161151	0,026029	0,101606
0,114565	-0,035683	0,150243
0,074403	-0,087922	0,165201
0,021217	-0,054053	0,124507
0,004523	-0,007806	0,067038
0,027568	0,037810	-0,038301
0,069931	0,062805	-0,134071
0,072229	0,032055	-0,194415
0,073103	0,001694	-0,257046
0,037413	-0,032166	-0,271713
-0,013161	-0,055420	-0,295898
-0,021063	-0,056787	-0,334399
0,023372	-0,056917	-0,357546
0,025399	-0,006264	-0,332009
-0,011285	0,030414	-0,262726
-0,023396	0,026248	-0,155591
-0,036905	0,050685	-0,025840
-0,056343	0,061618	0,102876
-0,078595	0,081862	0,243189
-0,079148	0,092297	0,287447
-0,025013	0,116940	0,269215
0,028830	0,135691	0,290079
0,016363	0,089400	0,294307
0,003508	0,030334	0,255563
0,010472	0,000329	0,194868
0,043802	-0,036126	0,163560
0,050374	-0,060505	0,133717
0,028800	-0,032132	0,056217
-0,010480	-0,052512	0,009537
-0,019871	-0,038189	-0,065149
-0,033133	-0,041086	-0,091390
-0,027471	-0,030952	-0,075981
0,002926	-0,076471	-0,073236
-0,003409	-0,054475	-0,106477
-0,042949	-0,033998	-0,109120
-0,058298	-0,009009	-0,110282
-0,053340	-0,004327	-0,038421
-0,079061	0,022393	-0,024987
-0,075700	0,032282	-0,015204
-0,037574	0,042098	0,113288
-0,037725	0,071984	0,129900
-0,033049	0,120795	0,107754
-0,032189	0,123455	0,085238
-0,039154	0,108346	0,092129
0,019433	0,051240	0,128293
0,082576	0,044825	0,183079
0,084261	0,032027	0,199136
0,052089	-0,017482	0,161225
0,039755	-0,054208	0,096424
0,057658	-0,074006	-0,033957
0,074862	-0,079322	-0,136333
0,071376	-0,065374	-0,192391
0,059970	-0,047502	-0,242023
0,017336	-0,025550	-0,303751
-0,000499	-0,053009	-0,365583
0,010136	-0,067310	-0,387279
0,041629	-0,059586	-0,382601
0,011282	-0,040967	-0,289797
-0,015877	-0,041391	-0,267274
-0,029938	-0,058968	-0,185084
-0,088123	-0,031855	-0,068587
-0,083901	-0,015913	0,043776
-0,054670	0,057179	0,189208
-0,057152	0,061075	0,365880
-0,069659	0,074715	0,415287
-0,072012	0,066473	0,413638
-0,071013	0,051262	0,452529
-0,094164	0,031439	0,366820
-0,037977	0,019402	0,265685
0,037611	0,002118	0,189562
0,067443	0,014133	0,049171
0,055871	-0,006882	-0,027704
0,052350	-0,009338	-0,109309
0,038059	0,001147	-0,217684
0,056302	-0,023020	-0,276625
0,045994	-0,016500	-0,311327
0,037759	-0,043852	-0,335243
0,059895	-0,046568	-0,378326
0,079520	-0,068859	-0,361084
0,037762	-0,074240	-0,311853
-0,001395	-0,032585	-0,258101
-0,015484	-0,000201	-0,202647
-0,080380	-0,003994	-0,048153
-0,070053	-0,011813	0,157804
-0,089563	0,023106	0,319687
-0,126240	0,039554	0,456861
-0,145048	0,047927	0,546494
-0,124656	0,063244	0,521473
-0,101641	0,063034	0,515823
-0,084182	0,051392	0,470117
-0,052978	0,068884	0,344490
-0,016528	0,059893	0,225787
-0,010354	0,038344	0,104970
0,038653	0,022057	-0,000289
0,075930	0,000409	-0,126647
0,078945	-0,038943	-0,206664
0,064108	-0,023488	-0,300365
0,080022	-0,029325	-0,337973
0,080289	-0,036876	-0,310601
0,088182	-0,017050	-0,279133
0,047559	-0,032793	-0,256827
0,047618	-0,062624	-0,190129
0,050545	-0,075953	-0,163603
0,037568	-0,089498	-0,088743
0,023353	-0,063932	-0,057591
0,011016	-0,039660	0,014266
-0,020875	0,000841	0,066955
-0,073206	0,003541	0,096667
-0,049947	-0,011535	0,067751
-0,037077	-0,020715	0,106874
-0,042112	0,015985	0,220533
-0,070079	-0,003497	0,249205
-0,108737	0,023069	0,292260
-0,088906	0,036644	0,281696
-0,067292	0,037933	0,210989
-0,011707	-0,007959	0,168791
0,014585	0,020452	0,131200
0,030821	0,037430	0,038883
-0,022267	0,048132	-0,069443
-0,040800	0,068193	-0,163782
-0,036473	0,052650	-0,230622
0,008175	0,025836	-0,220887
0,057297	0,001516	-0,229383
0,052539	-0,017940	-0,235215
0,039151	-0,015316	-0,227442
0,043772	-0,019907	-0,191536
0,027364	-0,043697	-0,138862
0,052530	-0,040707	-0,083318
0,072676	-0,052682	-0,055156
0,047606	-0,064167	-0,045089
0,011266	-0,031229	-0,039892
-0,014925	-0,019234	0,078218
-0,027272	0,000897	0,150673
-0,042887	-0,013650	0,219183
-0,058248	-0,012836	0,248125
-0,045634	-0,027505	0,237770
-0,059493	-0,018171	0,240973
-0,095482	0,036220	0,186076
-0,085956	0,005990	0,163229
-0,063028	-0,006708	0,119084
0,013750	0,011882	0,038773
0,014821	0,004708	-0,039856
0,034843	0,012385	-0,145850
0,056609	0,024276	-0,234478
0,055822	0,055810	-0,278561
0,038908	0,040827	-0,254453
0,047411	0,051815	-0,260056
0,061867	0,019418	-0,217628
0,091632	-0,016070	-0,217193
0,070437	-0,034878	-0,096191
0,096572	-0,049936	-0,012780
0,059057	-0,030367	-0,006391
0,000322	-0,013759	0,044680
-0,039013	-0,007174	0,072133
-0,029294	-0,029690	0,109427
-0,010984	-0,003635	0,121063
0,011330	-0,009610	0,111206
-0,008172	-0,014390	0,136853
-0,036225	-0,040247	0,113316
-0,038563	-0,027412	0,143326
-0,024149	-0,004694	0,164453
-0,023152	-0,007576	0,138276
-0,022342	0,041815	0,148927
-0,037039	0,084209	0,146913
-0,069853	0,051095	0,121363
-0,038634	0,074397	0,143050
-0,023253	0,050887	0,097203
-0,003283	0,021556	0,034672
-0,033266	0,031613	-0,033554
-0,010329	0,034873	-0,103455
-0,002526	0,022149	-0,135437
0,035333	0,007184	-0,197412
0,066572	0,017234	-0,243172
0,060924	0,022417	-0,268280
0,074593	-0,029003	-0,298902
0,089362	-0,053842	-0,252524
0,054253	-0,067024	-0,228838
0,037653	-0,065105	-0,156252
0,010018	-0,038681	-0,087648
0,017584	-0,068286	-0,081618
-0,003169	-0,050796	-0,031774
0,017582	-0,060754	0,073226
0,005448	-0,027534	0,171581
-0,022461	-0,004791	0,245493
-0,060107	-0,015320	0,259590
-0,083523	-0,009387	0,259393
-0,093637	0,026963	0,286042
-0,081611	0,042640	0,246070
-0,051874	0,032195	0,138446
-0,033845	0,028637	0,060952
-0,041444	0,047812	0,043012
-0,036976	0,031536	-0,059438
0,005844	0,029061	-0,125126
0,047778	0,009846	-0,192997
0,067910	-0,010324	-0,197488
0,072517	-0,013044	-0,225984
