-0,015282	-0,018323	0,025623
1,542096	-3,842515	11,852653
1,312204	-3,036658	9,588421
1,079451	-2,396770	7,745432
0,913353	-1,908786	6,223164
0,737396	-1,525125	4,988114
0,625342	-1,240205	4,099658
0,579766	-1,042921	3,457852
0,580646	-0,820933	2,948252
0,529641	-0,629928	2,560665
0,468720	-0,493408	2,187399
0,365406	-0,390893	1,913676
0,248270	-0,258125	1,662155
0,145942	-0,163409	1,216711
0,040143	-0,096255	0,872808
0,008164	-0,058803	0,583329
0,033350	-0,020224	0,310560
0,043916	0,008711	0,099059
-0,002208	0,079760	-0,076857
-0,079342	0,120314	-0,191734
-0,264585	0,177648	-0,335345
-0,380222	0,186173	-0,436831
-0,451663	0,199696	-0,551527
-0,464761	0,206680	-0,572435
-0,372761	0,207483	-0,603505
0,218942	0,419770	-0,526859
0,242183	0,389454	-0,125565
-0,215177	0,075015	-0,088965
-0,448912	-0,229209	-0,543303
-0,387865	-0,249456	-0,520837
-0,170473	-0,081767	-0,231843
-0,198622	0,098356	-0,157691
-0,361925	0,283628	-0,234381
-0,415956	0,275743	-0,228679
-0,360536	0,163136	-0,204977
-0,177344	0,088370	-0,201323
-0,064300	0,091766	-0,307591
-0,096447	0,122253	-0,385893
-0,153769	0,124609	-0,460020
-0,147918	0,134172	-0,539439
-0,102062	0,129359	-0,571383
0,014127	0,131258	-0,487746
0,046738	0,143312	-0,384447
0,091968	0,146254	-0,257765
0,133914	0,147655	-0,218663
0,158840	0,117160	-0,227604
0,199862	0,082241	-0,146646
0,220217	0,034189	-0,064644
0,157985	0,045552	-0,030646
0,024874	0,038358	-0,103045
-0,003087	0,048875	0,024828
0,207260	0,206690	0,404848
0,369800	0,324337	0,770155
0,365749	0,255636	0,673583
0,337607	0,193010	0,614526
0,309355	0,186012	0,844049
0,227367	0,203399	0,896456
0,017172	0,335107	0,775588
-0,125129	0,393537	0,649206
-0,124994	0,395274	0,711858
0,010137	0,364108	0,731327
0,100040	0,333425	0,721060
0,183463	0,271525	0,673564
0,236797	0,229671	0,610678
0,199972	0,225875	0,571868
0,122624	0,187402	0,541772
0,009037	0,156623	0,599092
-0,061728	0,141582	0,737855
-0,120244	0,102731	0,804798
-0,118229	0,045796	0,803775
-0,121390	-0,047640	0,846999
-0,125847	-0,056313	0,908398
-0,140900	-0,004828	0,857931
-0,187415	0,091914	0,791679
-0,230376	0,193233	0,671661
-0,208251	0,221627	0,482739
-0,117761	0,209858	0,312449
-0,008015	0,191836	0,147481
0,094150	0,198476	-0,057272
0,194070	0,224858	-0,211492
0,227082	0,222025	-0,252506
0,231470	0,251363	-0,305435
0,214864	0,290153	-0,414820
0,191044	0,304913	-0,499447
0,174857	0,251584	-0,659092
0,187774	0,203183	-0,756155
0,201928	0,147226	-0,854887
0,227632	0,135017	-0,883104
0,252967	0,096527	-0,879824
0,268450	0,105945	-0,894435
0,270315	0,104873	-0,894637
0,193266	0,099218	-0,843078
0,138329	0,110979	-0,799926
0,111627	0,129005	-0,771142
0,080671	0,129058	-0,769184
0,019530	0,077392	-0,796341
-0,056202	0,015942	-0,897571
-0,122538	-0,006400	-1,000564
-0,173677	0,041816	-1,073400
-0,227052	0,102398	-1,146025
-0,217078	0,202585	-1,178258
-0,188982	0,304769	-1,263432
-0,198110	0,316593	-1,291348
-0,105814	0,292544	-1,283030
0,003447	0,238821	-1,279256
0,068846	0,185308	-1,168009
0,065612	0,208585	-0,938241
0,001733	0,164951	-0,696002
-0,046502	0,163565	-0,507961
-0,126264	0,165325	-0,327841
-0,194871	0,181100	-0,258440
-0,208570	0,164997	-0,240273
-0,250169	0,136783	-0,275531
-0,257594	0,143911	-0,199356
-0,186922	0,123747	-0,135547
-0,085377	0,097081	-0,081618
-0,054886	0,061381	-0,151488
-0,129151	-0,004521	-0,184399
-0,201953	0,017453	-0,162839
-0,203701	0,059922	-0,131236
-0,138071	0,083374	-0,169148
-0,103743	0,063830	-0,196610
-0,129930	0,065432	-0,233900
-0,205458	0,114589	-0,178502
-0,309935	0,126144	-0,158134
-0,341796	0,102832	-0,133208
-0,382616	0,091848	-0,148705
-0,327162	0,103166	-0,109382
-0,390050	0,197450	-0,061651
-0,335990	0,150306	-0,018669
-0,319549	0,184405	0,053058
-0,280529	0,214565	-0,069602
-0,182297	0,056723	-0,129424
-0,050061	-0,034101	-0,100671
0,056679	-0,009092	-0,122675
0,073114	0,049232	-0,147933
0,060408	0,068121	-0,192089
0,107702	0,029595	-0,289670
0,215446	-0,031866	-0,340903
0,289190	-0,001555	-0,343596
0,187297	0,116554	-0,511425
0,156551	0,082708	-0,720383
0,310068	-0,067915	-0,683569
0,230818	0,051015	-0,596648
0,062071	0,126041	-0,680346
0,112865	-0,019833	-0,627602
0,057724	0,053091	-0,526984
0,010754	0,086528	-0,593963
0,110117	-0,050492	-0,620739
0,115865	-0,092103	-0,531064
-0,062459	0,019214	-0,720774
-0,253947	0,118789	-0,790194
-0,285519	0,073009	-0,798781
-0,176706	-0,013419	-0,728099
-0,066658	-0,016484	-0,687814
0,069257	-0,017008	-0,626875
0,157871	-0,042342	-0,490001
0,161734	-0,027172	-0,345077
0,134172	-0,005454	-0,249243
0,082436	-0,005327	-0,273137
0,173212	-0,100026	-0,319071
0,173042	-0,041715	-0,344319
0,069488	-0,023789	-0,531156
-0,044971	-0,101393	-0,627952
-0,136526	-0,095482	-0,579938
-0,234685	-0,076385	-0,547263
-0,312248	-0,020886	-0,538372
-0,332159	-0,011924	-0,464218
-0,216875	-0,060296	-0,409680
-0,137110	-0,146870	-0,498203
-0,027328	-0,144315	-0,624576
0,101673	-0,147056	-0,732388
0,085171	-0,132012	-0,760202
0,052817	-0,088373	-0,724043
0,008733	-0,040047	-0,638609
-0,038985	-0,025336	-0,604735
-0,070446	-0,044207	-0,537426
-0,088925	-0,080385	-0,500803
-0,164036	-0,093996	-0,548127
-0,108243	-0,144142	-0,524696
0,015884	-0,171820	-0,362298
-0,035181	-0,100103	-0,408589
-0,107637	-0,082963	-0,469559
-0,156019	-0,101807	-0,528882
-0,139183	-0,088148	-0,583994
-0,084528	-0,084886	-0,663521
0,019524	-0,112916	-0,574872
0,092242	-0,103736	-0,552793
0,042190	-0,082989	-0,638560
0,080676	-0,136301	-0,597994
0,230215	-0,265144	-0,439125
0,103727	-0,224567	-0,281390
-0,191872	0,006137	-0,431973
-0,167865	-0,047763	-0,522751
-0,094070	-0,140689	-0,508227
-0,096325	-0,180544	-0,441055
-0,153672	-0,100380	-0,541503
-0,175611	-0,074554	-0,597924
-0,118455	-0,108484	-0,481208
-0,067957	-0,196919	-0,251849
-0,105123	-0,206376	-0,188076
-0,180827	-0,156483	-0,227072
-0,194454	-0,129019	-0,015984
-0,172799	-0,152056	0,302289
-0,229218	-0,118776	0,302171
-0,214027	-0,098854	0,352821
-0,108965	-0,217951	0,441229
-0,053652	-0,318965	0,581877
-0,028566	-0,397860	0,575633
-0,040089	-0,428432	0,434652
-0,070377	-0,456711	0,306535
-0,148233	-0,503272	0,294069
-0,178926	-0,568291	0,272609
-0,179530	-0,588715	0,133810
-0,196297	-0,678784	-0,657186
-0,802521	-6,824460	-21,846586
-4,092542	4,540542	19,205727
-2,384336	6,732446	32,952385
6,105434	-2,192168	10,608065
4,321237	-5,437939	-30,873266
-2,262285	1,775931	4,834346
-1,365456	0,553093	-8,775822
-1,215912	0,602399	-7,034073
-1,841345	0,978001	-0,586975
-1,175237	0,231741	-3,834876
-0,329191	-0,217793	-0,057915
-0,145555	0,070931	-0,534748
-0,144215	0,689765	0,242576
0,435287	0,779741	0,325274
1,037768	0,574000	0,527407
1,422060	0,410360	0,588563
1,405800	0,558122	0,274525
1,167731	0,615052	0,102787
0,833636	0,590687	-0,187839
0,548146	0,484036	-0,436624
0,269975	0,418833	-0,520722
-0,035900	0,432747	-0,557350
-0,203976	0,418024	-0,564642
-0,263731	0,366024	-0,599187
-0,329734	0,356027	-0,697709
-0,303057	0,339411	-0,738209
-0,150503	0,289730	-0,710281
-0,056242	0,277743	-0,593115
0,016298	0,296902	-0,483110
0,054213	0,287314	-0,307961
0,118077	0,278691	-0,253070
0,147135	0,222001	-0,136379
0,171334	0,203455	-0,119638
0,153351	0,171382	-0,076558
0,165772	0,081563	-0,011442
0,048340	0,045146	0,112465
-0,039855	0,001632	0,213520
-0,194690	0,018542	0,132498
-0,312807	0,010049	0,067693
-0,305788	-0,085809	0,094377
-0,335621	-0,191230	0,053480
-0,344144	-0,183636	0,027464
-0,390244	-0,194797	-0,005812
-0,373487	-0,186477	0,016420
-0,266221	-0,211425	-0,058690
-0,167017	-0,240014	-0,082376
-0,170003	-0,216913	-0,005574
-0,164726	-0,127559	-0,075321
-0,104010	-0,038839	-0,104312
0,004891	-0,047356	-0,085366
0,093939	-0,026385	-0,108515
0,131658	0,013364	-0,148104
0,181938	0,007823	-0,130934
0,192474	-0,043546	-0,162206
0,118554	-0,019517	-0,071354
-0,065093	0,038976	0,028159
-0,170825	0,107792	0,046465
-0,124208	0,060380	0,027602
-0,010304	0,044471	0,051769
0,090389	0,063348	0,059604
0,193943	0,069831	0,048647
0,293057	0,040545	0,017848
0,256479	0,027651	-0,002005
0,073018	0,058510	0,053938
-0,071835	0,091827	-0,000905
-0,089072	0,040894	-0,063920
-0,064544	-0,034326	-0,052100
-0,094738	-0,060017	-0,051250
-0,090158	-0,022159	-0,013229
-0,057759	-0,007193	-0,063257
0,002633	-0,029692	-0,125313
-0,031414	-0,068761	-0,156744
-0,114194	-0,040653	-0,083256
-0,144028	-0,042093	-0,015848
-0,104688	-0,067195	0,008391
-0,097154	-0,085360	0,054588
-0,052821	-0,035732	0,060907
0,001799	0,010685	0,052559
0,009093	0,003763	0,083234
0,054210	0,027913	0,038816
0,071139	0,005081	0,030089
0,080849	0,006946	0,023119
0,115436	-0,001145	0,021364
0,105752	0,004821	0,019959
0,025227	0,010558	-0,047228
-0,052597	0,049633	-0,030129
-0,069848	0,041623	-0,039423
-0,026191	0,017979	-0,014302
0,002033	0,019168	-0,017191
0,028433	0,036404	0,010197
0,062016	0,047312	0,032096
0,109940	0,050301	-0,013594
0,160743	0,028754	-0,069285
0,168816	0,007683	-0,031490
0,098664	0,013801	-0,018491
-0,010131	0,030193	0,006277
-0,014819	0,029904	0,017472
0,038902	0,027757	0,009193
0,020587	0,014540	0,020758
-0,007469	-0,019008	0,039592
-0,005975	-0,000838	0,025924
-0,013398	0,009852	0,066711
-0,019337	-0,003605	0,038050
-0,026004	-0,001919	0,005537
-0,043789	-0,019736	-0,025258
-0,064719	-0,007171	-0,018290
-0,036455	-0,009569	-0,018465
-0,004262	-0,017226	-0,026258
-0,029264	-0,035814	-0,039207
-0,033946	-0,047804	-0,016046
-0,049190	-0,052610	-0,007088
-0,047006	-0,010484	0,041254
-0,041438	-0,019874	0,020552
-0,040816	-0,043670	-0,032399
-0,083410	-0,030151	-0,024955
-0,050444	-0,027954	0,007807
-0,042272	0,001587	0,046468
-0,036686	-0,007361	0,008439
-0,015945	0,019978	0,044105
0,039917	0,015018	0,038152
0,098010	0,000527	0,046806
0,110012	0,051178	0,043194
0,079392	0,040943	0,018271
0,028076	0,053823	-0,039972
0,011926	0,020073	-0,025276
0,043062	-0,023211	0,021918
0,025831	-0,009951	-0,075361
-0,062648	-0,001246	-0,084227
-0,067355	0,005704	-0,060679
-0,063466	0,000731	-0,085885
-0,008634	-0,022402	-0,049555
-0,043297	-0,046657	-0,026240
-0,097845	-0,005722	-0,014291
-0,098394	-0,020850	0,016338
-0,072965	-0,024346	0,048508
-0,072740	-0,001276	0,044556
-0,047657	-0,040291	0,042346
0,003061	-0,007330	0,022378
0,070442	0,006587	0,036103
0,098492	-0,018681	0,029847
0,096982	0,008041	-0,003906
0,082383	0,018884	0,018909
0,080274	-0,000213	0,033316
0,092942	0,027601	0,052519
0,068604	0,065171	-0,015455
0,040528	0,006177	-0,022886
0,003687	0,018345	-0,064281
-0,053557	0,031913	-0,029403
-0,045714	0,031280	-0,043627
-0,061474	0,008739	-0,078005
-0,053964	-0,014078	-0,054738
-0,029768	-0,014132	-0,038041
-0,020934	-0,042909	0,022241
-0,027282	-0,021876	0,043647
-0,010338	0,028471	0,050238
0,008013	0,028514	0,050725
0,029397	-0,008793	0,022379
0,030219	0,032236	0,040889
0,015557	0,045894	0,038461
0,019147	0,030014	-0,009454
0,002867	0,051783	-0,003730
-0,013027	-0,011235	-0,030755
-0,035324	-0,022404	-0,083979
-0,056030	-0,014090	-0,035591
-0,085046	0,013630	0,013666
-0,052717	-0,022616	-0,045561
0,002834	-0,040127	-0,039330
-0,014969	-0,024436	-0,026666
-0,052198	-0,037737	0,025591
-0,046543	-0,011037	0,062612
-0,022867	-0,033731	0,051041
0,004692	-0,009749	0,004444
0,010455	0,000819	0,030374
0,000698	0,007357	0,035786
-0,010928	0,010671	0,038211
-0,001089	0,006632	0,018118
0,024996	0,020625	0,013530
0,006581	0,009799	0,020406
0,020585	-0,008446	-0,044014
0,009766	0,013349	-0,013178
-0,052514	0,037498	-0,005757
-0,046809	0,022344	-0,033341
-0,011580	0,010209	-0,041029
-0,005443	0,013917	0,015053
0,020548	0,002515	0,001508
0,057625	0,025950	0,006004
0,060467	-0,002225	0,003839
0,056992	-0,021897	0,017439
0,043677	-0,005067	0,038854
0,040679	-0,032777	0,027250
0,027758	-0,007069	0,011265
0,022206	0,012533	-0,017807
0,008195	0,010991	-0,015197
-0,016430	0,014543	-0,030358
0,013663	-0,002733	-0,033857
0,021465	0,001647	0,027492
0,007601	0,003234	-0,027799
-0,059996	-0,017530	0,016067
-0,058531	-0,018809	0,038708
-0,019054	-0,018881	0,011814
0,004862	-0,001701	-0,017368
-0,001848	0,017792	-0,005264
-0,021595	0,019031	-0,018579
0,014328	0,012343	0,009074
0,067968	0,000304	-0,031046
0,050542	-0,019874	-0,010469
0,014579	-0,025469	0,006945
-0,003669	0,013145	0,012258
-0,012505	0,010516	0,051945
0,009148	-0,011704	0,050174
0,050410	0,027990	0,025772
0,002986	0,020475	0,016797
-0,062735	-0,025758	-0,006680
-0,027203	-0,021571	-0,034079
0,001224	0,008610	0,013924
0,051736	0,025076	-0,006097
-0,000750	0,040178	-0,001045
