0,046689	-0,010218	-0,701629
-0,240371	-0,542562	-0,018298
-0,223900	-0,403398	0,137632
-0,196357	-0,281544	0,211620
-0,192522	-0,228104	0,266976
-0,171254	-0,172913	0,288288
-0,122636	-0,128747	0,255521
-0,060767	-0,088631	0,236020
-0,070635	-0,035480	0,156260
-0,067043	-0,011135	0,051265
-0,045981	-0,011789	-0,080619
-0,000383	-0,014216	-0,153558
0,053319	-0,009457	-0,173603
0,113529	-0,011398	-0,199210
0,150198	-0,011987	-0,189055
0,156548	-0,000020	-0,209667
0,161627	0,032553	-0,240512
0,129302	0,024126	-0,296804
0,125475	0,004933	-0,367680
0,152089	-0,013290	-0,400455
0,149442	-0,031701	-0,440065
0,146373	-0,078999	-0,495705
0,108480	-0,089053	-0,481805
0,060930	-0,107632	-0,353840
0,052564	-0,148361	-0,333829
0,034398	-0,136878	-0,305369
-0,000253	-0,075029	-0,331441
-0,054792	-0,036073	-0,540971
-0,020848	-0,088246	-0,576429
0,003427	-0,169230	-0,399852
-0,016411	-0,149751	-0,246139
-0,024616	-0,152357	-0,139452
-0,023526	-0,159239	-0,035903
-0,043723	-0,178148	0,070875
-0,044549	-0,181788	0,087352
-0,048090	-0,168417	0,096700
-0,064339	-0,154838	0,140556
-0,102228	-0,163140	0,131610
-0,121040	-0,221491	0,094753
-0,101617	-0,254756	0,092074
-0,087043	-0,274679	0,086111
-0,037078	-0,322221	0,127312
-0,003808	-0,348756	0,157392
-0,003047	-0,397755	0,207322
-0,070430	-0,417801	0,179261
-0,081247	-0,453955	0,134791
-0,078401	-0,513518	0,164339
-0,036866	-0,584155	0,245436
-0,027576	-0,639699	0,327550
-0,005777	-0,597953	0,317582
-0,031440	-0,614349	0,356531
-0,073993	-0,574805	0,472933
-0,106118	-0,552739	0,501894
-0,205561	-0,530302	0,458009
-0,310970	-0,516173	0,366407
-0,355087	-0,475182	0,299839
-0,264917	-0,460602	0,291580
-0,169795	-0,534155	0,440125
-0,132003	-0,565227	0,517774
-0,141039	-0,567111	0,444871
-0,134853	-0,534133	0,402821
-0,054257	-0,468481	0,481229
0,044705	-0,455229	0,456809
0,142063	-0,503050	0,366411
0,256350	-0,575780	0,298866
0,168691	-0,643546	0,197919
0,158891	-0,653692	0,034801
0,276515	-0,651286	-0,089005
0,289205	-0,633077	-0,148767
0,245732	-0,617558	-0,139132
0,214774	-0,675040	-0,050014
0,066472	-0,714336	-0,060128
-0,075142	-0,739059	-0,058638
-0,241120	-0,718616	0,032582
-0,247486	-0,633315	0,005960
-0,200857	-0,645519	0,027742
-0,189421	-0,644736	0,031776
-0,163024	-0,644121	0,149920
-0,160106	-0,523915	0,368936
-0,019870	-0,424882	0,550849
0,049229	-0,398328	0,430144
0,130362	-0,414427	0,409240
0,305400	-0,543187	0,476782
0,397543	-0,649076	0,382390
0,393694	-0,748142	0,167997
0,322621	-0,757486	0,007994
0,214994	-0,798481	-0,166945
0,134654	-0,856180	-0,396922
0,048348	-0,877437	-0,581857
0,015692	-0,956698	-0,725971
-0,071723	-0,996157	-0,778067
-0,157940	-0,950148	-0,713432
-0,213498	-0,943041	-0,586066
-0,160264	-0,863612	-0,336687
-0,206739	-0,807724	-0,027064
-0,298509	-0,707470	0,324076
-0,199537	-0,597580	0,589656
-0,056212	-0,582447	0,789681
0,014418	-0,624942	0,802204
0,071861	-0,609121	0,813187
0,086224	-0,628081	0,911047
0,086216	-0,672936	0,928032
0,007681	-0,615912	0,868841
-0,141340	-0,543487	0,890434
-0,316100	-0,531518	0,954645
-0,349608	-0,429999	0,907368
-0,201159	-0,338263	0,858047
-0,132192	-0,342436	0,787000
-0,055949	-0,262450	0,709091
-0,006453	-0,237731	0,710925
0,033143	-0,241906	0,640566
0,055238	-0,181074	0,527773
0,144752	-0,152513	0,347511
0,148358	-0,127759	0,058710
0,165622	-0,174998	-0,182878
0,214859	-0,249166	-0,366566
0,223596	-0,305644	-0,521182
0,223884	-0,327828	-0,610403
0,179107	-0,362824	-0,624310
0,171057	-0,347718	-0,682369
0,222087	-0,327015	-0,745090
0,169052	-0,307584	-0,847939
-0,004578	-0,259470	-0,838288
-0,213404	-0,207576	-0,785547
-0,296175	-0,140206	-0,690694
-0,368141	-0,113117	-0,601396
-0,403692	-0,084756	-0,403541
-0,389995	-0,053437	-0,251006
-0,341683	0,035778	-0,112695
-0,341340	0,134933	0,031463
-0,319044	0,193176	0,078808
-0,202562	0,171777	0,081235
-0,067237	0,132637	0,046800
0,072626	0,097491	0,046058
0,166316	0,071291	-0,065632
0,304476	0,004360	-0,177005
0,361379	-0,046317	-0,312063
0,391581	-0,071526	-0,515886
0,400411	-0,140545	-0,701930
0,368217	-0,172764	-0,839278
0,333831	-0,167898	-0,809325
0,228759	-0,140068	-0,822717
0,069043	-0,094818	-0,768306
-0,052029	-0,007861	-0,639547
-0,174741	0,059800	-0,486735
-0,248960	0,075611	-0,289791
-0,395494	0,114114	-0,127439
-0,553907	0,152583	0,007216
-0,615501	0,166121	0,156127
-0,545074	0,181737	0,263769
-0,360400	0,218181	0,410210
-0,143716	0,172628	0,457453
0,021978	0,136186	0,478023
0,093242	0,092665	0,507870
0,166524	0,086583	0,400546
0,262504	0,046281	0,273513
0,407293	-0,071191	0,047387
0,587273	-0,152717	-0,148846
0,680512	-0,213152	-0,282834
0,646887	-0,263418	-0,328745
0,415996	-0,278740	-0,384615
0,134555	-0,219159	-0,350782
-0,013987	-0,123606	-0,219335
-0,050447	-0,088350	-0,050016
-0,073878	-0,118568	0,185036
-0,086874	-0,079535	0,453534
-0,094401	0,019697	0,618528
-0,021896	0,045445	0,742857
0,073463	-0,010568	0,867234
0,134429	-0,091779	0,965760
0,181286	-0,108860	0,964149
0,147897	-0,072721	0,984880
0,067561	0,023232	0,945925
-0,049381	0,074128	0,840053
-0,134305	0,097609	0,735250
-0,186936	0,121190	0,592032
-0,183069	0,143876	0,408501
-0,177095	0,175428	0,285626
-0,193397	0,196848	0,237120
-0,229413	0,230257	0,254808
-0,207480	0,251247	0,288124
-0,054888	0,187594	0,248700
0,095909	0,096437	0,170225
0,147601	0,023525	0,086388
0,161172	-0,025236	0,067194
0,178742	-0,028807	0,048969
0,210022	0,027712	-0,005844
0,129712	0,047071	-0,021912
0,010874	0,079796	-0,035718
0,050838	0,104059	-0,031456
0,234128	0,091866	-0,047187
0,340525	0,142450	-0,153631
0,297322	0,276765	-0,303911
0,143046	0,369850	-0,368581
0,062728	0,540093	-0,382010
0,049218	0,625520	-0,304656
-0,178973	0,587562	-0,164232
-0,396963	0,610833	-0,039455
-0,411430	0,624653	-0,019114
-0,330096	0,511221	-0,128291
-0,288979	0,462603	-0,195528
-0,232136	0,475429	-0,242617
-0,201993	0,437802	-0,334877
-0,111789	0,451756	-0,385687
0,031235	0,459085	-0,265459
0,108301	0,409407	-0,169277
0,158467	0,388817	-0,074131
0,189029	0,402997	0,053708
0,187613	0,409543	0,079355
0,197014	0,392759	0,115192
0,222736	0,441575	0,085452
0,243313	0,502662	0,065493
0,186032	0,576422	-0,032835
0,031980	0,600005	-0,216857
-0,076882	0,629406	-0,250097
-0,128546	0,691232	-0,375334
-0,158379	0,755049	-0,554051
-0,189911	0,808983	-0,708512
-0,100220	0,920123	-0,746863
0,058691	0,935305	-0,660686
-0,022005	0,851674	-0,638694
-0,102833	0,810624	-0,637359
-0,090885	0,819922	-0,608532
-0,087075	0,828313	-0,557699
-0,152021	0,846525	-0,414556
-0,259520	0,864928	-0,406340
-0,336901	0,901683	-0,439036
-0,385402	0,998117	-0,358895
-0,400265	0,998640	-0,245930
-0,293393	0,917662	-0,195791
-0,160007	0,845226	-0,160454
0,010849	0,777694	-0,123578
0,148499	0,789746	-0,225278
0,230847	0,878879	-0,351645
0,280454	0,903262	-0,488177
0,343113	0,851894	-0,605068
0,395157	0,768661	-0,725388
0,469361	0,729858	-0,800574
0,538294	0,738074	-0,796563
0,412434	0,698674	-0,794306
0,238968	0,686308	-0,752278
0,068592	0,711851	-0,639176
-0,030356	0,760069	-0,539112
-0,062603	0,812035	-0,411185
-0,097006	0,833503	-0,262871
-0,125481	0,843010	-0,119306
-0,068781	0,836261	0,099916
-0,250398	0,716897	0,295412
-0,497193	0,688435	0,276551
-0,536622	0,677164	0,146546
-0,427381	0,675801	0,064564
-0,236558	0,672806	-0,072849
-0,062843	0,649329	-0,128189
0,068488	0,576934	-0,113086
0,121819	0,534325	-0,124954
0,146308	0,513654	-0,151672
0,190777	0,461680	-0,118469
0,290536	0,388497	-0,132117
0,390437	0,355805	-0,139214
0,388009	0,309546	-0,143939
0,346796	0,261040	-0,127602
0,277437	0,267255	-0,103986
0,177907	0,261692	-0,071702
0,057084	0,262027	-0,058314
-0,064465	0,265164	-0,071553
-0,146384	0,247568	-0,054374
-0,186053	0,242109	0,019709
-0,219716	0,205174	0,090462
-0,290690	0,225431	0,153778
-0,304378	0,265575	0,167078
-0,292343	0,290036	0,143232
-0,265478	0,278952	0,232384
-0,241118	0,246148	0,409051
-0,223534	0,268744	0,604011
-0,260236	0,259050	0,755181
-0,333640	0,255129	0,796638
-0,310968	0,259645	0,771392
-0,246858	0,276674	0,706176
-0,163013	0,235695	0,555358
-0,078690	0,177069	0,344689
0,020361	0,154107	0,167536
0,050762	0,106049	-0,015373
0,063595	0,100159	-0,162653
0,073862	0,047559	-0,230672
0,063875	-0,006960	-0,310954
0,053981	0,008800	-0,396248
0,067123	0,041512	-0,408929
0,078600	0,039911	-0,376948
0,086818	0,045344	-0,302511
0,113510	0,062130	-0,278410
0,103259	0,019064	-0,241880
0,014614	-0,021150	-0,161901
-0,014175	-0,007337	-0,022257
-0,001758	-0,048008	0,103825
0,023496	-0,034574	0,186478
0,015916	-0,042027	0,261230
0,017530	-0,079593	0,252088
0,102122	-0,094314	0,280198
0,210030	-0,109936	0,355360
0,187177	-0,106138	0,388682
0,170811	-0,110777	0,378939
0,123245	-0,111595	0,331874
0,096680	-0,082574	0,281784
0,096497	-0,062227	0,178503
0,112634	-0,052662	0,129387
0,104463	-0,038297	0,090106
0,048146	-0,009568	-0,028464
-0,026608	0,010546	-0,097478
-0,005002	0,012257	-0,106706
0,021853	-0,043820	-0,181141
-0,012205	-0,013987	-0,234928
-0,040416	0,016582	-0,198477
-0,038070	0,036251	-0,125261
-0,065893	0,052938	-0,070521
-0,070915	0,050017	-0,023861
-0,026080	0,045763	0,036453
0,002122	0,052882	0,094287
0,034253	0,034652	0,090750
0,056138	0,021020	0,111870
0,064063	0,028303	0,116315
0,098174	-0,001296	0,088254
0,126428	-0,046056	0,099339
0,126032	-0,075151	0,082339
0,139132	-0,097462	0,113760
0,095985	-0,089468	0,138896
0,015497	-0,079228	0,065145
0,023896	-0,054765	0,027214
0,007618	-0,049562	0,074445
-0,090634	-0,043482	0,139048
-0,136667	-0,033821	0,194551
-0,230000	-0,002167	0,184377
-0,253910	-0,016089	0,170487
-0,247183	-0,022454	0,115321
-0,240837	0,030877	0,098958
-0,225238	0,052473	0,138541
-0,223281	0,069749	0,184576
-0,173840	0,076868	0,144780
-0,132370	0,050960	0,066031
-0,048438	0,035983	0,029840
0,004353	-0,016221	0,072712
-0,014718	-0,014894	0,027530
0,099321	0,029260	-0,017246
0,162770	0,039692	-0,001346
0,129264	0,017386	0,037229
0,122564	-0,027266	0,010630
0,105705	-0,079271	-0,057573
0,127667	-0,092152	-0,039357
0,132773	-0,124478	-0,057340
0,146441	-0,100535	-0,094724
0,155470	-0,098629	-0,116954
0,153100	-0,081772	-0,185506
0,150251	-0,084570	-0,175212
0,113499	-0,071489	-0,188057
0,073563	-0,068690	-0,172467
0,011926	-0,028133	-0,101584
-0,071868	0,020584	-0,063066
-0,123571	0,011683	-0,047585
-0,186003	0,007429	-0,046686
-0,204356	0,013609	-0,032564
-0,193173	0,012804	0,040990
-0,200497	0,064833	0,117069
-0,200620	0,049950	0,189420
-0,169127	0,020807	0,229112
-0,140086	0,001313	0,265650
-0,142709	0,025953	0,301582
-0,084480	0,047581	0,368634
-0,017791	0,039981	0,398337
0,005884	0,001333	0,432634
0,053548	-0,029573	0,346107
0,054325	-0,058143	0,203143
-0,011118	-0,056085	0,090689
-0,077852	-0,089875	-0,023213
-0,038343	-0,071900	-0,178507
0,145546	-0,046986	-0,258687
0,200714	-0,011734	-0,268241
0,096399	-0,044825	-0,245233
-0,033965	-0,039693	-0,256525
-0,102831	0,006551	-0,215755
-0,072695	-0,016781	-0,172604
-0,043788	0,001895	-0,169687
-0,000558	0,047488	-0,121382
-0,012885	0,038942	-0,109557
-0,058196	0,051271	-0,093395
-0,056140	0,016115	-0,029697
-0,104287	0,021510	0,037534
-0,086298	0,025826	0,070250
-0,082442	0,013007	0,116527
-0,019029	0,020940	0,167928
0,049901	0,056010	0,203288
0,043742	0,019906	0,198068
0,052242	0,007307	0,187189
0,060946	-0,030544	0,176558
0,017153	-0,021554	0,156578
0,045326	0,006694	0,128131
0,055414	-0,060721	0,079519
0,060603	-0,051458	-0,004377
0,104037	-0,064152	-0,104063
0,108119	-0,082926	-0,219236
0,093209	-0,080696	-0,314257
0,093720	-0,046368	-0,356752
0,104664	-0,062949	-0,435755
0,110538	-0,073345	-0,467354
0,091311	-0,071127	-0,462946
0,051015	-0,047319	-0,409627
0,010172	-0,012001	-0,341105
0,004305	-0,001935	-0,297786
0,006313	-0,011130	-0,225778
-0,024637	0,010249	-0,125080
-0,057051	0,030232	-0,033023
-0,045641	0,042374	0,073179
-0,076735	0,033899	0,142820
-0,105443	0,029988	0,207151
-0,128410	0,022086	0,219347
-0,096026	-0,002448	0,199428
-0,041384	0,041132	0,234237
0,008067	0,027169	0,278369
0,024655	0,002582	0,264834
-0,006131	0,011636	0,256875
-0,003953	-0,004094	0,284039
0,063879	-0,005192	0,269370
0,036735	-0,037674	0,195379
0,031305	-0,009070	0,147685
0,016426	-0,006292	0,059725
-0,000263	-0,107512	0,206764
-0,005008	-0,149218	0,167315
-0,030813	-0,100221	0,095547
-0,027531	-0,034205	0,124326
-0,043094	-0,023531	0,126279
-0,073733	-0,006374	0,129746
-0,034084	0,015006	0,095179
0,011038	0,020623	0,096260
0,026067	-0,014141	0,041571
0,008402	-0,012277	-0,019417
0,001937	0,055303	-0,032770
-0,052088	0,081595	-0,045369
-0,064656	0,031755	-0,096635
-0,102482	0,037855	-0,085926
-0,149979	0,063805	-0,084061
-0,149670	0,043377	-0,066297
-0,081431	0,044284	-0,023350
0,003813	0,035427	0,082834
0,084447	-0,003263	0,134273
0,117362	-0,047630	0,132308
0,137945	-0,038104	0,127880
0,127592	-0,062087	0,050583
0,130809	-0,053491	-0,054345
0,093148	-0,087812	-0,089436
0,023762	-0,156444	-0,337784
0,166495	-0,122274	-0,464636
0,263445	-0,063347	-0,391826
0,179152	-0,021942	-0,346017
0,081066	-0,042456	-0,326618
0,005478	-0,097173	-0,203836
-0,054041	-0,098808	-0,112312
-0,040352	-0,058929	-0,098468
0,000275	-0,022254	-0,120913
0,032788	-0,040789	-0,050758
-0,018789	-0,001979	-0,003253
-0,064824	0,010868	0,079759
-0,124649	0,030716	0,116480
-0,171546	0,047559	0,152559
-0,164043	0,034214	0,179505
-0,160922	0,055154	0,219264
-0,117251	0,066145	0,277877
-0,067946	0,032799	0,296044
-0,054357	0,000385	0,301960
-0,069340	-0,040866	0,285624
-0,056424	0,004648	0,232331
0,004653	0,005635	0,171497
0,037243	-0,001229	0,122830
0,077683	-0,055573	0,075278
0,079382	-0,051160	0,039153
0,065422	-0,036143	0,024621
0,060956	-0,055734	0,030231
0,046848	-0,051289	0,007901
0,019278	-0,004642	0,000584
-0,004683	-0,004666	0,000467
-0,051634	0,015420	-0,053264
-0,022155	-0,000115	-0,145077
0,082838	0,029595	-0,182138
0,141929	0,018891	-0,172529
0,115448	-0,014574	-0,105467
0,024365	-0,018373	-0,082457
-0,056167	-0,007033	-0,036278
-0,088977	0,000123	0,015033
-0,052993	0,001050	0,002456
-0,037609	0,015208	0,000048
-0,010922	0,021749	0,025892
0,013284	0,008781	0,002513
-0,011395	-0,011176	-0,014261
-0,079037	-0,034795	-0,019074
-0,095786	-0,027836	-0,026758
-0,061309	-0,020352	0,056170
-0,013610	-0,035435	0,153151
0,026465	-0,064749	0,164660
0,022124	-0,062334	0,126943
-0,002406	-0,045070	0,040262
0,082353	-0,045638	0,001570
0,092689	-0,067150	0,037645
0,062664	-0,065219	0,049269
0,012778	-0,048342	0,045164
-0,005097	-0,056875	0,014097
0,015075	-0,069438	-0,043312
0,021630	-0,027780	-0,064337
