0,511185	1,095337	9,363022
0,519562	1,201874	9,614410
0,553085	1,267715	9,759262
0,489639	1,217438	9,847839
0,426193	1,207855	9,831085
0,434570	1,277298	9,896927
0,561462	1,308411	10,003464
0,653641	1,296448	10,052551
0,739838	1,306015	10,062119
0,798492	1,367081	10,057343
0,835602	1,417358	9,951996
0,810471	1,468826	9,839462
0,908630	1,441299	9,702988
0,980453	1,442490	9,537796
0,972076	1,481995	9,384567
0,930176	1,484390	9,263657
0,900253	1,508331	9,272034
0,905029	1,551422	9,280411
0,936157	1,511917	9,322311
0,986435	1,534668	9,373795
1,013977	1,507141	9,408508
1,048691	1,511917	9,404922
1,034317	1,519104	9,427658
0,963699	1,539459	9,426468
0,906235	1,465240	9,455200
0,888275	1,429321	9,504272
0,855957	1,452072	9,550964
0,762573	1,464035	9,505478
0,778137	1,435303	9,499481
0,733856	1,426926	9,489914
0,653641	1,391022	9,500687
0,638077	1,344330	9,462372
0,706314	1,290466	9,579697
0,895462	1,270111	9,826294
1,113327	1,295242	10,031006
1,233047	1,353912	10,095642
1,262970	1,418549	10,151901
1,405426	1,413757	10,177048
1,630478	1,431717	10,013046
1,793289	1,470032	9,718552
1,813629	1,511917	9,292389
1,738220	1,566986	8,908127
1,747787	1,635223	8,687851
1,775330	1,613678	8,655533
1,903412	1,647202	8,806366
2,018341	1,690292	8,904526
2,079391	1,638809	8,915298
2,072205	1,656769	9,024231
2,152420	1,675919	9,175079
2,195511	1,685501	9,443222
2,179947	1,608887	9,651520
2,051865	1,538254	9,755661
1,920181	1,543045	9,847839
1,716675	1,612473	9,978333
1,612518	1,638809	10,038177
1,658005	1,568192	10,173462
1,778915	1,532272	10,279999
1,869904	1,547836	10,341049
1,957291	1,572968	10,287186
2,043472	1,544250	10,135147
2,021927	1,568192	10,141129
2,029114	1,499954	10,189011
2,057846	1,517914	10,268021
2,145233	1,623260	10,359009
2,370285	1,649582	10,457169
2,622879	1,578964	10,436813
2,742584	1,580154	10,221344
2,827576	1,566986	10,062119
2,779694	1,660370	10,020233
2,758148	1,837540	9,942413
2,760544	1,844711	9,738907
2,786880	1,763321	9,511459
2,706665	1,838730	9,365417
2,564224	1,966827	9,413300
2,566605	1,964432	9,515045
2,686325	1,862671	9,572510
2,833572	1,805206	9,595261
2,940109	1,860275	9,722153
3,031082	1,905762	9,753265
3,138824	1,896194	9,711380
3,222626	1,837540	9,843048
3,190308	1,812393	10,027405
3,082565	1,847107	10,264435
2,938904	1,881821	10,473923
2,852722	1,893799	10,555328
2,856308	1,857880	10,599625
2,876663	1,823166	10,653488
2,985596	1,817184	10,672653
3,046646	1,855484	10,758835
3,119675	1,909363	10,962341
3,165161	1,968018	11,138321
3,159180	1,970413	11,238876
3,135239	2,056610	11,247253
3,114883	2,200256	11,111984
3,155579	2,286453	10,933609
3,311203	2,275681	10,766022
3,502747	2,244553	10,709763
3,603302	2,263702	10,679825
3,664352	2,353485	10,588852
3,767303	2,353485	10,473923
3,840332	2,455231	10,390137
3,973206	2,594101	10,216553
4,127625	2,687469	10,020233
4,189880	2,722198	9,814331
4,191071	2,731766	9,598846
4,074951	2,780853	9,555756
4,018692	2,880203	9,556946
4,041443	2,954422	9,738907
4,091721	2,975983	9,870590
4,034256	3,003510	9,911285
3,944473	3,019073	9,936432
3,967224	3,083710	9,920868
3,951660	3,168716	9,925659
3,938492	3,063370	10,026215
4,027069	2,986755	10,060928
3,987564	3,104065	10,258453
3,946869	3,214203	10,417664
3,988770	3,250107	10,291962
4,110870	3,162720	10,157898
4,290436	3,207016	10,325485
4,396973	3,320740	10,740875
4,225800	3,417709	10,874954
3,977997	3,405731	10,737289
3,774490	3,438065	10,475128
3,586548	3,471573	10,244080
3,505142	3,548187	10,034592
3,453659	3,676285	9,884949
3,538651	3,670288	9,859818
3,640411	3,758881	9,819107
3,714630	3,861832	9,643143
3,841522	3,922882	9,486313
3,940887	3,965973	9,161911
3,985168	4,021042	8,909317
3,961227	4,074921	8,874603
3,955246	4,098862	8,900940
3,897781	4,112030	8,838684
3,786453	4,195816	8,801575
3,764908	4,283218	8,984741
3,762512	4,345459	9,073318
3,754135	4,400528	9,024231
3,612885	4,424469	8,872208
3,484787	4,531006	8,691437
3,465637	4,562134	8,636383
3,435699	4,606430	8,750107
3,400986	4,632767	8,793198
3,380646	4,653122	8,859039
3,456055	4,641144	8,878189
3,441696	4,672272	8,811157
3,300430	4,716568	8,478363
2,954468	4,592056	7,942062
2,105728	4,108429	6,609680
-0,298050	4,052170	5,079788
-1,474808	5,280396	6,794037
1,574219	5,843033	10,563705
3,655975	5,341446	12,171417
3,432114	4,999084	11,551315
3,507538	5,027802	10,299149
3,909760	4,902115	9,066132
4,232971	4,525024	8,517868
4,426910	4,675858	8,809952
4,528656	5,215759	8,811157
4,623230	5,414474	8,078522
4,734558	5,283981	7,221405
4,673508	5,318710	6,924530
4,701050	5,467148	7,275269
4,784836	5,614380	7,737350
4,685486	5,799942	8,223373
4,313187	5,992676	8,206619
3,839127	6,118362	7,888184
3,618866	6,094421	7,593704
3,525482	6,174637	7,581726
3,412964	6,319473	7,772064
3,339935	6,339828	7,883408
3,232193	6,509811	8,013885
3,203476	6,696564	7,933685
3,270508	6,752823	7,289642
3,331558	6,713333	6,533066
3,603302	6,730087	6,165558
3,900177	6,794724	6,007538
3,963623	6,856979	6,024307
3,919342	6,908447	6,317596
3,776886	6,985062	6,473221
3,524292	7,098785	6,462448
3,266922	7,164627	6,384628
3,110092	7,109573	6,189499
2,862289	7,117950	5,997971
2,595337	7,309479	5,641235
2,555832	7,399261	5,352737
2,669556	7,280746	5,207886
2,639633	7,287933	5,107330
2,511551	7,414825	4,909805
2,583374	7,539322	4,744598
2,522324	7,629105	4,577011
2,324799	7,642273	4,383072
2,195511	7,618332	4,323227
2,188324	7,591995	4,342377
2,142838	7,675797	4,447723
2,082977	7,752411	4,380692
1,927353	7,727264	4,260971
1,752579	7,682983	4,293289
1,592178	7,667419	4,319626
1,386276	7,722488	4,286118
1,270157	7,778748	4,268158
1,204315	7,809875	4,150833
1,102554	7,844589	4,014374
0,873917	7,891266	3,783325
0,585403	7,939163	3,454132
0,329224	7,931976	3,170410
0,069458	7,902054	3,063873
-0,219040	7,936768	3,045914
-0,387833	7,946335	3,021973
-0,478806	7,924789	2,886703
-0,503952	7,928391	2,753830
-0,532684	8,025345	2,650879
-0,524307	8,001404	2,544327
-0,539871	7,979858	2,307312
-0,669159	8,058868	1,925430
-0,839142	8,097168	1,544754
-0,922943	8,039719	1,317307
-1,004333	8,013382	1,317307
-1,078568	8,052887	1,293365
-1,235382	8,062454	1,374771
-1,404175	8,042114	1,593826
-1,533463	8,055283	1,788956
-1,696259	8,084000	1,829666
-1,830338	8,037323	1,784180
-2,012299	7,989441	1,717133
-2,200241	7,979858	1,666855
-2,357071	7,996613	1,650101
-2,378616	7,954712	1,538773
-2,319962	7,890076	1,245483
-2,272064	7,823044	0,917465
-2,244537	7,736847	0,693619
-2,291229	7,650650	0,620590
-2,434875	7,635086	0,603836
-2,710205	7,620728	0,596649
-3,004700	7,574036	0,675659
-3,172287	7,491440	0,737900
-3,268051	7,451935	0,763046
-3,393753	7,469894	0,622986
-3,471558	7,413635	0,494888
-3,578110	7,401657	0,244705
-3,699020	7,460312	-0,085693
-3,701416	7,462708	-0,225754
-3,574509	7,511795	-0,298782
-3,438049	7,565659	-0,164703
-3,331497	7,571640	0,039993
-3,253693	7,578827	0,162094
-3,226166	7,617142	0,268646
-3,276443	7,632706	0,369202
-3,432068	7,771561	0,630173
-3,463181	7,773956	1,040771
-3,365021	7,693756	1,457367
-3,414108	7,806274	1,923035
-3,410507	7,906830	2,227097
-3,262070	7,930771	2,313293
-3,082504	7,983444	2,336029
-3,014267	7,965500	2,167252
-3,031036	7,908035	1,828461
-3,211792	7,843384	1,431030
-3,485931	7,827820	1,195206
-3,694229	7,856552	1,256256
-3,840271	7,861343	1,508835
-3,999481	7,910431	1,718338
-4,107224	7,973877	1,799728
-4,167084	7,894867	1,627350
-4,120392	7,829025	1,274200
-3,964767	7,829025	0,991699
-3,916885	7,769165	0,698395
-3,858231	7,715302	0,466171
-3,763657	7,711700	0,134567
-3,679855	7,724869	-0,259277
-3,738525	7,779938	-0,509476
-3,806747	7,748825	-0,529831
-3,981537	7,733261	-0,332306
-4,218552	7,748825	-0,153931
-4,436432	7,702133	0,018448
-4,643524	7,655441	0,026825
-4,819504	7,606369	-0,138367
-4,894913	7,584808	-0,291595
-4,839859	7,540527	-0,442429
-4,813522	7,492645	-0,517853
-4,896118	7,430389	-0,532211
-5,062515	7,407639	-0,468765
-5,257645	7,455536	-0,150345
-5,491074	7,466309	0,218369
-5,627548	7,357361	0,480530
-5,804718	7,253220	0,704391
-5,901672	7,110764	0,819305
-5,898087	7,052109	0,838455
-5,753235	6,897675	0,685226
-5,579666	6,841415	0,508057
-5,345032	6,833038	0,259064
-5,108002	6,839020	-0,015076
-5,011032	6,824661	-0,321533
-4,929626	6,695374	-0,486725
-5,106812	6,654663	-0,495102
-5,377350	6,616364	-0,446030
-5,664658	6,552917	-0,256882
-6,013016	6,508621	-0,029434
-6,354187	6,479889	0,127380
-6,540939	6,393707	0,312943
-6,673813	6,303925	0,408707
-6,739655	6,303925	0,438629
-6,807892	6,305115	0,400330
-6,819855	6,224915	0,330887
-6,765991	6,151886	0,372787
-6,889282	6,193787	0,272232
-7,038925	6,221313	0,146545
-7,060471	6,143509	0,165695
-7,049698	6,132736	0,158508
-7,061676	6,203354	0,062744
-6,946747	6,202164	-0,173080
-6,754013	6,135132	-0,487930
-6,587616	6,094421	-0,649536
-6,487061	6,057312	-0,756073
-6,426010	6,016617	-0,814728
-6,420029	5,973511	-0,836288
-6,495438	5,962738	-0,778824
-6,524170	5,944794	-0,689041
-6,595993	5,914856	-0,584885
-6,661835	5,870560	-0,419693
-6,722885	5,832260	-0,236526
-6,827042	5,797546	-0,072525
-6,861755	5,791565	-0,059357
-6,915619	5,731705	0,049576
-6,965897	5,663467	0,142944
-6,981461	5,680222	0,206390
-6,861755	5,669449	0,170486
-6,759995	5,634735	0,113022
-6,731277	5,567703	0,029221
-6,743240	5,558121	-0,034225
-6,794724	5,534180	0,075912
-6,870132	5,529388	0,201599
-6,959915	5,526993	0,249496
-7,044907	5,488693	0,255478
-7,190964	5,546158	0,201599
-7,311859	5,570099	0,208786
-7,316650	5,542557	0,122589
-7,267578	5,501862	-0,073730
-7,228073	5,516220	-0,370605
-7,199341	5,506653	-0,681854
-7,141876	5,481506	-0,917679
-7,110748	5,426437	-0,966766
-7,171799	5,398911	-0,984726
-7,214905	5,347427	-0,812332
-7,232849	5,298355	-0,611221
-7,249619	5,254059	-0,417297
-7,315460	5,238495	-0,303574
-7,352570	5,134354	-0,188644
-7,340591	5,108017	-0,126404
-7,342987	5,113998	-0,085693
-7,350174	5,069702	-0,030640
-7,275955	5,021820	-0,068939
-7,173004	4,914078	-0,192245
-7,129898	4,856628	-0,189850
-7,219681	4,887741	-0,363434
-7,357361	4,915283	-0,529831
-7,376511	4,803955	-0,489120
-7,429184	4,752472	-0,534607
-7,618317	4,781204	-0,692627
-7,679367	4,772827	-0,839874
-7,807465	4,791977	-0,881775
-7,852951	4,729736	-0,821915
-7,873306	4,687836	-0,724945
-7,941544	4,685440	-0,690231
-7,957108	4,698608	-0,756073
-8,001389	4,635162	-0,848251
-8,016953	4,511856	-0,939240
-8,012161	4,447220	-0,882965
-8,028931	4,468765	-0,789597
-8,069626	4,486725	-0,801559
-8,067230	4,410110	-0,827896
-8,152237	4,357437	-0,867401
-8,196518	4,280823	-0,839874
-8,259964	4,231735	-0,920074
-8,335388	4,167099	-0,896133
-8,365311	4,147934	-0,842270
-8,467072	4,096466	-0,722549
-8,518539	4,034210	-0,582489
-8,526917	4,036606	-0,526230
-8,543686	3,962387	-0,593277
-8,609528	3,919296	-0,687836
-8,670578	3,858246	-0,757278
-8,767532	3,780426	-0,760864
-8,854935	3,782822	-0,750092
-8,888443	3,742126	-0,778824
-8,847748	3,648743	-0,905716
-8,887253	3,599670	-0,952393
-8,754364	3,487137	-0,938034
-8,705292	3,445236	-0,839874
-8,737610	3,436859	-0,678268
-8,786697	3,405731	-0,587280
-8,834579	3,402145	-0,502289
-8,851334	3,357849	-0,356247
-8,890839	3,276443	-0,333496
-8,911194	3,257294	-0,441238
-8,913589	3,254898	-0,572922
-8,971054	3,230957	-0,696228
-8,992599	3,238144	-0,800369
-8,977036	3,223770	-0,910507
-9,044067	3,223770	-0,941620
-9,111115	3,221390	-0,978729
-9,153000	3,215393	-1,045776
-9,164978	3,254898	-1,165482
-9,205673	3,274048	-1,201401
-9,223633	3,226166	-1,127182
-9,208069	3,210602	-1,018234
-9,221237	3,253708	-0,899734
-9,176941	3,245331	-0,869797
-9,138641	3,172302	-0,941620
-9,129059	3,145966	-1,055344
-9,125473	3,144775	-1,104431
-9,130264	3,159134	-1,057739
-9,095551	3,145966	-0,918884
-9,109909	3,209412	-0,817123
-9,174561	3,235748	-0,940430
-9,117096	3,147156	-0,954788
-9,059631	3,189056	-0,926071
-8,993790	3,228561	-1,023026
-8,953094	3,214203	-1,152313
-8,927948	3,210602	-1,260056
-8,983017	3,256104	-1,297165
-8,990204	3,281235	-1,220551
-9,103928	3,329117	-1,140350
-9,141037	3,308777	-1,102036
-9,147018	3,350662	-0,966766
-9,150604	3,361450	-0,837479
-9,151810	3,376999	-0,799164
-9,065613	3,392563	-0,764450
-8,977036	3,391373	-0,793182
-8,844147	3,414124	-0,886566
-8,662201	3,411728	-1,011063
-8,610718	3,464401	-1,082886
-8,541290	3,489532	-0,973953
-8,524521	3,505096	-0,841064
-8,498184	3,542206	-0,733337
-8,530518	3,597275	-0,751282
-8,540085	3,560165	-0,806351
-8,511353	3,554184	-0,788391
-8,483826	3,570938	-0,833893
-8,537689	3,575729	-0,958389
-8,514954	3,590088	-1,057739
-8,493408	3,648743	-1,063736
-8,560440	3,659515	-1,026627
-8,604736	3,603256	-0,973953
-8,662201	3,639175	-0,854233
-8,670578	3,682266	-0,656723
-8,711273	3,715790	-0,629181
-8,687332	3,737335	-0,709381
-8,659805	3,712189	-0,784805
-8,668182	3,645157	-0,837479
-8,581985	3,588898	-0,842270
-8,577194	3,591293	-0,793182
-8,591568	3,639175	-0,718964
-8,568817	3,615234	-0,621994
-8,610718	3,570938	-0,486725
-8,596359	3,572128	-0,437653
-8,540085	3,532623	-0,434052
-8,550858	3,513474	-0,546585
-8,516144	3,494324	-0,650726
-8,536499	3,494324	-0,727341
-8,486221	3,475174	-0,791992
-8,449112	3,470383	-0,884171
-8,446716	3,499115	-0,958389
-8,473053	3,445236	-1,079300
-8,492203	3,391373	-1,184631
-8,524521	3,393768	-1,171463
-8,573608	3,424896	-1,055344
-8,632263	3,366226	-0,966766
-8,759155	3,372223	-0,867401
-8,862106	3,357849	-0,732132
-8,957886	3,326721	-0,624390
-8,963867	3,288422	-0,514267
-8,923157	3,257294	-0,414902
-8,924362	3,264481	-0,465179
-8,932739	3,244125	-0,621994
-8,868103	3,207016	-0,715378
-8,834579	3,190262	-0,727341
-8,827393	3,242935	-0,772842
-8,847748	3,288422	-0,902115
-8,917175	3,252502	-1,044571
-8,921967	3,268066	-1,060135
-8,894424	3,306381	-0,996689
-8,911194	3,326721	-0,926071
-8,939926	3,327927	-0,909302
-9,033295	3,292007	-0,928452
-9,012939	3,275253	-0,960785
-8,963867	3,247726	-0,955994
-8,931549	3,218994	-0,898529
-8,881271	3,272858	-0,800369
-8,883652	3,293213	-0,775223
-8,887253	3,218994	-0,768051
-8,878876	3,246521	-0,735718
-8,836975	3,253708	-0,692627
-8,779510	3,265671	-0,645935
-8,765152	3,282440	-0,677063
-8,828598	3,295609	-0,702209
-8,862106	3,305176	-0,753677
-8,936325	3,353058	-0,807556
-8,902817	3,339890	-0,898529
-8,841766	3,343491	-0,859024
-8,799866	3,380600	-0,818329
-8,787888	3,386581	-0,821915
-8,829788	3,441650	-0,856628
-8,894424	3,465591	-0,938034
-8,909988	3,412918	-0,871002
-8,937531	3,386581	-0,805161
-8,936325	3,441650	-0,763260
-8,838165	3,421295	-0,690231
-8,767532	3,427277	-0,569321
-8,722046	3,405731	-0,587280
-8,665787	3,408127	-0,614822
-8,650223	3,409332	-0,630386
-8,590363	3,457214	-0,633972
-8,586777	3,493118	-0,645935
-8,571213	3,457214	-0,689041
-8,601135	3,452423	-0,678268
-8,707687	3,497910	-0,618408
-8,780701	3,502701	-0,577713
-8,772324	3,469177	-0,565735
-8,796265	3,485947	-0,533417
-8,763947	3,500305	-0,611221
-8,707687	3,483551	-0,715378
-8,695709	3,482346	-0,709381
-8,720856	3,466782	-0,762054
-8,785492	3,505096	-0,855438
-8,838165	3,505096	-0,932053
-8,842957	3,511078	-0,915283
-8,811829	3,502701	-0,839874
-8,768738	3,489532	-0,817123
-8,722046	3,518265	-0,856628
-8,737610	3,511078	-0,893738
-8,750778	3,458405	-0,856628
-8,740005	3,493118	-0,678268
-8,689728	3,500305	-0,604050
-8,629868	3,439255	-0,575317
-8,634659	3,427277	-0,588486
-8,592758	3,428482	-0,566940
-8,602341	3,442841	-0,497498
-8,645432	3,477570	-0,539398
-8,656204	3,460800	-0,576508
-8,711273	3,453613	-0,672272
-8,736420	3,488342	-0,734528
-8,735214	3,477570	-0,777618
-8,826202	3,513474	-0,842270
-8,851334	3,503891	-0,988312
-8,854935	3,505096	-1,003876
-8,859711	3,511078	-0,891342
-8,832184	3,554184	-0,821915
-8,840561	3,564957	-0,873398
-8,838165	3,533829	-0,932053
-8,756760	3,514679	-0,882965
-8,671768	3,508682	-0,786011
-8,637054	3,502701	-0,727341
-8,675369	3,500305	-0,698608
-8,653809	3,527847	-0,599258
-8,603531	3,533829	-0,466370
-8,580795	3,491928	-0,338287
-8,577194	3,521851	-0,264069
-8,598755	3,536224	-0,261673
-8,652618	3,520660	-0,302368
-8,711273	3,505096	-0,304764
-8,854935	3,538620	-0,351456
-8,919571	3,575729	-0,454407
-8,850143	3,591293	-0,517853
-8,807037	3,653534	-0,614822
-8,778320	3,610443	-0,939240
-8,628677	3,594879	-1,287582
-8,510162	3,649948	-1,245697
-8,522141	3,681076	-1,157104
-8,564026	3,690643	-1,169083
-8,664581	3,684662	-1,167877
-8,783096	3,727753	-1,130768
-8,824997	3,683456	-0,965561
-8,811829	3,664307	-0,774033
-8,761551	3,702621	-0,643555
-8,680145	3,669098	-0,570526
-8,607132	3,679871	-0,599258
-8,523331	3,699020	-0,595657
-8,496994	3,688248	-0,654327
-8,451508	3,673889	-0,753677
-8,464676	3,715790	-0,821915
-8,512558	3,728958	-0,863815
-8,571213	3,731354	-0,941620
-8,604736	3,713394	-0,942825
-8,626282	3,768463	-0,909302
-8,669373	3,792404	-0,875778
-8,700500	3,782822	-0,848251
-8,711273	3,790009	-0,890152
-8,694519	3,779236	-0,861420
-8,720856	3,768463	-0,721359
-8,696915	3,773239	-0,723755
-8,629868	3,743317	-0,795578
-8,608322	3,760071	-0,783615
-8,543686	3,748108	-0,775223
-8,499390	3,740921	-0,769241
-8,488617	3,733749	-0,693832
-8,433548	3,725357	-0,705795
-8,427567	3,726562	-0,738113
-8,455093	3,678680	-0,765656
-8,475449	3,710999	-0,718964
-8,605927	3,762466	-0,712982
-8,683746	3,764862	-0,698608
-8,699310	3,739731	-0,659103
-8,756760	3,761276	-0,687836
-8,796265	3,782822	-0,740509
-8,763947	3,779236	-0,813538
-8,741196	3,739731	-0,789597
-8,698105	3,654739	-0,774033
-8,694519	3,634384	-0,771637
-8,701706	3,663116	-0,784805
-8,662201	3,575729	-0,788391
-8,621490	3,552979	-0,787201
-8,650223	3,576920	-0,667496
-8,644241	3,542206	-0,642349
-8,613113	3,503891	-0,627991
-8,626282	3,473969	-0,612427
-8,710083	3,495514	-0,635162
-8,725647	3,518265	-0,696228
-8,714874	3,517059	-0,657913
-8,710083	3,561356	-0,630386
-8,689728	3,567352	-0,624390
-8,754364	3,585297	-0,711777
-8,771133	3,637970	-0,820724
-8,791489	3,681076	-0,911697
-8,793869	3,702621	-0,896133
-8,783096	3,685852	-0,867401
-8,668182	3,631989	-0,969162
-8,604736	3,740921	-1,009857
-8,712479	3,788803	-0,955994
-8,766342	3,743317	-0,868607
-8,792679	3,769653	-0,772842
-8,817810	3,812744	-0,750092
-8,781906	3,803177	-0,759674
-8,657410	3,798386	-0,845856
-8,622696	3,816345	-0,888947
-8,577194	3,810364	-0,915283
-8,516144	3,800781	-0,862625
-8,552063	3,836685	-0,729736
-8,554459	3,819931	-0,712982
-8,542480	3,788803	-0,678268
-8,585587	3,813950	-0,655518
-8,614304	3,755295	-0,692627
-8,598755	3,763672	-0,683060
-8,590363	3,815140	-0,659103
-8,591568	3,799576	-0,697418
-8,578400	3,792404	-0,764450
-8,570023	3,787613	-0,849457
-8,544876	3,790009	-0,899734
-8,570023	3,781631	-0,921280
-8,628677	3,798386	-0,897339
-8,795074	3,805573	-0,995499
-8,766342	3,809158	-1,108017
-8,713669	3,780426	-0,952393
-8,663391	3,744522	-0,704605
-8,663391	3,827118	-0,631577
-8,650223	3,801971	-0,728546
-8,608322	3,748108	-0,745300
-8,577194	3,688248	-0,734528
-8,607132	3,691849	-0,660309
-8,637054	3,725357	-0,654327
-8,665787	3,720581	-0,693832
-8,663391	3,725357	-0,693832
-8,684937	3,738525	-0,624390
-8,671768	3,714584	-0,577713
-8,729233	3,670288	-0,637558
-8,724442	3,684662	-0,666290
-8,734024	3,635574	-0,716568
-8,707687	3,588898	-0,663895
-8,694519	3,566147	-0,564545
-8,750778	3,596069	-0,608826
-8,675369	3,541016	-0,695023
-8,647827	3,497910	-0,687836
-8,599945	3,487137	-0,630386
-8,599945	3,479950	-0,532211
-8,672974	3,476364	-0,563339
-8,735214	3,397354	-0,580109
-8,719650	3,463196	-0,581299
-8,771133	3,436859	-0,538208
-8,777115	3,351868	-0,455597
-8,517349	3,349472	-0,483139
-8,452698	3,450027	-0,635162
-8,639450	3,460800	-0,757278
-8,750778	3,423691	-0,759674
-8,785492	3,423691	-0,650726
-8,904007	3,514679	-0,550171
-8,988998	3,551788	-0,489120
-9,094345	3,585297	-0,450821
-9,103928	3,614029	-0,441238
-9,182938	3,628403	-0,411316
-9,139832	3,660721	-0,413712
-9,087158	3,679871	-0,440048
-9,100327	3,689453	-0,519043
-9,121887	3,762466	-0,621994
-9,075195	3,778030	-0,801559
-8,999771	3,786407	-0,885361
-8,865707	3,773239	-0,856628
-8,774719	3,828308	-0,872192
-8,802261	3,908524	-0,876984
-8,742401	3,908524	-0,833893
-8,696915	3,955200	-0,831497
-8,686142	3,974365	-0,859024
-8,692123	3,999496	-0,884171
-8,675369	4,010269	-0,921280
-8,616699	4,037811	-0,932053
-8,562836	4,095261	-0,898529
-8,518539	4,106033	-0,882965
-8,455093	4,102448	-0,886566
-8,462280	4,134766	-0,839874
-8,420380	4,131180	-0,703400
-8,400024	4,153931	-0,672272
-8,480240	4,203003	-0,687836
-8,416794	4,193436	-0,578903
-8,370102	4,302368	-0,541794
-8,433548	4,282013	-0,663895
-8,385666	4,224548	-0,815933
-8,321014	4,255676	-0,766846
-8,287506	4,255676	-0,837479
-8,356934	4,289200	-0,760864
-8,330597	4,259262	-0,659103
-8,408401	4,289200	-0,689041
-8,464676	4,302368	-0,673477
-8,471863	4,277222	-0,593277
-8,446716	4,286804	-0,559753
-8,428757	4,284409	-0,635162
-8,372498	4,252090	-0,677063
-8,338974	4,244904	-0,633972
-8,364120	4,225754	-0,544189
-8,421570	4,253281	-0,513062
-8,464676	4,262863	-0,450821
-8,529312	4,232925	-0,449615
-8,525726	4,222153	-0,463989
-8,415588	4,229340	-0,453217
-8,364120	4,250885	-0,612427
-8,259964	4,268845	-0,584885
-8,225250	4,298767	-0,703400
-8,281509	4,271240	-0,859024
-8,298279	4,292786	-0,876984
-8,305466	4,401718	-0,797974
-8,324615	4,431656	-0,659103
-8,344955	4,454391	-0,665100
-8,417984	4,502274	-0,663895
-8,467072	4,513062	-0,667496
-8,422775	4,519043	-0,608826
-8,329407	4,540588	-0,511871
-8,231232	4,581284	-0,508270
-8,161804	4,584885	-0,537003
-8,134277	4,648331	-0,610031
-8,067230	4,691422	-0,654327
-7,941544	4,703400	-0,581299
-7,880493	4,787186	-0,602844
-7,888870	4,856628	-0,735718
-7,900833	4,819519	-0,781219
-7,896057	4,853027	-0,728546
-7,921188	4,929642	-0,630386
-7,880493	4,960770	-0,607635
-7,880493	4,951187	-0,496307
-7,834991	5,054138	-0,471161
-7,817047	5,102036	-0,493912
-7,787109	5,080475	-0,556152
-7,744019	5,164276	-0,637558
-7,632690	5,254059	-0,721359
-7,551285	5,255264	-0,776428
-7,495026	5,288773	-0,780014
-7,457916	5,373764	-0,730942
-7,451920	5,447983	-0,721359
-7,469879	5,482712	-0,679459
-7,454315	5,528198	-0,612427
-7,455521	5,579666	-0,522644
-7,439957	5,610794	-0,510666
-7,401642	5,617981	-0,537003
-7,321442	5,653885	-0,437653
-7,255600	5,690994	-0,326309
-7,176590	5,717331	-0,266464
-7,107162	5,747269	-0,271255
-7,016174	5,766418	-0,328705
-6,982666	5,780777	-0,405319
-6,935974	5,844238	-0,446030
-6,913223	5,962738	-0,410110
-6,933578	5,966339	-0,313141
-6,879715	6,017807	-0,256882
-6,898865	6,040558	-0,291595
-6,951538	6,084854	-0,295197
-6,922806	6,131531	-0,276031
-6,817459	6,153076	-0,209000
-6,811478	6,253632	-0,282028
-6,776764	6,271591	-0,480743
-6,742050	6,288361	-0,533417
-6,701340	6,324265	-0,491516
-6,615158	6,368561	-0,490326
-6,593597	6,404480	-0,452011
-6,586426	6,453552	-0,386169
-6,558884	6,466721	-0,295197
-6,580429	6,473907	-0,291595
-6,641495	6,501434	-0,277237
-6,661835	6,531372	-0,335892
-6,623535	6,526581	-0,352646
-6,536148	6,512207	-0,211395
-6,497833	6,540939	-0,155136
-6,457138	6,585236	-0,217377
-6,396088	6,545731	-0,267654
-6,411652	6,570877	-0,305969
-6,423615	6,596008	-0,249695
-6,324249	6,573273	-0,338287
-6,411652	6,605591	-0,471161
-6,281158	6,615158	-0,085693
-6,200958	6,635513	0,014862
-6,218918	6,637909	-0,101257
-6,289536	6,613968	-0,146744
-6,354187	6,622345	-0,074921
-6,250031	6,623550	-0,067749
-6,279968	6,652267	-0,040207
-6,301514	6,713333	-0,073730
-6,253632	6,688187	-0,228149
-6,250031	6,658264	-0,268860
-6,226089	6,689377	-0,310760
-6,175812	6,718109	-0,387375
-6,177017	6,669037	-0,422089
-6,177017	6,648682	-0,338287
-6,129135	6,660660	-0,240128
-6,093216	6,647491	-0,156326
-6,024979	6,594818	-0,258087
-5,969910	6,623550	-0,076126
-5,926819	6,591217	0,049576
-5,941177	6,619949	-0,053375
-5,894501	6,596008	-0,220978
-5,803513	6,605591	-0,363434
-5,760422	6,707336	-0,368210
-5,619171	6,701355	-0,389755
-5,479111	6,726501	-0,259277
-5,468323	6,765991	-0,175476
-5,427628	6,817474	-0,097672
-5,354599	6,833038	-0,007889
-5,342636	6,835434	0,069931
-5,352203	6,849792	0,157318
-5,299545	6,883316	0,190826
-5,231308	6,930008	0,150131
-5,198975	6,902466	0,062744
-5,103210	6,886902	-0,029434
-5,067307	6,932388	0,048370
-5,019409	7,005417	0,145340
-5,017029	7,043732	0,107040
-5,030197	7,006622	-0,010284
-4,977524	7,017395	-0,073730
-4,961960	7,079636	-0,101257
-4,867386	7,071259	-0,310760
-4,881744	7,157455	-0,237732
-4,796753	7,223297	-0,003098
-4,848236	7,253220	-0,066544
-4,799149	7,220901	-0,100067
-4,727325	7,240051	0,053162
-4,542969	7,248428	0,248291
-4,487900	7,240051	0,425461
-4,436432	7,267578	0,595444
-4,270035	7,309479	0,636154
-4,139542	7,259201	0,672058
-4,018646	7,320251	1,094635
-3,884567	7,352585	1,325684
-3,867813	7,338211	1,283783
-3,797180	7,295120	1,188019
-3,676270	7,301102	1,179642
-3,529022	7,325043	1,170059
-3,429672	7,348984	1,106613
-3,290802	7,290329	0,915070
-3,131592	7,261597	0,781006
-3,025040	7,322647	0,761841
-2,955612	7,363358	0,775009
-2,963989	7,332230	0,754669
-3,059769	7,315460	0,867188
-3,160324	7,332230	1,022812
-3,254883	7,372925	1,182037
-3,276443	7,328629	1,235901
-3,264465	7,348984	1,425049
-3,201019	7,387299	1,733887
-3,068146	7,332230	1,695587
-2,901749	7,313080	1,750656
-2,716202	7,358566	1,781784
-2,445648	7,522568	1,923035
-2,257706	7,704529	1,905075
-2,164337	7,788330	1,507645
-2,104477	7,849380	1,087463
-1,897385	7,886490	0,575104
-1,768097	8,086395	0,423065
-1,656754	8,268356	0,334488
-1,589722	8,294693	-0,049789
-1,472412	8,383286	-0,322723
-1,444870	8,543686	-0,417297
-1,404175	8,544891	-0,465179
-1,272491	8,453903	-0,531021
-1,219818	8,494614	-0,310760
-1,132431	8,491028	0,104645
-0,993561	8,372513	0,403915
-0,833160	8,329407	0,667282
-0,677536	8,437149	1,239487
-0,418961	8,459900	1,359207
-0,263336	8,395248	1,217941
-0,088562	8,323425	1,138931
0,216705	8,316238	1,134140
0,486053	8,406021	1,377151
0,681183	8,445526	1,517212
0,758987	8,449127	1,484894
0,857147	8,429962	1,314911
0,922989	8,476654	1,161682
1,061859	8,456299	1,079086
1,112137	8,526932	1,305328
1,143265	8,528137	1,505249
1,162415	8,481445	1,414261
1,047485	8,534119	1,832062
1,100159	8,591583	2,148087
1,258179	8,657425	2,336029
1,382675	8,695724	2,192383
1,429367	8,669388	1,848816
1,483231	8,577209	1,581863
1,707092	8,471863	1,577072
1,836380	8,530518	1,872757
1,927353	8,487427	2,059509
1,959686	8,383286	1,991272
1,948914	8,253998	1,878738
1,887848	8,145065	2,054718
1,805252	8,185760	2,679611
1,856735	8,141464	3,334412
1,822021	8,062454	3,499619
1,655624	8,066055	3,536728
1,737015	7,958313	3,557083
1,994400	7,953522	3,942551
2,309235	8,000214	4,307663
2,414581	7,989441	4,096970
2,391830	7,863739	3,640869
2,480423	7,869720	3,439758
2,595337	7,908035	3,619324
2,804840	7,904434	3,901840
3,136429	7,870926	4,073029
3,355499	7,874512	4,122116
3,507538	7,844589	4,152039
3,655975	7,842194	4,418991
3,769699	7,874512	4,709885
3,956451	7,902054	4,927765
4,120453	7,894867	5,169571
4,205444	8,025345	5,413788
4,203049	8,139069	5,388641
4,216217	8,091187	5,177948
4,125244	8,032532	4,843964
4,004333	8,045700	4,784103
3,864273	8,092392	4,882263
3,792450	8,093582	4,804459
3,827164	8,076828	4,685944
3,841522	8,194138	4,820023
3,867859	8,246811	4,833191
3,993561	8,086395	4,647644
4,103683	8,044495	4,547089
4,094116	8,123505	4,319626
4,016296	8,064850	4,025146
3,928909	7,997818	3,838394
3,848709	8,070831	4,065842
3,903778	7,940353	4,183167
3,949265	7,771561	4,435745
3,945679	7,760788	4,787704
4,074951	7,641083	5,037888
4,221008	7,580032	5,388641
4,309586	7,570450	5,482010
4,492752	7,502213	5,476028
4,678299	7,430389	5,440125
4,780045	7,334625	5,499969
4,809982	7,284348	5,729813
4,748932	7,291519	6,272110
4,728577	7,248428	6,670731
4,631607	7,133514	6,721024
4,493942	7,042526	6,614471
4,262909	6,967117	6,614471
4,144394	6,951553	6,780869
4,013901	6,886902	6,741364
3,944473	6,915634	6,790451
4,107285	6,834229	7,020294
4,223404	6,707336	6,839523
4,192276	6,634323	6,728195
4,209030	6,500244	6,825165
4,138412	6,460739	7,108871
4,139603	6,435593	7,576950
4,112076	6,326660	7,764893
3,958847	6,240479	7,756516
3,842728	6,165054	8,181473
3,864273	6,089630	8,503494
4,201859	5,667053	8,748901
4,554993	5,914856	9,774826
3,968414	6,394897	9,254074
3,719421	5,959152	8,472382
3,967224	5,723328	8,596878
3,950455	5,972321	8,508286
3,999542	5,996262	8,280838
4,091721	5,838242	8,179092
4,025879	5,787964	8,089310
3,907364	5,780777	8,162323
3,857086	5,743668	8,236542
3,736176	5,789169	8,124023
3,592529	5,675446	7,884598
3,740967	5,461151	7,695450
3,863068	5,385742	7,545822
3,884613	5,403702	7,563782
3,933701	5,436020	7,822342
3,882233	5,434830	7,852280
3,717026	5,374969	7,690674
3,757721	5,273209	7,749329
3,706253	5,164276	7,958817
3,527878	5,184631	8,151550
3,302826	5,170258	8,405334
2,894623	5,051743	8,570541
2,434937	4,971542	8,995514
2,108124	4,927246	9,263657
1,781311	4,892532	8,794388
1,562241	4,774017	8,250916
1,547882	4,605225	8,475967
1,686737	4,465164	9,067337
1,770538	4,507065	9,507874
1,794479	4,521439	9,808334
1,835190	4,343063	9,758057
1,777725	4,205399	9,853836
1,619705	4,090485	9,931641
1,502396	3,981537	10,080078
1,528732	3,927673	10,390137
1,605347	3,806763	10,773209
1,850739	3,653534	11,211334
2,001587	3,605652	11,084442
2,031509	3,581711	10,635529
1,828003	3,562561	10,372177
1,444931	3,505096	10,360199
0,979263	3,507492	10,332672
0,684769	3,441650	10,470337
0,487244	3,382996	10,694199
0,377121	3,338699	10,758835
0,429779	3,236938	10,840240
0,561462	3,157944	10,949173
0,557877	3,167511	10,937210
0,507599	3,094498	10,769608
0,514786	2,924500	10,574478
0,518372	2,822754	10,435623
0,538727	2,674301	10,274017
0,488449	2,612061	10,035782
0,361557	2,616852	9,874176
0,250229	2,583328	9,724548
0,086212	2,464813	9,543777
-0,105316	2,438477	9,507874
-0,277695	2,402573	9,475540
-0,320801	2,285248	9,628769
-0,177139	2,105682	9,862213
0,010803	2,042236	10,178238
0,190369	2,033859	10,560120
0,422607	1,963226	10,839050
0,509995	1,916550	10,885727
0,432175	1,950058	10,690598
0,154449	1,982376	10,196198
-0,088562	1,972809	9,749680
-0,317200	1,905762	9,469559
-0,389038	1,807602	9,473145
-0,262131	1,805206	9,949600
0,009598	1,759720	10,430832
0,105377	1,656769	10,651093
0,132904	1,651978	10,782776
0,159241	1,667542	10,868973
0,046707	1,662750	10,824677
0,057495	1,697479	11,042557
0,069458	1,709442	10,777985
-0,031097	1,721420	10,369781
-0,113693	1,662750	10,070511
-0,138840	1,636429	9,975937
-0,150803	1,696274	9,895721
-0,101730	1,696274	9,827499
-0,033493	1,595718	9,823898
-0,004761	1,600510	9,967560
0,079041	1,606491	10,178238
0,191559	1,592133	10,289581
0,241837	1,549026	10,220139
0,281342	1,523895	10,196198
0,312469	1,480804	10,100433
0,184387	1,549026	9,803558
0,126923	1,577759	9,530609
0,065872	1,545441	9,376190
-0,017929	1,493973	9,227753
-0,095734	1,477203	9,049377
-0,141235	1,435303	9,163101
-0,065811	1,313202	9,556946
0,064667	1,270111	9,894531
0,159241	1,204269	10,115997
0,149658	1,201874	10,118393
0,025162	1,163559	10,064514
-0,287277	1,144409	9,899323
-0,493179	1,065399	9,844254
-0,665558	0,934921	9,955582
-0,774490	0,924149	10,190216
-0,685913	0,904999	10,470337
-0,428528	0,843933	10,748062
-0,148407	0,823593	10,833054
0,110153	0,831970	10,564911
0,271774	0,809219	10,046570
0,383102	0,839157	9,384567
0,405838	0,922943	8,860229
0,426193	0,913376	8,517868
0,413025	0,915771	8,229370
0,305283	0,939713	8,049805
0,181992	0,932526	8,173096
0,067062	0,927734	8,487930
-0,096939	0,841553	8,857834
-0,231018	0,751770	9,376190
-0,448883	0,836761	9,923264
-0,520706	1,013931	10,424850
-0,550644	1,185120	10,730103
-0,543457	1,218628	11,090439
-0,690704	1,345520	11,380127
-0,869064	1,574173	11,474701
-0,913361	1,823166	11,378937
-0,696686	1,886612	11,426819
-0,427338	1,956055	11,489075
-0,264526	2,238556	11,673416
-0,087357	2,533051	11,751236
0,173615	2,697052	11,577652
0,527954	2,649170	11,322678
0,913422	2,709030	11,009033
1,151642	2,889786	10,610397
1,382675	2,868240	10,154297
1,619705	2,771271	9,765244
1,734619	2,669525	9,445618
1,701111	2,546219	9,190628
1,550278	2,422913	8,927277
