0,504013	1,145615	9,485123
0,533936	1,194687	9,552155
0,541122	1,188705	9,458786
0,500412	1,180328	9,421677
0,446548	1,148010	9,372589
0,343597	1,206665	9,307953
0,318451	1,260529	9,269638
0,337616	1,215042	9,329498
0,363953	1,127655	9,420471
0,368729	1,148010	9,491104
0,322052	1,131241	9,521042
0,314865	1,088150	9,536591
0,354370	1,095337	9,589264
0,339996	1,113281	9,708984
0,286133	1,121674	9,716156
0,288528	1,095337	9,694611
0,262192	1,065399	9,743698
0,226273	1,040268	9,720947
0,170013	1,064209	9,657501
0,146072	1,102509	9,537796
0,166428	1,069000	9,495895
0,251419	0,937317	9,619202
0,351974	0,895416	9,627579
0,252609	0,970840	9,529419
0,160446	1,009140	9,354645
0,117340	0,972031	9,303162
0,076645	0,894226	9,336685
0,051498	0,884644	9,519836
0,074249	0,881058	9,720947
0,057495	0,876266	9,872986
0,098190	0,852325	9,980728
0,085022	0,865494	9,945999
0,105377	0,802048	9,888550
0,130508	0,732605	9,833481
0,161636	0,684723	9,881363
0,198746	0,733810	9,992691
0,221497	0,809219	10,002274
0,226273	0,799652	9,900513
0,209518	0,732605	9,747284
0,222687	0,706268	9,688629
0,351974	0,717041	9,726944
0,620132	0,250183	10,032196
0,256210	0,707474	9,901718
0,286133	1,432907	9,242111
0,486053	1,173141	9,184647
0,456116	0,699097	9,348648
0,257401	0,630859	9,425262
0,183182	0,855911	9,336685
0,268173	0,955276	9,194229
0,438171	0,926544	9,175079
0,515976	0,840347	9,201416
0,593796	0,809219	9,233734
0,640472	0,808029	9,195419
0,695541	0,846329	9,245697
0,685959	0,860703	9,336685
0,668015	0,805634	9,449203
0,587799	0,806824	9,507874
0,551895	0,810425	9,602432
0,470490	0,792465	9,681442
0,410629	0,775711	9,774826
0,391479	0,742188	9,864609
0,377121	0,711060	9,883759
0,466904	0,660782	9,841858
0,543518	0,683533	9,934036
0,706314	0,603317	9,983109
0,815247	0,523117	9,967560
0,896652	0,567413	10,025009
0,973267	0,612900	10,114792
0,948135	0,635651	10,084869
0,945740	0,600922	9,975937
0,875107	0,539871	9,947205
0,767365	0,598541	10,034592
0,758987	0,582977	10,063324
0,720688	0,584167	10,153107
0,670410	0,610504	10,183029
0,683578	0,620087	10,229721
0,640472	0,633255	10,222534
0,591400	0,594940	10,088455
0,578232	0,591354	9,960373
0,792511	0,512344	9,920868
0,951721	0,545868	9,876572
0,974472	0,586563	9,730530
0,997208	0,623672	9,602432
0,986435	0,626068	9,573715
0,962494	0,636841	9,640747
0,932571	0,627258	9,749680
0,900253	0,615295	9,849045
0,860748	0,570999	9,847839
0,839188	0,604523	9,840668
0,821243	0,645218	9,898117
0,770966	0,624878	10,022614
0,695541	0,584167	10,086060
0,647659	0,527908	10,254852
0,608154	0,460861	10,382950
0,626114	0,452484	10,469131
0,694351	0,458481	10,617584
0,798492	0,500366	10,704971
0,955307	0,469254	10,739685
1,106155	0,384247	10,732498
1,198318	0,387848	10,737289
1,288101	0,441711	10,811508
1,368317	0,486008	10,688202
1,446121	0,582977	10,512238
1,529922	0,687119	10,321899
1,594559	0,736206	10,082474
1,719070	0,802048	9,738907
1,776520	0,853516	9,382172
1,845963	0,851120	9,085297
1,940521	0,944504	8,994308
1,982422	1,010330	9,076904
1,966858	0,952881	9,170288
1,904617	0,950485	9,339081
1,792084	0,956467	9,521042
1,775330	0,946884	9,766434
1,738220	0,958862	10,077682
1,703506	0,979218	10,233307
1,716675	0,934921	10,335068
1,787292	0,989990	10,399704
1,861526	1,023499	10,338654
1,938141	1,025894	10,180634
2,057846	0,992386	10,008255
2,134460	1,010330	9,809540
2,209869	1,003159	9,578491
2,166779	1,027100	9,421677
2,042282	1,095337	9,322311
1,946518	1,171951	9,299576
1,899826	1,145615	9,337875
1,859131	1,176727	9,382172
1,838776	1,210251	9,400131
1,847153	1,233002	9,453995
1,833984	1,227020	9,579697
1,804062	1,205460	9,847839
1,739410	1,228210	9,993896
1,684341	1,252151	9,861008
1,687943	1,247360	9,791580
1,708298	1,259338	9,895721
1,748993	1,227020	10,126770
1,885468	1,148010	10,312317
1,969254	1,143219	10,402100
2,002777	1,145615	10,420059
1,975250	1,131241	10,527802
1,853134	1,089340	10,701370
1,704697	1,037872	10,706161
1,550278	1,080963	10,733704
1,443726	1,097733	10,903687
1,357544	1,150406	11,031784
1,316833	1,181519	10,919250
1,374298	1,209061	10,572083
1,567032	1,221024	10,236908
1,717865	1,321579	9,931641
1,885468	1,381439	9,774826
2,042282	1,369461	9,704193
2,146423	1,346725	9,740097
2,193115	1,394608	9,804749
2,129669	1,468826	9,853836
2,060242	1,455658	9,944809
1,893845	1,431717	10,148315
1,766953	1,507141	10,247681
1,659210	1,545441	10,235703
1,573013	1,552628	10,214157
1,537109	1,553818	10,260849
1,546677	1,608887	10,491882
1,595764	1,725006	10,667862
1,733429	1,771698	10,739685
1,934540	1,839935	10,697784
2,148819	1,898590	10,612793
2,280502	1,973999	10,428436
2,467255	2,043442	10,229721
2,610901	2,106888	10,062119
2,658783	2,191879	9,861008
2,589355	2,272079	9,726944
2,536682	2,280457	9,662292
2,430145	2,343903	9,685043
2,352325	2,402573	9,718552
2,268539	2,424118	9,784393
2,188324	2,442078	9,954391
2,170364	2,489960	10,063324
2,123688	2,546219	10,126770
2,068619	2,577347	10,151901
2,084183	2,618042	10,161484
2,126083	2,649170	10,107620
2,294876	2,668320	10,104019
2,612106	2,650360	9,924454
2,736603	2,742538	9,633560
2,767731	2,837112	9,315140
2,767731	2,853867	9,175079
2,665970	2,910141	9,324707
2,481613	2,961609	9,279221
2,340363	3,016678	9,141556
2,255371	3,031036	9,155914
2,205093	3,077728	9,310349
2,147629	3,082520	9,340271
2,082977	3,130402	9,428864
2,037491	3,173492	9,561737
2,099747	3,180679	9,704193
2,092560	3,186661	9,725739
2,085373	3,193848	9,752075
2,093750	3,265671	9,937622
2,133255	3,296799	10,068115
2,159592	3,257294	10,025009
2,262543	3,295609	10,013046
2,323593	3,298004	9,992691
2,347549	3,338699	9,961563
2,321213	3,319550	9,881363
2,281708	3,379395	9,764053
2,182343	3,491928	9,730530
2,039886	3,519455	9,754471
1,987213	3,609238	9,810730
1,970459	3,639175	9,840668
1,951309	3,695435	9,816727
1,934540	3,738525	9,776016
1,930954	3,795990	9,717361
2,037491	3,870209	9,594055
2,189529	3,854645	9,390549
2,199097	3,875000	9,197815
2,153610	3,969574	9,048187
2,153610	4,006683	8,994308
2,157196	4,043793	9,045792
2,153610	4,150330	9,079300
2,115311	4,246094	8,770447
2,024323	4,313141	8,429276
2,007568	4,387360	8,359848
1,978836	4,420883	8,441254
1,956085	4,417282	8,610046
1,920181	4,468765	8,823120
1,859131	4,542984	9,033813
1,874695	4,497498	9,164307
1,862717	4,498688	9,175079
1,860321	4,519043	9,087692
1,861526	4,595657	8,843475
1,820816	4,659103	8,806366
1,861526	4,690231	8,821930
1,824402	4,791977	8,692642
1,782516	4,916473	8,407730
1,757370	5,005066	7,997131
1,750183	5,052948	7,699051
1,775330	5,092453	7,585327
1,813629	5,160690	7,497940
1,735825	5,261246	7,463226
1,635269	5,313919	7,451248
1,515564	5,371368	7,398575
1,380280	5,422852	7,412933
1,231842	5,465942	7,466812
1,136078	5,439606	7,654755
1,063049	5,499466	8,039017
1,067841	5,600021	8,325134
1,182770	5,632339	8,612442
1,447327	5,609604	8,692642
1,666397	5,568893	8,837494
1,703506	5,598831	8,948822
1,661606	5,714951	8,654327
1,488022	5,835846	8,469986
1,531113	5,826279	8,098877
1,549072	5,962738	7,550613
1,601746	6,150696	7,147186
1,753784	6,206955	6,723404
1,887848	6,301529	6,296051
2,061432	6,336243	6,008743
2,287689	6,393707	5,928543
2,450485	6,452362	5,865082
2,501968	6,512207	5,818405
2,364304	6,611572	5,725021
2,111710	6,682205	5,717850
1,911804	6,689377	5,892624
1,816025	6,737274	6,097321
1,590973	6,827057	6,212250
1,430557	6,805496	6,281677
1,356339	6,707336	6,413361
1,290497	6,716919	6,610886
1,182770	6,824661	6,737778
1,175583	6,897675	6,947266
1,221069	6,932388	7,040649
1,114532	7,001831	6,993958
1,089386	6,975494	6,929306
1,169601	6,882111	7,080139
1,201920	6,946762	7,422516
1,028336	7,054504	7,639191
0,787720	7,114349	7,468002
0,533936	7,122742	7,117264
0,426193	7,158646	6,802414
0,369934	7,287933	6,667145
0,362747	7,430389	6,689896
0,428589	7,477081	6,647995
0,621323	7,487854	6,399002
0,851166	7,520172	5,963257
1,015167	7,639877	5,610107
1,073822	7,699738	5,321609
0,968475	7,758392	5,137253
0,767365	7,797897	5,012756
0,574631	7,799103	4,851151
0,454926	7,757202	4,824814
0,384293	7,738037	5,116898
0,366333	7,738037	5,684326
0,320847	7,754807	5,904587
0,397461	7,653046	5,879456
0,383102	7,663818	5,862701
0,339996	7,736847	5,901001
0,261002	7,802689	6,045853
0,101776	7,864944	6,090149
-0,067017	7,860153	5,831573
-0,010742	7,867325	5,456879
0,161636	7,921204	5,260559
0,308884	7,940353	5,233017
0,330429	7,939163	5,291672
0,232269	7,972672	5,161194
0,038330	8,056473	4,816422
-0,093353	8,060059	4,556656
-0,232208	8,060059	4,518356
-0,280090	8,073227	4,615311
-0,244186	8,052887	4,641647
-0,225021	8,073227	4,513565
-0,284882	8,046890	4,300476
-0,408188	8,039719	4,156830
-0,560211	8,121109	4,214294
-0,567398	8,112732	4,428574
-0,536270	8,079224	4,768539
-0,500366	8,103165	5,015152
-0,484802	8,091187	4,914597
-0,615280	8,054077	4,530319
-0,813995	8,097168	4,260971
-0,904984	8,221680	4,071838
-0,937302	8,291107	3,912613
-0,894211	8,255188	3,707916
-0,816391	8,295898	3,521164
-0,740982	8,324631	3,388290
-0,678726	8,315048	3,268570
-0,671539	8,347366	3,381104
-0,752945	8,365326	3,475677
-0,895401	8,374908	3,516373
-1,047440	8,341385	3,612152
-1,195877	8,338989	3,691147
-1,331146	8,371307	3,847977
-1,379028	8,315048	3,992828
-1,414948	8,268356	4,120911
-1,503525	8,285126	4,049088
-1,582535	8,277939	3,915009
-1,639999	8,343781	3,676788
-1,696259	8,371307	3,256607
-1,770477	8,415604	2,816071
-1,756119	8,389267	2,514404
-1,708237	8,349762	2,358780
-1,742950	8,350967	2,387512
-1,833939	8,350967	2,454544
-1,914139	8,257584	2,589828
-2,014694	8,207306	2,631714
-2,140396	8,125900	2,721497
-2,276855	8,121109	2,838821
-2,466003	8,097168	2,848389
-2,501907	8,046890	2,680801
-2,431290	8,012177	2,423431
-2,460022	7,991837	2,224701
-3,475159	8,013382	2,157669
-2,505508	7,416031	2,224701
-1,692673	7,899658	1,756638
-2,060181	8,439545	1,678833
-2,501907	8,197723	1,923035
-2,902939	7,922394	1,958954
-2,968781	7,849380	1,804520
-2,865829	7,916412	1,918243
-2,626419	7,940353	2,173233
-2,442062	7,911621	2,302521
-2,413330	7,989441	2,245056
-2,541412	8,098373	2,016403
-2,730560	8,207306	1,751846
-2,925690	8,256393	1,450180
-3,114822	8,287506	1,179642
-3,260880	8,362930	1,019226
-3,392563	8,404831	0,832474
-3,539795	8,404831	0,644531
-3,708588	8,397644	0,408707
-3,815140	8,372513	0,430252
-3,890549	8,383286	0,700790
-3,914490	8,353348	0,881561
-3,866608	8,285126	0,956970
-3,780411	8,234848	0,924652
-3,740906	8,206116	0,919861
-3,859421	8,224060	1,001266
-4,021042	8,182175	0,961761
-3,950409	7,867325	1,035980
-3,997086	7,596786	1,360397
-4,523819	8,989014	0,624176
-3,921677	8,998596	0,182449
-3,661911	8,268356	0,294983
-3,615219	8,121109	0,378769
-3,552963	8,386871	0,244705
-3,451218	8,453903	-0,042603
-3,515854	8,397644	-0,000702
-3,641556	8,383286	0,132172
-3,848648	8,383286	0,081894
-4,018646	8,423981	0,054367
-4,174271	8,435959	0,146545
-4,293976	8,362930	0,181259
-4,371780	8,325821	0,263855
-4,413681	8,365326	0,271042
-4,383759	8,267166	0,366806
-4,406494	8,196533	0,516449
-4,459167	8,194138	0,600235
-4,502274	8,224060	0,542786
-4,557343	8,233643	0,730728
-4,477127	8,195343	0,905502
-4,449600	8,148651	0,831284
-4,376572	8,129501	0,679245
-4,302353	8,228851	0,656509
-4,277206	8,173782	0,539185
-4,272430	8,117523	0,334488
-4,305939	8,118729	0,290192
-4,359818	8,080414	0,389557
-4,534592	8,045700	0,496094
-4,734512	8,051682	0,487717
-4,841049	7,978668	0,476944
-4,972733	7,949936	0,385956
-5,153488	7,936768	0,243500
-5,321091	7,898453	0,163300
-5,431213	7,927185	0,084290
-5,416855	7,929581	-0,054581
-5,494659	7,897263	-0,222168
-5,530579	7,900848	-0,301178
-5,519806	7,915222	-0,298782
-5,556915	7,840988	-0,122803
-5,579666	7,806274	-0,085693
-5,596420	7,744034	-0,078522
-5,506638	7,639877	0,044785
-5,305527	7,523758	0,132172
-5,072083	7,492645	0,284210
-4,927246	7,505814	0,534393
-4,885345	7,498627	0,569122
-4,912872	7,443558	0,514053
-4,971527	7,455536	0,397934
-5,082870	7,435181	0,420670
-5,196594	7,400467	0,417084
-5,322281	7,359756	0,409897
-5,412064	7,341797	0,369202
-5,380936	7,331024	0,215973
-5,352203	7,255615	0,146545
-5,458755	7,216110	0,132172
-5,626343	7,192169	0,138153
-5,753235	7,157455	0,390747
-5,889709	7,159851	0,721146
-6,028580	7,091614	0,730728
-6,167435	7,013794	0,599045
-6,196167	6,935989	0,600235
-6,191376	6,883316	0,624176
-6,187790	6,827057	0,630173
-6,177017	6,767197	0,584671
-6,136307	6,719315	0,521225
-6,080048	6,637909	0,506866
-6,076462	6,599594	0,377579
-6,137512	6,564880	0,279419
-6,178207	6,552917	0,142944
-6,272781	6,562485	0,001694
-6,464310	6,548126	-0,265259
-6,590012	6,512207	-0,449615
-6,588821	6,448761	-0,359833
-6,587616	6,392502	-0,170700
-6,707321	6,432007	-0,169495
-6,787537	6,396088	-0,319138
-6,842606	6,335037	-0,280823
-6,867737	6,317093	-0,064148
-6,886887	6,311096	0,220764
-6,963501	6,252441	0,238708
-6,979065	6,188995	0,151321
-6,853378	6,109985	0,120209
-6,658249	6,074081	0,192032
-6,582825	6,059708	0,124985
-6,603180	5,974716	0,036407
-6,641495	5,944794	-0,004303
-6,721695	5,983093	0,010071
-6,781555	5,969925	-0,110840
-6,868942	5,876556	-0,283218
-6,877319	5,859787	-0,270050
-6,931183	5,831070	-0,094086
-6,989838	5,820282	0,061539
-7,132294	5,809509	0,073517
-7,332214	5,832260	-0,030640
-7,451920	5,835846	-0,116821
-7,485443	5,814301	-0,174286
-7,430374	5,785568	-0,423279
-7,216095	5,704163	-0,499893
-7,016174	5,631149	-0,356247
-6,860565	5,574890	-0,339478
-6,804291	5,546158	-0,477158
-6,894073	5,522217	-0,602844
-6,989838	5,524597	-0,569321
-7,105957	5,447983	-0,314346
-7,232849	5,457565	-0,204208
-7,352570	5,489883	-0,273651
-7,421997	5,463547	-0,438843
-7,419601	5,463547	-0,608826
-7,443542	5,474319	-0,766846
-7,508194	5,464752	-0,876984
-7,675781	5,506653	-0,932053
-7,852951	5,479111	-1,008667
-7,959503	5,459961	-1,025421
-7,948715	5,397705	-1,100845
-7,829010	5,396515	-1,104431
-7,747604	5,383347	-1,127182
-7,700928	5,372574	-1,046967
-7,654236	5,295959	-0,932053
-7,637482	5,248077	-0,892548
-7,534531	5,222931	-0,899734
-7,358551	5,193008	-0,855438
-7,309464	5,143921	-0,826706
-7,338196	5,100830	-0,875778
-7,481857	5,091248	-0,932053
-7,688950	5,127167	-0,887756
-7,744019	5,130753	-0,812332
-7,728455	5,149918	-0,758469
-7,729660	5,118790	-0,847061
-7,715286	5,140335	-0,916489
-7,754791	5,143921	-1,060135
-7,855347	5,154694	-1,185837
-7,839783	5,158295	-1,114014
-7,812256	5,160690	-1,005066
-7,767960	5,109207	-1,031403
-7,736832	5,070908	-1,119995
-7,704514	5,049362	-1,182251
-7,632690	4,996689	-1,100845
-7,635086	4,973938	-1,018234
-7,663818	4,971542	-0,871002
-7,709305	4,928452	-0,853043
-7,728455	4,934433	-0,928452
-7,799088	4,964355	-1,084076
-7,832611	4,990692	-1,243301
-7,809860	4,971542	-1,412094
-7,890060	4,966751	-1,665878
-8,032516	4,955978	-1,760437
-8,052872	4,941620	-1,617981
-8,072021	4,869797	-1,492294
-8,087585	4,794373	-1,363007
-8,109131	4,747681	-1,273224
-8,085190	4,650726	-1,231323
-8,004990	4,578888	-1,079300
-7,999008	4,578888	-0,951202
-8,014557	4,527420	-0,928452
-7,994217	4,473557	-0,842270
-7,953506	4,418488	-0,684250
-7,894852	4,359833	-0,641159
-7,945129	4,363419	-0,677063
-8,050476	4,296387	-0,793182
-8,118713	4,284409	-0,876984
-8,160614	4,280823	-0,796783
-8,236023	4,289200	-0,714172
-8,262360	4,226944	-0,724945
-8,344955	4,223358	-0,765656
-8,394043	4,240112	-0,829102
-8,365311	4,234131	-0,866211
-8,268341	4,193436	-0,905716
-8,221664	4,163498	-0,938034
-8,295883	4,168289	-1,045776
-8,273132	4,118011	-1,278015
-8,183350	4,074921	-1,346252
-8,147446	4,073715	-1,258865
-8,188141	4,076111	-1,297165
-8,276733	4,080902	-1,524612
-8,379684	4,068924	-1,777206
-8,439529	4,049774	-1,923248
-8,455093	4,046188	-1,947189
-8,422775	4,056961	-1,740097
-8,499390	3,993515	-1,510254
-8,565231	3,912109	-1,455185
-8,526917	3,897751	-1,662277
-8,561646	3,869019	-1,316315
-8,451508	3,778030	-1,145126
-8,473053	3,734940	-1,178650
-8,548477	3,682266	-1,212173
-8,571213	3,672684	-1,079300
-8,554459	3,643967	-0,927261
-8,604736	3,612839	-0,873398
-8,672974	3,641571	-0,833893
-8,704086	3,670288	-0,914093
-8,742401	3,649948	-1,042175
-8,790283	3,628403	-1,085281
-8,828598	3,648743	-0,915283
-8,786697	3,670288	-0,730942
-8,732819	3,678680	-0,683060
-8,692123	3,652344	-0,705795
-8,686142	3,678680	-0,651932
-8,690918	3,722961	-0,570526
-8,678955	3,721771	-0,618408
-8,646637	3,699020	-0,772842
-8,549667	3,695435	-0,853043
-8,443130	3,703812	-0,838669
-8,394043	3,681076	-0,771637
-8,447906	3,660721	-0,881775
-8,528122	3,671494	-0,993103
-8,564026	3,695435	-0,961975
-8,585587	3,700226	-0,860229
-8,696915	3,708603	-0,736923
-8,745987	3,709793	-0,756073
-8,728043	3,687057	-0,764450
-8,702896	3,666702	-0,813538
-8,779510	3,649948	-0,874588
-8,824997	3,687057	-0,859024
-8,731628	3,695435	-0,851837
-8,633469	3,670288	-0,881775
-8,554459	3,709793	-1,031403
-8,499390	3,745712	-1,080490
-8,474243	3,703812	-1,074509
-8,461075	3,742126	-1,072113
-8,473053	3,763672	-1,112808
-8,508972	3,761276	-1,091263
-8,602341	3,760071	-1,058945
-8,611923	3,761276	-1,002686
-8,635864	3,786407	-0,893738
-8,626282	3,776840	-0,841064
-8,572418	3,713394	-0,851837
-8,602341	3,743317	-0,843460
-8,644241	3,774445	-0,825500
-8,664581	3,707413	-0,807556
-8,604736	3,702621	-0,851837
-8,512558	3,714584	-0,894943
-8,480240	3,699020	-0,920074
-8,470657	3,697830	-0,872192
-8,499390	3,730148	-0,865005
-8,604736	3,702621	-0,908112
-8,729233	3,712189	-0,981125
-8,791489	3,709793	-0,859024
-8,915985	3,732544	-0,854233
-8,965057	3,687057	-1,056549
-8,890839	3,720581	-0,984726
-8,811829	3,745712	-0,850647
-8,707687	3,734940	-0,799164
-8,614304	3,725357	-0,963181
-8,511353	3,742126	-0,976349
-8,388062	3,769653	-0,965561
-8,413193	3,787613	-1,018234
-8,483826	3,797195	-1,057739
-8,602341	3,815140	-1,111618
-8,665787	3,824722	-1,054153
-8,702896	3,855850	-1,009857
-8,740005	3,831909	-1,082886
-8,724442	3,833099	-1,060135
-8,638260	3,785217	-1,012253
-8,543686	3,769653	-1,013458
-8,506577	3,785217	-1,050568
-8,564026	3,774445	-1,008667
-8,566422	3,755295	-0,978729
-8,552063	3,774445	-0,868607
-8,528122	3,762466	-0,827896
-8,560440	3,787613	-0,914093
-8,561646	3,762466	-0,951202
-8,523331	3,730148	-0,892548
-8,549667	3,744522	-0,909302
-8,583191	3,776840	-1,000290
-8,596359	3,757690	-1,021835
-8,565231	3,746902	-0,930847
-8,528122	3,756485	-0,851837
-8,517349	3,794800	-0,833893
-8,536499	3,737335	-0,873398
-8,552063	3,743317	-0,835083
-8,550858	3,758881	-0,819519
-8,547272	3,736130	-0,908112
-8,487411	3,733749	-1,112808
-8,438339	3,710999	-1,158295
-8,384460	3,726562	-1,074509
-8,397629	3,740921	-1,040985
-8,495804	3,736130	-1,018234
-8,599945	3,718185	-1,003876
-8,646637	3,739731	-0,958389
-8,722046	3,742126	-0,879379
-8,757965	3,702621	-0,720169
-8,793869	3,702621	-0,673477
-8,773529	3,682266	-0,863815
-8,664581	3,669098	-0,887756
-8,586777	3,666702	-0,756073
-8,573608	3,679871	-0,800369
-8,601135	3,720581	-0,989517
-8,626282	3,720581	-1,032608
-8,664581	3,745712	-0,915283
-8,692123	3,722961	-0,832687
-8,665787	3,676285	-1,019440
-8,640640	3,743317	-1,054153
-8,510162	3,728958	-0,897339
-8,471863	3,708603	-0,814728
-8,548477	3,719376	-0,871002
-8,626282	3,748108	-0,902115
-8,651413	3,676285	-0,838669
-8,622696	3,661911	-0,748886
-8,571213	3,715790	-0,716568
-8,566422	3,696625	-0,818329
-8,585587	3,695435	-0,857834
-8,638260	3,725357	-0,863815
-8,670578	3,811554	-0,997894
-8,690918	3,805573	-1,056549
-8,693314	3,817535	-0,915283
-8,688538	3,791199	-0,865005
-8,619095	3,797195	-0,884171
-8,522141	3,822327	-0,893738
-8,453903	3,790009	-0,893738
-8,482635	3,829514	-0,900925
-8,479034	3,836685	-0,884171
-8,486221	3,870209	-0,861420
-8,543686	3,904922	-0,771637
-8,596359	3,903732	-0,724945
-8,601135	3,883377	-0,799164
-8,637054	3,858246	-0,813538
-8,647827	3,831909	-0,845856
-8,570023	3,840286	-0,825500
-8,499390	3,791199	-0,848251
-8,485031	3,817535	-0,950012
-8,577194	3,834305	-0,959579
-8,591568	3,819931	-0,955994
-8,599945	3,787613	-1,007462
-8,682541	3,854645	-1,039795
-8,757965	3,818741	-1,035004
-8,751984	3,805573	-1,020630
-8,768738	3,787613	-0,999084
-8,753174	3,823532	-0,935638
-8,687332	3,795990	-1,001480
-8,581985	3,760071	-1,045776
-8,441925	3,736130	-1,062531
-8,415588	3,767258	-0,979935
-8,443130	3,772049	-0,875778
-8,493408	3,766068	-0,826706
-8,593964	3,775635	-0,794388
-8,692123	3,801971	-0,799164
-8,701706	3,813950	-0,797974
-8,683746	3,756485	-0,699814
-8,561646	3,736130	-0,762054
-8,419189	3,740921	-0,830292
-8,354538	3,719376	-0,918884
-8,371292	3,738525	-1,021835
-8,425171	3,779236	-0,932053
-8,473053	3,760071	-0,729736
-8,615509	3,739731	-0,663895
-8,724442	3,716980	-0,613617
-8,714874	3,678680	-0,604050
-8,675369	3,671494	-0,619614
-8,644241	3,647552	-0,738113
-8,585587	3,671494	-0,780014
-8,514954	3,675079	-0,867401
-8,458694	3,661911	-0,990707
-8,427567	3,666702	-1,050568
-8,449112	3,627197	-0,993103
-8,493408	3,640366	-0,890152
-8,579590	3,643967	-0,888947
-8,741196	3,660721	-0,876984
-8,884857	3,725357	-0,859024
-8,911194	3,732544	-0,796783
-8,888443	3,657135	-0,730942
-8,830978	3,670288	-0,660309
-8,728043	3,684662	-0,674667
-8,686142	3,683456	-0,723755
-8,603531	3,696625	-0,782410
-8,547272	3,731354	-0,827896
-8,522141	3,750504	-0,751282
-8,534103	3,725357	-0,885361
-8,608322	3,750504	-0,981125
-8,684937	3,778030	-0,977539
-8,712479	3,803177	-1,035004
-8,787888	3,800781	-1,127182
-8,793869	3,788803	-1,246887
-8,713669	3,795990	-1,139145
-8,658600	3,822327	-1,030212
-8,652618	3,825912	-1,051758
-8,657410	3,793594	-1,078094
-8,631073	3,811554	-1,063736
-8,583191	3,815140	-0,941620
-8,536499	3,805573	-0,841064
-8,514954	3,799576	-0,771637
-8,511353	3,772049	-0,723755
-8,470657	3,773239	-0,554962
-8,435944	3,769653	-0,432861
-8,464676	3,794800	-0,410110
-8,488617	3,726562	-0,477158
-8,518539	3,744522	-0,554962
-8,534103	3,748108	-0,525040
-8,513748	3,762466	-0,581299
-8,502975	3,721771	-0,630386
-8,559250	3,725357	-0,675873
-8,629868	3,752899	-0,831497
-8,643036	3,710999	-1,048172
-8,652618	3,754089	-1,080490
-8,657410	3,792404	-0,994293
-8,589172	3,787613	-1,042175
-8,599945	3,819931	-1,154709
-8,567627	3,790009	-1,146332
-8,428757	3,774445	-1,025421
-8,404816	3,778030	-1,019440
-8,409607	3,852249	-1,193024
-8,449112	3,852249	-1,177460
-8,498184	3,851059	-1,104431
-8,514954	3,869019	-1,062531
-8,501785	3,912109	-1,102036
-8,506577	3,878586	-1,137955
-8,535309	3,872604	-1,002686
-8,605927	3,892960	-0,859024
-8,646637	3,924088	-0,894943
-8,690918	3,895355	-0,936844
-8,701706	3,913300	-0,868607
-8,656204	3,891754	-0,814728
-8,592758	3,860641	-0,836288
-8,576004	3,904922	-0,914093
-8,565231	3,879791	-0,996689
-8,512558	3,852249	-0,988312
-8,426361	3,834305	-0,842270
-8,417984	3,821136	-0,875778
-8,457489	3,849854	-0,899734
-8,502975	3,836685	-0,897339
-8,578400	3,812744	-0,770447
-8,610718	3,824722	-0,631577
-8,638260	3,827118	-0,503494
-8,619095	3,798386	-0,489120
-8,598755	3,825912	-0,647141
-8,534103	3,819931	-0,782410
-8,499390	3,819931	-0,815933
-8,475449	3,791199	-0,764450
-8,532913	3,799576	-0,780014
-8,628677	3,809158	-0,821915
-8,686142	3,786407	-0,740509
-8,712479	3,762466	-0,539398
-8,717255	3,776840	-0,411316
-8,732819	3,745712	-0,501099
-8,740005	3,752899	-0,557358
-8,678955	3,764862	-0,504684
-8,682541	3,751694	-0,528625
-8,625092	3,722961	-0,539398
-8,605927	3,746902	-0,570526
-8,580795	3,756485	-0,702209
-8,543686	3,800781	-0,774033
-8,529312	3,772049	-0,796783
-8,530518	3,766068	-0,862625
-8,556854	3,854645	-0,941620
-8,598755	3,895355	-0,981125
-8,558044	3,871414	-1,014648
-8,537689	3,891754	-1,029022
-8,517349	3,900146	-1,012253
-8,532913	3,894150	-0,987122
-8,552063	3,903732	-0,977539
-8,555649	3,890564	-0,863815
-8,617905	3,927673	-0,832687
-8,644241	3,900146	-0,841064
-8,602341	3,860641	-0,762054
-8,562836	3,872604	-0,574112
-8,483826	3,864227	-0,502289
-8,516144	3,835495	-0,581299
-8,544876	3,834305	-0,648331
-8,556854	3,824722	-0,605240
-8,504181	3,821136	-0,492706
-8,416794	3,726562	-0,474762
-8,426361	3,743317	-0,590881
-8,482635	3,770859	-0,741714
-8,508972	3,769653	-0,897339
-8,523331	3,782822	-1,023026
-8,591568	3,855850	-1,072113
-8,671768	3,861832	-1,112808
-8,713669	3,800781	-1,130768
-8,722046	3,906128	-0,997894
-8,677750	3,914505	-0,817123
-8,671768	3,847473	-0,783615
-8,705292	3,848663	-0,770447
-8,665787	3,852249	-0,739319
-8,570023	3,835495	-0,661499
-8,481430	3,788803	-0,563339
-8,457489	3,752899	-0,553772
-8,388062	3,726562	-0,619614
-8,378479	3,721771	-0,721359
-8,415588	3,733749	-0,854233
-8,473053	3,769653	-0,861420
-8,554459	3,801971	-0,701004
-8,664581	3,827118	-0,716568
-8,762756	3,831909	-0,757278
-8,754364	3,835495	-0,721359
-8,725647	3,830704	-0,697418
-8,692123	3,880981	-0,751282
-8,638260	3,880981	-0,758469
-8,593964	3,875000	-0,818329
-8,576004	3,884583	-0,891342
-8,573608	3,898941	-0,873398
-8,577194	3,894150	-0,841064
-8,605927	3,916901	-0,786011
-8,613113	3,961197	-0,667496
-8,613113	3,934860	-0,571716
-8,583191	3,891754	-0,580109
-8,555649	3,933655	-0,631577
-8,500580	3,951614	-0,730942
-8,461075	3,956406	-0,854233
-8,428757	3,973160	-0,936844
-8,432358	3,998306	-0,954788
-8,471863	3,964783	-0,826706
-8,504181	3,965973	-0,793182
-8,559250	3,997101	-0,794388
-8,602341	3,988724	-0,771637
-8,583191	3,915695	-0,780014
-8,565231	3,908524	-0,775223
-8,522141	3,940842	-0,756073
-8,477844	3,886978	-0,824310
-8,380875	3,884583	-0,729736
-8,403625	3,897751	-0,718964
-8,480240	3,939636	-0,726151
-8,446716	3,886978	-0,672272
-8,453903	3,851059	-0,745300
-8,468262	3,851059	-0,812332
-8,486221	3,884583	-0,836288
-8,495804	3,884583	-0,855438
-8,517349	3,846268	-0,890152
-8,598755	3,873810	-0,881775
-8,629868	3,860641	-0,823120
-8,649033	3,840286	-0,777618
-8,724442	3,829514	-0,744110
-8,666977	3,806763	-0,666290
-8,625092	3,817535	-0,665100
-8,583191	3,831909	-0,791992
-8,522141	3,794800	-0,795578
-8,483826	3,785217	-0,668686
-8,422775	3,830704	-0,650726
-8,468262	3,880981	-0,732132
-8,535309	3,811554	-0,934448
-8,611923	3,773239	-0,863815
-8,644241	3,823532	-0,593277
-8,634659	3,825912	-0,466370
-8,647827	3,761276	-0,505875
-8,644241	3,751694	-0,551376
-8,580795	3,793594	-0,545380
-8,541290	3,788803	-0,613617
-8,502975	3,806763	-0,716568
-8,486221	3,822327	-0,854233
-8,499390	3,830704	-0,966766
-8,526917	3,896545	-0,892548
-8,599945	3,934860	-0,817123
-8,655014	3,890564	-0,863815
-8,723251	3,867813	-0,944016
-8,753174	3,916901	-0,955994
-8,692123	3,870209	-0,920074
-8,604736	3,885773	-0,826706
-8,485031	3,853455	-0,838669
-8,447906	3,854645	-0,910507
-8,458694	3,865417	-0,916489
-8,419189	3,877396	-0,787201
-8,475449	3,869019	-0,736923
-8,457489	3,894150	-0,789597
-8,467072	3,904922	-0,799164
-8,456299	3,922882	-0,820724
-8,480240	3,954010	-0,885361
-8,518539	3,970764	-0,946411
-8,520935	3,958801	-0,896133
-8,520935	3,948029	-0,845856
-8,528122	3,951614	-0,835083
-8,574799	3,954010	-0,784805
-8,573608	3,932465	-0,764450
-8,651413	3,962387	-0,695023
-8,686142	3,964783	-0,645935
-8,678955	3,907318	-0,616013
-8,586777	3,916901	-0,513062
-8,502975	3,879791	-0,468765
-8,476639	3,918091	-0,596863
-8,511353	3,930069	-0,708191
-8,510162	3,920486	-0,624390
-8,544876	3,921692	-0,617218
-8,552063	3,920486	-0,716568
-8,523331	3,915695	-0,738113
-8,505371	3,888168	-0,784805
-8,535309	3,903732	-0,784805
-8,632263	3,904922	-0,775223
-8,664581	3,890564	-0,830292
-8,652618	3,884583	-0,851837
-8,566422	3,852249	-0,854233
-8,518539	3,873810	-0,878174
-8,474243	3,871414	-0,873398
-8,480240	3,902527	-0,796783
-8,546082	3,892960	-0,730942
-8,592758	3,880981	-0,696228
-8,601135	3,877396	-0,690231
-8,627472	3,831909	-0,684250
-8,638260	3,798386	-0,752487
-8,604736	3,752899	-0,781219
-8,559250	3,737335	-0,704605
-8,502975	3,721771	-0,704605
-8,498184	3,722961	-0,723755
-8,493408	3,724167	-0,774033
-8,512558	3,760071	-0,850647
-8,584381	3,742126	-0,888947
-8,602341	3,728958	-0,899734
-8,580795	3,731354	-0,793182
-8,601135	3,693039	-0,745300
-8,659805	3,705017	-0,796783
-8,663391	3,688248	-0,764450
-8,626282	3,621216	-0,655518
-8,599945	3,573334	-0,565735
-8,627472	3,570938	-0,627991
-8,663391	3,567352	-0,708191
-8,670578	3,555374	-0,665100
-8,646637	3,521851	-0,586090
-8,719650	3,531433	-0,525040
-8,854935	3,550583	-0,669891
-8,915985	3,556564	-0,645935
-8,945908	3,580521	-0,540604
-8,915985	3,658325	-0,548981
-8,820206	3,675079	-0,645935
-8,778320	3,684662	-0,741714
-8,761551	3,719376	-0,778824
-8,641846	3,725357	-0,762054
-8,528122	3,730148	-0,811142
-8,449112	3,762466	-0,882965
-8,396439	3,810364	-0,836288
-8,332993	3,849854	-0,827896
-8,234833	3,837891	-0,847061
-8,178558	3,889359	-0,904510
-8,149841	3,924088	-0,955994
-8,125900	3,946823	-0,924866
-8,209686	4,039001	-0,772842
-8,277924	4,125198	-0,629181
-8,394043	4,168289	-0,535812
-8,467072	4,197021	-0,647141
-8,486221	4,208984	-0,730942
-8,429962	4,291595	-0,693832
-8,397629	4,374191	-0,714172
-8,327011	4,431656	-0,853043
-8,269547	4,475937	-1,043381
-8,201309	4,533401	-1,136749
-8,099564	4,580093	-1,173859
-8,055267	4,641144	-1,187027
-8,038498	4,695007	-1,193024
-8,115112	4,735718	-1,204987
-8,167786	4,776413	-1,187027
-8,191727	4,806351	-1,153519
-8,233627	4,829086	-1,045776
-8,243210	4,823105	-1,082886
-8,166595	4,813522	-1,064926
-8,070831	4,838669	-0,978729
-8,010971	4,845856	-0,965561
-7,934357	4,862610	-1,039795
-7,838593	4,905701	-1,085281
-7,806274	4,958374	-1,098450
-7,806274	4,991898	-1,057739
-7,864929	5,030197	-1,052963
-7,919998	5,021820	-1,073303
-7,977448	5,039780	-1,045776
-7,978653	5,099640	-0,973953
-7,984634	5,131958	-0,936844
-7,943939	5,158295	-0,947617
-7,856552	5,157089	-0,928452
-7,788315	5,167862	-0,821915
-7,752396	5,161880	-0,807556
-7,729660	5,154694	-0,950012
-7,684158	5,167862	-0,865005
-7,691345	5,190613	-0,741714
-7,692535	5,200195	-0,643555
-7,710495	5,216949	-0,594467
-7,723663	5,215759	-0,562149
-7,650650	5,175049	-0,562149
-7,612335	5,221741	-0,539398
-7,580017	5,298355	-0,583694
-7,571640	5,297150	-0,663895
-7,606354	5,313919	-0,684250
-7,630295	5,400101	-0,690231
-7,594376	5,424042	-0,685440
-7,559662	5,440811	-0,659103
-7,547699	5,455170	-0,663895
-7,527344	5,471939	-0,662704
-7,520157	5,468338	-0,560944
-7,516571	5,554535	-0,531021
-7,502197	5,574890	-0,477158
-7,508194	5,548553	-0,553772
-7,449524	5,594040	-0,542999
-7,406433	5,623962	-0,404129
-7,317856	5,661072	-0,483139
-7,284332	5,704163	-0,607635
-7,263977	5,767609	-0,780014
-7,275955	5,799942	-0,850647
-7,290314	5,862183	-0,699814
-7,284332	5,918457	-0,544189
-7,293915	5,944794	-0,534607
-7,325027	5,965134	-0,542999
-7,261581	5,937607	-0,582489
-7,141876	5,962738	-0,551376
-7,095184	5,998657	-0,544189
-7,072449	6,022598	-0,616013
-7,064072	6,047745	-0,678268
-7,046112	6,075272	-0,683060
-6,987457	6,072876	-0,711777
-6,933578	6,046539	-0,746506
-6,900055	6,077667	-0,704605
-6,945557	6,137527	-0,772842
-6,973083	6,167450	-0,897339
-6,956329	6,202164	-0,942825
-6,962311	6,265610	-0,861420
-6,931183	6,327866	-0,865005
-6,895279	6,332642	-0,894943
-6,859360	6,341034	-0,896133
-6,799500	6,372147	-0,926071
-6,776764	6,403275	-0,890152
-6,792328	6,416443	-0,796783
-6,783951	6,426025	-0,691437
-6,730072	6,451157	-0,631577
-6,698944	6,449966	-0,502289
-6,629517	6,414047	-0,481934
-6,507416	6,442780	-0,460388
-6,366150	6,469116	-0,508270
-6,311081	6,471512	-0,547775
-6,259613	6,457153	-0,560944
-6,301514	6,478699	-0,533417
-6,354187	6,567276	-0,529831
-6,398483	6,607986	-0,559753
-6,421219	6,658264	-0,613617
-6,370941	6,698959	-0,593277
-6,287140	6,755219	-0,564545
-6,215317	6,798325	-0,522644
-6,119553	6,810287	-0,485535
-6,109970	6,830643	-0,556152
-6,060898	6,891693	-0,534607
-6,029770	6,916840	-0,361038
-6,007019	6,952744	-0,285614
-5,978287	6,964722	-0,316742
-5,917236	6,955139	-0,311951
-5,853790	6,967117	-0,286819
-5,779572	6,977890	-0,276031
-5,752045	6,991058	-0,222168
-5,759232	7,023376	-0,157532
-5,764008	7,061676	-0,119217
-5,798737	7,101181	-0,037811
-5,847809	7,123932	-0,036621
-5,843018	7,078445	0,001694
-5,819077	7,140686	0,005280
-5,752045	7,220901	-0,039017
-5,649094	7,240051	-0,137177
-5,503052	7,271179	-0,290405
-5,303131	7,331024	-0,384979
-5,155884	7,359756	-0,497498
-5,109192	7,398071	-0,485535
-5,124756	7,408844	-0,461594
-5,234894	7,413635	-0,412506
-5,362991	7,439972	-0,368210
-5,447983	7,412430	-0,186249
-5,499451	7,408844	0,085480
-5,499451	7,439972	0,142944
-5,552124	7,466309	0,124985
-5,543747	7,474686	0,098648
-5,426437	7,524963	0,055557
-5,245667	7,554886	0,092667
-5,090042	7,589600	0,045975
-4,916473	7,637482	-0,120422
-4,751266	7,656647	-0,171890
-4,576492	7,711700	-0,090485
-4,440018	7,783539	-0,072525
-4,375381	7,781143	-0,048584
-4,356216	7,769165	0,041199
-4,332275	7,726074	0,261459
-4,319107	7,738037	0,479340
-4,315521	7,651855	0,601440
-4,384949	7,649460	0,619400
-4,468750	7,679382	0,516449
-4,496277	7,716492	0,353638
-4,412491	7,705719	0,269836
-4,289185	7,755997	0,182449
-4,265244	7,819443	0,057953
-4,270035	7,857758	-0,113235
-4,322708	7,928391	-0,185059
-4,368195	8,026550	-0,301178
-4,357422	8,101959	-0,319138
-4,315521	8,093582	-0,328705
-4,311935	8,131897	-0,420883
-4,167084	8,178574	-0,425674
-4,042587	8,165405	-0,268860
-3,865417	8,153442	-0,185059
-3,749298	8,160614	-0,060562
-3,708588	8,228851	0,120209
-3,645142	8,263565	0,158508
-3,615219	8,277939	0,092667
-3,521851	8,348572	0,012466
-3,459595	8,392853	0,104645
-3,491913	8,463486	0,225540
-3,538605	8,573624	0,245895
-3,511063	8,616714	0,288986
-3,445236	8,686142	0,312943
-3,331497	8,735229	0,245895
-3,163910	8,792694	0,074707
-2,932877	8,893250	-0,015076
-2,703033	8,935150	-0,086899
-2,522263	8,932755	-0,138367
-2,398956	9,033310	-0,159912
-2,316360	9,072815	-0,106049
-2,386993	9,080002	-0,048584
-2,450439	9,072815	0,071121
-2,530640	9,083588	0,153717
-2,620422	9,089569	0,201599
-2,705414	9,117111	0,229141
-2,680283	9,161392	0,260269
-2,613251	9,184143	0,297379
-2,571350	9,214066	0,323715
-2,511490	9,261948	0,257874
-2,402557	9,223648	0,241104
-2,331924	9,179352	0,298569
-2,264893	9,221252	0,379974
-2,319962	9,221252	0,455383
-2,330734	9,200897	0,546371
-2,367844	9,199707	0,735519
-2,305588	9,197311	0,832474
-2,195450	9,176956	0,819305
-2,054199	9,162598	0,806137
-1,879425	9,144638	0,828888
-1,758514	9,123093	0,837265
-1,705841	9,147034	0,899521
-1,754929	9,130280	0,782196
-1,888992	9,109924	0,728333
-1,995544	9,167389	0,713959
-2,009903	9,180557	0,765442
-2,047012	9,154221	0,668472
-2,035049	9,163788	0,514053
-1,885406	9,144638	0,505676
-1,685486	9,115906	0,614609
-1,546631	9,112320	0,499680
-1,497543	9,115906	0,277023
-1,387405	9,032104	0,237518
-1,271301	9,040497	0,593063
-1,213837	9,068024	0,933029
-1,241364	9,012955	0,898315
-1,279678	8,953094	0,850433
-1,272491	8,993805	0,862411
-1,138412	8,953094	1,018021
-1,031876	8,937546	1,226318
-0,998352	8,947113	1,344833
-0,964828	8,929153	1,331665
-0,891815	8,900436	1,438217
-0,742172	8,887268	1,769806
-0,559021	8,871704	2,156464
-0,521912	8,937546	2,218719
-0,566208	8,962677	2,150482
-0,573380	8,968658	2,172028
-0,621262	9,032104	2,283371
-0,615280	9,125488	2,306107
-0,584152	9,167389	2,371948
-0,497971	9,204498	2,368362
-0,412979	9,296677	2,207947
-0,305237	9,345749	1,978104
-0,192703	9,390045	1,767410
-0,040680	9,399628	1,595032
0,112549	9,410400	1,490875
0,259796	9,409195	1,439407
0,344788	9,410400	1,489685
0,304092	9,434341	1,531586
0,179596	9,492996	1,390320
0,120941	9,528900	1,217941
0,201141	9,561234	1,222733
0,259796	9,609116	1,245483
0,264587	9,570801	1,195206
0,251419	9,563629	1,154495
0,281342	9,583969	1,215546
0,308884	9,604324	1,392715
0,385498	9,599533	1,514832
0,487244	9,532501	1,569885
0,557877	9,556442	1,747055
0,658432	9,558838	1,896698
0,735046	9,475037	2,018799
0,812866	9,447510	2,118164
0,821243	9,497787	2,248642
0,793701	9,519333	2,278580
0,875107	9,551651	2,073868
0,990036	9,599533	1,779388
1,098969	9,615097	1,472931
1,132492	9,630661	1,186813
1,145660	9,600739	1,037186
1,154037	9,592346	0,956970
1,106155	9,623474	0,894730
1,064255	9,624680	0,869583
1,018753	9,546860	0,954575
0,976868	9,514542	1,146118
0,975662	9,373291	1,328079
1,047485	9,277512	1,571091
1,126495	9,236816	1,870361
1,233047	9,211670	2,160065
1,349167	9,136261	2,334839
1,501190	9,137451	2,415039
1,582596	9,162598	2,458145
1,643646	9,144638	2,429413
1,668793	9,158997	2,461731
1,636459	9,224838	2,515594
1,583786	9,218857	2,562286
1,532318	9,203293	2,632919
1,564636	9,167389	2,607773
1,693924	9,190125	2,607773
1,826797	9,260757	2,665237
1,948914	9,287094	2,441376
2,147629	9,208084	2,131332
2,482819	9,143448	1,932617
2,674347	9,232025	1,757843
2,886230	9,266739	1,536377
2,940109	9,230835	1,454971
2,880249	9,252380	1,537567
2,730621	9,223648	1,686005
2,558228	9,205688	1,844025
2,408600	9,179352	2,229492
2,321213	9,176956	2,541931
2,264938	9,135056	2,774170
2,315216	9,076401	2,895081
2,410995	9,016541	2,931000
2,527100	8,930359	3,145279
2,598938	8,902817	3,317657
2,687515	8,845367	3,288925
2,833572	8,808258	3,394272
3,003555	8,757980	3,527145
3,190308	8,698120	3,547501
3,350708	8,657425	3,507996
3,533875	8,641861	3,482864
3,640411	8,580811	3,679184
3,624847	8,610733	3,818054
3,527878	8,623901	3,824036
3,342331	8,604752	3,772552
3,247757	8,553268	3,670807
3,221420	8,525742	3,798889
3,169952	8,573624	3,893463
3,136429	8,593979	3,810867
3,080170	8,541306	3,673203
3,022705	8,505386	3,575043
3,033478	8,435959	3,531937
3,169952	8,371307	3,573837
3,256134	8,321030	3,555878
3,368668	8,221680	3,601364
3,408173	8,234848	3,668411
3,381836	8,231247	3,613342
3,400986	8,137878	3,507996
3,464432	8,087601	3,484055
3,479996	8,064850	3,468491
3,572174	7,904434	3,502014
3,714630	7,855362	3,674393
3,834335	7,855362	3,863541
3,924118	7,770370	3,967682
4,043839	7,693756	4,110138
4,260513	7,608765	4,292099
4,520279	7,600372	4,444138
4,771667	7,591995	4,559052
4,900955	7,668610	4,539902
4,915329	7,710510	4,542297
4,874619	7,766769	4,630875
4,812378	7,858948	4,799667
4,762100	7,906830	4,805649
4,747726	7,949936	4,826004
4,677094	8,032532	4,839172
4,612457	8,061264	4,798477
4,619644	8,111542	4,979233
4,580139	8,134277	5,197113
4,503525	8,164215	5,175552
4,357468	8,171402	4,997192
4,290436	8,125900	4,957687
4,231781	8,076828	4,920578
4,181503	8,044495	4,885864
4,066574	8,012177	4,840378
4,031860	7,959503	4,785309
4,119247	7,927185	4,760162
4,249741	7,887680	4,708694
4,425705	7,858948	4,549469
4,432892	7,862549	4,517151
4,388596	7,802689	4,566238
4,341919	7,760788	4,624893
4,278473	7,753601	4,743408
4,207840	7,697342	4,878677
4,158752	7,627914	4,877487
4,118057	7,570450	4,841568
4,127625	7,505814	5,013947
4,095306	7,438766	5,241394
4,000732	7,407639	5,314423
3,881027	7,313080	5,314423
3,829559	7,212524	5,407791
3,875046	7,190964	5,531097
3,937286	7,169418	5,442520
4,060593	7,101181	5,386246
4,229385	7,065277	5,441315
4,379028	7,019791	5,455673
4,431702	7,038940	5,417374
4,519089	7,044922	5,502365
4,510696	7,044922	5,605316
4,396973	7,049713	5,556244
4,237762	7,053299	5,555038
4,133621	7,029358	5,517929
4,021088	6,987457	5,337173
4,004333	6,967117	5,034302
4,120453	6,916840	5,040283
4,238968	6,927612	5,067825
4,294022	6,890503	4,964874
4,344299	6,855774	4,944519
4,419724	6,836624	5,059433
4,481979	6,842606	5,295273
4,526260	6,786346	5,497574
4,592102	6,704941	5,568207
4,594498	6,720505	5,507156
4,638794	6,731277	5,401810
4,634003	6,730087	5,236618
4,671112	6,748047	4,982819
4,726181	6,701355	4,846359
4,771667	6,691772	4,846359
4,878220	6,684601	4,896637
4,830322	6,621155	5,021133
4,643585	6,592422	5,139648
4,465210	6,640305	5,400620
4,328751	6,639099	5,669968
4,313187	6,666641	5,843536
4,346695	6,649887	5,873474
4,414932	6,639099	5,947693
4,590912	6,588821	5,908188
4,722595	6,568481	5,827972
4,826736	6,536148	5,863892
4,861450	6,503830	5,996765
4,704636	6,520599	5,902206
4,509506	6,489471	5,879456
4,340714	6,399689	5,987198
4,216217	6,366165	6,073380
4,112076	6,354202	5,982407
4,080948	6,315887	6,048248
4,079742	6,326660	6,298447
4,222198	6,325470	6,328369
4,317963	6,285965	6,048248
4,357468	6,264420	5,827972
4,496338	6,215332	5,823196
4,642380	6,131531	5,903397
4,733368	6,098022	6,008743
4,657944	6,024994	6,066208
4,475983	5,925629	6,232605
4,280853	5,820282	6,516312
4,126434	5,777191	6,727005
4,077347	5,676636	6,901779
4,064178	5,634735	7,093307
4,060593	5,629944	7,252533
4,064178	5,534180	7,241760
4,062988	5,450378	7,406952
4,146790	5,353424	7,658340
4,256912	5,339050	7,799606
4,237762	5,353424	7,673904
4,228180	5,342651	7,499130
4,221008	5,280396	7,464417
4,276077	5,240891	7,429703
4,296417	5,245682	7,068176
4,280853	5,163086	6,894592
4,294022	5,123581	7,053818
4,231781	5,113998	7,161545
4,107285	5,066116	7,139999
4,039047	4,976334	7,296829
3,985168	4,893738	7,683487
3,937286	4,865005	8,065353
3,967224	4,850632	8,295197
4,079742	4,745285	8,248520
4,226990	4,589676	8,078522
4,326355	4,542984	7,975571
4,483170	4,479538	8,174301
4,547821	4,402924	8,562164
4,417328	4,382568	8,747711
4,162354	4,333496	8,635178
3,806808	4,412491	8,487930
3,502747	4,461578	8,351471
3,398590	4,370605	8,413712
3,289658	4,345459	8,611237
3,229813	4,301163	8,687851
3,209457	4,299973	8,789612
3,167557	4,303558	8,863831
3,181915	4,241318	8,848267
3,166367	4,218567	8,726166
3,100525	4,247299	8,653137
3,035873	4,237717	8,601669
3,022705	4,157516	8,565750
2,986801	4,088089	8,613632
2,931732	4,047379	8,686661
2,900604	3,976761	8,668701
2,834763	4,044983	8,516663
2,779694	3,998306	8,381393
2,772507	3,943237	8,395767
2,869476	3,865417	8,408936
2,976013	3,813950	8,422104
3,051437	3,827118	8,369431
3,005951	3,870209	8,230560
2,882645	3,834305	8,070145
2,810822	3,694244	8,086914
2,734207	3,694244	8,285629
2,608505	3,658325	8,282028
2,548660	3,551788	8,182678
2,489990	3,488342	8,321533
2,512741	3,436859	8,612442
2,499573	3,385391	8,643555
2,404999	3,222580	8,584900
2,305649	3,169907	8,738129
2,133255	3,116043	8,934448
1,933350	3,019073	9,088882
1,801666	2,942459	9,221756
1,729843	2,902954	9,346252
1,748993	2,831131	9,406113
1,762161	2,749725	9,527023
1,704697	2,724579	9,644333
1,686737	2,675507	9,659897
1,665192	2,627625	9,568924
1,623291	2,588120	9,404922
1,532318	2,573746	9,317535
1,533508	2,570160	9,242111
1,505981	2,534241	9,193024
1,473663	2,488754	9,170288
1,436554	2,431290	9,276825
1,377884	2,444458	9,347458
1,254593	2,431290	9,331894
1,255783	2,335526	9,437241
1,392258	2,244553	9,451599
1,528732	2,196671	9,428864
1,619705	2,118851	9,555756
1,690338	2,050613	9,774826
1,713074	1,990768	10,036987
1,662796	1,940491	10,414078
1,551468	1,922531	10,689407
1,424576	1,877045	10,792358
1,300079	1,815979	10,998260
1,351547	1,817184	11,295135
1,575409	1,839935	11,587234
1,781311	1,860275	11,374146
1,927353	1,927322	10,845032
1,946518	1,971603	10,497864
2,017136	2,066177	10,191406
1,971649	2,140396	9,687439
1,860321	2,212219	9,207397
1,807648	2,278061	8,984741
1,778915	2,324753	8,803970
1,763351	2,336731	8,570541
1,675964	2,421722	8,556168
1,650833	2,457626	8,649551
1,636459	2,349899	8,835098
1,600555	2,319962	9,069733
1,525131	2,349899	9,157120
1,517944	2,347504	9,207397
1,546677	2,317566	9,272034
1,567032	2,275681	9,293579
1,590973	2,284058	9,372589
1,641251	2,278061	9,525818
1,644836	2,263702	9,614410
1,620895	2,252930	9,511459
1,516754	2,311584	9,438431
1,435349	2,305603	9,269638
1,394653	2,294830	9,146347
1,409012	2,278061	9,146347
1,403030	2,279266	9,122406
1,467667	2,269684	9,008682
1,519150	2,263702	8,884171
1,543091	2,286453	8,633987
1,498795	2,258911	8,548996
1,438950	2,230179	8,638779
1,355148	2,188278	8,684265
1,351547	2,074554	8,771652
1,377884	2,025482	8,867416
1,331207	2,029068	9,127182
1,227051	1,976395	9,395340
1,096573	1,899780	9,535400
0,883484	1,825562	9,527023
0,772156	1,808807	9,567719
0,688354	1,804016	9,645538
0,568649	1,739365	9,722153
0,450134	1,671143	9,747284
0,361557	1,598114	9,722153
0,404648	1,588531	9,686234
0,520767	1,547836	9,619202
0,644073	1,455658	9,548569
0,709915	1,416153	9,576096
0,608154	1,432907	9,620392
0,445343	1,442490	9,501877
0,282547	1,340744	9,432449
0,104172	1,303635	9,395340
0,041931	1,320389	9,403717
0,013199	1,325180	9,434845
0,029953	1,308411	9,341476
0,001221	1,276093	9,123596
-0,015533	1,291656	8,967972
0,008408	1,222229	8,899734
-0,001175	1,213852	8,831512
-0,045456	1,209061	8,881790
-0,065811	1,173141	8,977554
-0,007156	1,095337	9,024231
-0,071793	1,070190	9,024231
-0,146027	1,024704	9,021851
-0,100525	0,914566	9,167892
-0,022720	0,901398	9,464767
0,057495	0,940903	9,567719
0,069458	0,980408	9,522232
0,063477	0,943298	9,584488
0,041931	0,871475	9,716156
-0,046661	0,964844	9,765244
-0,100525	0,964844	9,855026
-0,056244	0,982803	9,918472
0,055099	1,017517	9,906494
0,137695	1,052231	9,868195
0,201141	1,076172	9,832275
0,172409	1,114487	9,758057
0,129318	1,134842	9,633560
0,147278	1,151596	9,755661
0,172409	1,167160	9,950790
0,204727	1,127655	10,054947
0,265778	1,136032	10,051346
0,280151	1,169556	10,247681
0,268173	1,219833	10,362595
0,177200	1,200684	10,350632
0,091003	1,201874	10,359009
-0,004761	1,260529	10,402100
-0,051453	1,201874	10,527802
-0,114899	1,188705	10,752853
-0,105316	1,183914	11,022202
-0,028702	1,209061	11,098816
0,053894	1,182724	11,032974
0,120941	1,176727	10,898895
0,156845	1,191101	10,797150
0,183182	1,244965	10,789963
0,183182	1,277298	10,721725
0,095795	1,228210	10,819885
0,055099	1,206665	10,991074
0,025162	1,243774	10,955154
0,063477	1,193497	10,840240
0,179596	1,171951	10,809113
0,256210	1,195892	10,648697
0,306488	1,157578	10,550537
0,355560	1,155182	10,564911
0,308884	1,144409	10,457169
0,284943	1,101318	10,293167
0,226273	1,095337	10,150711
0,185577	1,086945	10,013046
0,217896	1,074982	9,986710
0,277756	1,027100	10,003464
0,320847	1,018723	9,896927
0,336411	1,016327	9,706589
0,262192	0,995972	9,596451
0,280151	0,956467	9,653915
0,332825	0,819992	9,639542
0,325638	0,809219	9,692215
0,326843	0,828384	9,843048
0,341202	0,793655	9,887344
0,246628	0,787674	9,760452
0,079041	0,784088	9,638351
-0,031097	0,773315	9,655106
-0,179535	0,769714	9,665878
-0,262131	0,746979	9,597656
-0,244186	0,736206	9,546173
-0,129257	0,744583	9,529419
-0,007156	0,724228	9,416885
0,113754	0,660782	9,424072
0,179596	0,702682	9,382172
0,183182	0,717041	9,190628
0,126923	0,688324	9,137970
0,031158	0,678741	9,196625
-0,055038	0,630859	9,346252
-0,057434	0,594940	9,510254
0,009598	0,627258	9,699402
0,029953	0,642822	9,817917
-0,061020	0,620087	9,967560
-0,141235	0,647614	10,059738
-0,168762	0,639236	10,081284
-0,219040	0,682327	10,021423
-0,196304	0,724228	9,901718
-0,152008	0,750565	9,805939
-0,159180	0,794861	9,685043
-0,169968	0,825989	9,549759
-0,253754	0,869080	9,394150
-0,256149	0,916962	9,330704
-0,199890	0,888229	9,361816
-0,074188	0,821198	9,469559
-0,014343	0,825989	9,612015
-0,002365	0,840347	9,741302
0,016785	0,822388	9,923264
-0,014343	0,839157	9,963959
-0,009552	0,770920	10,050156
-0,014343	0,778107	10,191406
-0,116089	0,770920	10,251266
-0,226227	0,786484	10,242889
-0,336365	0,800842	10,210571
-0,379456	0,822388	10,153107
-0,355515	0,853516	10,054947
-0,311218	0,840347	9,861008
-0,302841	0,854721	9,702988
-0,237000	0,875061	9,556946
-0,260941	0,914566	9,297180
-0,264526	0,957672	9,029022
-0,260941	1,023499	8,902130
-0,275299	1,095337	8,809952
-0,282486	1,084564	8,663910
-0,240585	1,092941	8,521454
-0,016739	0,987595	8,586105
0,255005	0,737396	8,673492
0,450134	0,500366	8,850662
0,505203	0,378265	9,137970
0,464508	0,324402	9,475540
0,383102	0,342361	9,951996
0,249023	0,320801	10,277603
0,137695	0,287292	10,429642
