-0,654785	1,890213	9,379776
-0,629654	1,857880	9,370193
-0,641617	1,792038	9,363022
-0,711044	1,833939	9,369003
-0,772110	1,912949	9,457596
-0,824768	1,947662	9,565323
-0,804428	1,971603	9,620392
-0,805618	1,950058	9,695816
-0,802032	1,953659	9,750885
-0,802032	1,950058	9,747284
-0,867874	1,921326	9,701797
-0,912170	1,910553	9,632370
-0,899002	1,915344	9,527023
-0,788864	1,902176	9,422867
-0,663162	1,966827	9,227753
-0,689499	2,087723	9,023041
-0,895401	2,171524	8,884171
-1,201859	2,257721	8,808762
-1,513107	2,270889	8,921295
-1,667542	2,303207	9,039795
-1,675919	2,313980	9,169083
-1,634018	2,361862	9,388153
-1,568176	2,476791	9,518646
-1,593307	2,578537	9,609619
-1,617249	2,618042	9,850235
-1,611267	2,658752	10,029800
-1,515503	2,698242	10,210571
-1,423325	2,698242	10,353027
-1,353897	2,699448	10,572083
-1,298828	2,649170	11,020996
-1,286850	2,686279	11,504639
-1,224609	2,768875	11,999039
-1,114471	2,914932	12,459915
-1,079758	3,166321	12,863342
-0,993561	3,317154	13,235641
-0,778091	3,351868	13,344574
-0,626053	3,371017	13,381683
-0,493179	3,447632	13,408020
-0,418961	3,599670	13,385269
-0,396210	3,816345	13,282333
-0,398605	4,144348	13,216492
-0,135239	4,230545	13,187759
0,277756	4,144348	12,990234
0,587799	4,115616	12,949539
0,791306	4,106033	12,956711
0,820038	4,195816	13,030930
0,685959	4,368210	13,253601
0,489639	4,478333	13,568436
0,237061	4,584885	13,934753
-0,017929	4,812332	14,426758
-0,244186	5,019424	14,874466
-0,333969	5,209763	15,255142
-0,390228	5,400101	15,373657
-0,585358	5,564102	14,934326
-0,544647	5,669449	15,068405
-0,428528	5,774796	15,366486
-0,356705	5,886124	15,562805
-0,293259	5,814301	15,699280
-0,327972	5,732895	15,860886
-0,304031	5,702972	16,777863
-0,078979	5,616776	17,617035
0,202332	5,477921	18,063553
0,425003	5,336655	18,378387
0,422607	5,234909	18,545975
0,256210	5,196594	18,751877
0,219101	5,189423	18,920670
0,178391	5,137939	18,918274
0,126923	4,996689	18,666885
0,162827	4,787186	18,283813
0,225082	4,619598	17,725967
0,281342	4,499893	17,231567
0,407043	4,401718	16,816162
0,440567	4,347855	16,492950
0,384293	4,321518	16,278671
0,379501	4,216171	15,981781
0,478867	4,182648	15,692093
0,712296	4,108429	15,562805
0,921799	3,902527	15,074387
0,944534	3,691849	14,353729
0,979263	3,627197	13,550476
1,042709	3,551788	12,410843
0,747025	3,738525	11,015015
0,696747	3,610443	9,535400
0,624908	3,621216	8,472382
0,526749	3,606842	7,799606
0,545898	3,360245	6,863464
0,293320	3,537415	6,159576
0,368729	3,586502	5,989594
0,593796	3,531433	5,686722
0,621323	3,491928	5,488007
0,472885	3,562561	5,124084
0,014389	3,848663	4,926559
0,371124	3,404541	4,761368
0,457321	3,344681	4,600952
0,490845	3,339890	4,652420
0,493240	3,131607	4,573410
0,415421	2,990341	4,088593
0,270569	2,876617	3,434967
0,083832	2,863449	2,628128
0,159241	2,815567	2,023590
0,160446	2,834717	1,616577
-0,147217	3,138779	1,369980
-0,202286	3,058578	1,107803
-0,197495	2,752121	0,253082
-0,566208	2,766479	-0,489120
-0,596130	2,790421	-0,959579
-0,357910	2,805984	-1,183441
-0,189117	2,884995	-1,193024
-0,220245	3,017868	-1,364197
-0,621262	3,476364	-1,165482
-0,020325	2,887390	-1,781998
0,124527	2,533051	-2,956345
-0,153198	2,632416	-3,594406
-0,264526	2,820358	-3,727280
-0,371078	3,083710	-3,594406
-0,414169	3,162720	-3,416031
-0,440506	3,088501	-3,393295
-0,396210	3,094498	-3,729675
-0,254959	3,156738	-4,079224
-0,223831	3,212997	-4,297104
-0,289673	3,375809	-4,678970
-0,635635	3,588898	-5,032120
-0,792450	3,537415	-5,440338
-0,897797	3,424896	-5,725235
-1,115677	3,362640	-5,797073
-1,327560	3,380600	-5,773132
-1,538254	3,479950	-5,654617
-1,653168	3,507492	-5,527725
-1,550217	3,457214	-5,238022
-1,408966	3,414124	-4,836990
-1,320374	3,391373	-4,362946
-1,300018	3,320740	-3,967896
-1,285660	3,144775	-3,545319
-1,085739	2,847885	-3,053314
-0,830765	2,551010	-2,661865
-0,689499	2,464813	-2,440399
-0,623657	2,596497	-2,281189
-0,609299	2,736557	-2,272797
-1,027084	3,238144	-2,132736
-1,751328	3,847473	-1,123581
-0,671539	2,474396	-1,738892
-0,557816	2,041046	-3,194565
-1,535858	2,695862	-3,805084
-2,252914	3,441650	-3,661438
-3,004700	4,272430	-3,082047
-2,645569	3,768463	-2,591232
-1,804001	2,867035	-3,189789
-1,818375	3,050201	-3,462723
-1,938080	3,660721	-3,006622
-2,123627	4,125198	-2,514618
-2,049408	4,165894	-2,175842
-1,851883	3,934860	-1,760437
-1,448471	3,830704	-1,668274
-1,103699	3,951614	-1,553345
-0,951675	4,174271	-1,283997
-0,835556	4,236526	-1,060135
-0,634430	4,145538	-0,754883
-0,412979	4,064148	-0,334702
-0,260941	4,078506	-0,003098
-0,485992	4,472351	0,540390
-0,465652	4,570511	1,372375
0,626114	3,840286	1,055145
0,618927	4,164703	0,611008
0,339996	4,815918	0,828888
0,170013	5,524597	1,065918
0,129318	5,898102	1,101822
0,142487	6,015411	1,022812
0,015594	5,975906	0,660095
-0,432129	6,264420	0,442215
-0,181931	5,888519	0,267441
0,520767	5,311523	-0,847061
0,587799	5,726913	-1,622772
0,705124	6,198578	-1,432434
0,960098	6,342224	-0,963181
0,981644	6,434402	-0,541794
1,155228	6,325470	-0,037811
1,584991	6,034576	0,474548
1,705902	6,048935	1,025208
1,501190	6,513412	1,304138
1,295288	7,214905	1,585449
1,500000	7,455536	1,657272
2,296066	7,122742	0,570312
2,280502	7,242447	-0,412506
2,287689	7,338211	-1,025421
2,291275	7,345398	-1,578491
2,315216	7,291519	-2,084854
2,426544	7,352585	-2,293152
2,662384	7,491440	-2,294357
2,954468	7,569260	-2,035782
3,351913	7,575241	-1,691010
3,723007	7,578827	-1,114014
3,858276	7,815857	-0,302368
4,203049	7,898453	0,567917
5,032639	7,772766	1,392715
5,893356	7,951126	2,028381
5,643158	8,902817	2,435394
5,197845	9,492996	2,363571
4,963211	9,516937	1,772202
5,474365	9,027328	0,419479
5,834702	8,967468	-1,149918
5,817932	9,398422	-2,159073
6,428452	9,507355	-3,374130
6,817520	9,716858	-4,613129
6,885757	10,043655	-4,880081
6,968353	10,301041	-4,963882
7,350220	10,105911	-5,435547
8,000259	9,794662	-5,901215
8,868149	9,685730	-5,672562
9,694153	9,882050	-5,071625
10,346573	10,289062	-4,500610
11,225235	10,370468	-4,201324
12,113495	10,255554	-4,511383
12,855698	10,184921	-5,182953
13,242355	10,710449	-5,306259
13,813370	10,959442	-5,628281
14,384384	11,006134	-5,896423
14,848862	11,213226	-5,492996
15,904709	10,648193	-5,666580
16,503265	10,462646	-6,154999
16,285385	11,173721	-5,726440
16,699585	11,380829	-5,549271
17,182022	11,231186	-5,515747
17,380737	11,161758	-5,631866
17,465729	11,223999	-6,030502
17,529175	11,356873	-6,372879
17,414261	11,552002	-6,284286
17,858383	11,003738	-6,697281
18,195953	10,324982	-7,812988
17,803314	10,469833	-8,400757
17,312500	10,839737	-8,245132
17,161667	10,554825	-8,306198
16,949783	10,128662	-8,267883
16,703171	9,789871	-7,786652
16,510437	9,679749	-6,961853
16,162079	9,592346	-6,037689
15,743103	9,363708	-5,290695
15,315735	9,164993	-4,765167
14,772247	9,107529	-4,491028
14,201233	9,075211	-4,505402
13,680496	9,042877	-4,735245
13,286652	9,053665	-5,045288
12,977798	9,057251	-5,277527
12,709641	9,004578	-5,412796
12,401993	9,081192	-5,345764
12,167358	9,100342	-5,261963
12,071594	9,054855	-5,076416
11,953079	8,986618	-4,813049
11,868088	8,871704	-4,467087
11,611908	8,808258	-3,990646
11,382065	8,747208	-3,433990
11,286301	8,609528	-2,896484
11,245590	8,421585	-2,313507
11,180954	8,214493	-1,719742
10,952301	8,127106	-1,166687
10,675766	8,107956	-0,602844
10,436356	8,087601	0,102249
10,158630	7,999008	0,698395
9,756393	7,916412	0,990494
9,339813	7,881699	1,064713
8,991455	7,943939	0,990494
8,619156	8,058868	0,765442
8,263611	8,131897	0,329697
8,045746	8,075623	-0,103653
7,886520	7,928391	-0,367020
7,691406	7,741638	-0,501099
7,459167	7,590805	-0,623199
7,141937	7,483063	-0,787201
6,681046	7,417221	-0,904510
6,281219	7,370529	-1,015854
6,001099	7,236465	-0,946411
5,791595	7,035339	-0,797974
5,550980	6,888107	-0,592072
5,260086	6,815079	-0,462784
5,088898	6,730087	-0,307159
4,833923	6,643890	-0,042603
4,448456	6,623550	0,099854
3,992355	6,622345	0,110626
3,606888	6,554108	0,198013
3,251358	6,574463	0,395538
2,858704	6,683395	0,557144
2,537888	6,692978	0,605026
2,296066	6,570877	0,662491
1,924973	6,521790	0,773819
1,538300	6,570877	0,959366
1,250992	6,609177	1,235901
1,073822	6,545731	1,379547
0,901443	6,414047	1,451385
0,639282	6,300323	1,523209
0,304092	6,295532	1,511230
-0,027512	6,373352	1,375961
-0,332764	6,404480	1,052750
-0,646408	6,312302	0,675659
-0,997162	6,159073	0,359619
-1,194687	6,076462	0,215973
-1,326355	6,119568	0,109421
-1,490356	6,143509	-0,127594
-1,756119	6,136322	-0,471161
-2,129608	6,118362	-0,888947
-2,460022	6,150696	-1,244492
-2,668304	6,142303	-1,481522
-2,765274	6,013016	-1,736496
-2,894562	5,929230	-1,986694
-3,125610	5,887329	-2,392517
-3,305176	5,825073	-2,766006
-3,332703	5,729309	-3,068878
-3,479950	5,542557	-3,240067
-3,653519	5,295959	-3,425613
-3,792389	5,098434	-3,583633
-4,041382	4,991898	-3,745239
-4,299957	4,914078	-3,994232
-4,516632	4,868591	-4,215698
-4,681839	4,794373	-4,458710
-4,841049	4,769241	-4,637070
-5,030197	4,774017	-4,755585
-5,242081	4,746490	-4,992615
-5,421646	4,720154	-5,410400
-5,522202	4,704590	-5,757568
-5,579666	4,752472	-6,110703
-5,633530	4,791977	-6,392029
-5,659866	4,833878	-6,627853
-5,753235	4,799164	-6,803833
-5,823868	4,745285	-6,990570
-5,811905	4,777618	-7,043243
-5,778381	4,912888	-7,012131
-5,710144	4,975128	-6,965439
-5,684998	4,866196	-6,899597
-5,608383	4,656708	-6,748764
-5,513824	4,501083	-6,576385
-5,413269	4,407715	-6,363297
-5,297150	4,321518	-6,199295
-5,185806	4,179062	-6,128662
-5,050537	4,049774	-6,218445
-4,923645	3,969574	-6,444702
-4,940414	3,938446	-6,735596
-5,081665	4,107239	-7,055222
-5,206161	4,374191	-7,416748
-5,345032	4,529816	-7,668137
-5,469528	4,602844	-7,781860
-5,578461	4,627975	-7,939880
-5,590439	4,691422	-8,000931
-5,623947	4,818314	-7,787842
-5,695786	4,941620	-7,738770
-5,710144	4,994293	-7,656158
-5,675430	5,063721	-7,428711
-5,598816	5,245682	-7,154587
-5,520996	5,476715	-6,842133
-5,396500	5,550934	-6,465042
-5,204971	5,547348	-6,089157
-5,018219	5,651505	-5,625885
-4,995468	5,865784	-5,259567
-5,062515	6,039352	-5,095566
-4,989487	6,059708	-4,866913
-4,876968	6,023788	-4,555679
-4,867386	6,108795	-4,203720
-4,898514	6,198578	-3,826645
-4,796753	6,257233	-3,504623
-4,668671	6,313492	-3,210129
-4,618393	6,576859	-2,956345
-4,455582	6,843811	-2,622360
-4,132370	7,144287	-2,319489
-3,827103	7,454330	-2,027390
-3,606842	7,842194	-1,835861
-3,558960	8,176178	-1,860992
-3,599655	8,530518	-2,062119
-3,643951	8,787903	-2,200974
-3,714569	8,966263	-2,252457
-3,857025	9,162598	-2,326675
-3,951599	9,313431	-2,493073
-3,969559	9,507355	-2,670242
-3,909698	9,551651	-2,799530
-3,689438	9,497787	-2,921631
-3,361435	9,410400	-2,792343
-2,905334	9,191330	-2,463135
-2,669510	9,281113	-2,063309
-2,635986	9,647415	-1,766434
-2,442062	9,721634	-1,397720
-2,169113	9,724030	-1,018234
-1,827942	9,850922	-0,619614
-1,608871	10,049652	-0,284424
-1,468811	10,269913	-0,097672
-1,389801	10,418350	-0,006683
-1,323959	10,575180	0,121399
-1,169540	10,679321	0,381165
-1,000748	10,824173	0,705582
-0,629654	10,779877	1,057526
-0,186722	10,821777	1,454971
0,132904	11,173721	1,896698
0,480072	11,475388	2,361176
0,897858	11,568771	2,762207
1,321625	11,583130	3,077042
1,656815	11,611862	3,382309
1,944122	11,701645	3,694748
2,199097	11,765091	4,195129
2,462463	11,748337	4,538696
2,727020	11,683685	4,805649
2,984406	11,572357	4,952896
3,236984	11,440674	5,101334
3,445282	11,395187	5,309631
3,709839	11,371246	5,526306
3,970810	11,402374	5,552643
4,365860	11,422714	5,434128
4,796814	11,403564	5,161194
5,155945	11,311386	4,660812
5,546188	11,098312	4,037109
5,790405	10,992966	3,251816
5,908920	11,067184	2,278580
6,187836	11,153366	1,476517
6,517044	11,107880	0,977325
6,849838	10,980988	0,468552
7,188614	10,686508	0,198013
7,479507	10,426727	0,237518
7,662674	10,224426	0,423065
7,710556	10,064011	0,776215
7,784775	9,832977	1,198792
7,932022	9,601929	1,729111
7,976303	9,398422	2,167252
7,866180	9,187729	2,506027
7,704575	8,999786	2,681992
7,657883	8,796280	2,769394
7,604019	8,767548	2,617355
7,511841	8,757980	2,425812
7,406494	8,665802	2,154083
7,237701	8,577209	1,841629
6,989899	8,550873	1,399902
6,665482	8,487427	0,877960
6,451202	8,347366	0,474548
6,297974	8,226456	0,074707
6,160309	8,097168	-0,286819
6,099258	7,930771	-0,578903
6,123199	7,844589	-0,774033
6,199814	7,694946	-0,879379
6,382965	7,442368	-0,951202
6,653519	7,261597	-0,996689
6,914474	7,114349	-0,967957
7,048553	6,986267	-1,031403
7,123978	6,819870	-1,306747
7,138336	6,688187	-1,626373
7,123978	6,666641	-1,752060
7,109604	6,684601	-1,754456
7,084473	6,681000	-1,881348
7,043762	6,666641	-2,038177
7,053345	6,672623	-2,197388
7,052155	6,655869	-2,403290
7,223328	6,609177	-2,424835
7,423248	6,586426	-2,433212
7,583664	6,619949	-2,536163
7,706955	6,671432	-2,645096
7,812302	6,624741	-2,792343
7,858994	6,555313	-3,107178
7,814697	6,542145	-3,468704
7,763229	6,526581	-3,825439
7,655487	6,489471	-4,339005
7,594437	6,440384	-4,744812
7,624359	6,408066	-4,960297
7,642319	6,323074	-5,053665
7,661469	6,293137	-5,082397
7,601624	6,247650	-5,127884
7,594437	6,260818	-5,113525
7,535782	6,290756	-5,030930
7,447189	6,360184	-4,977051
7,358612	6,352997	-4,901642
7,345444	6,332642	-4,766357
7,325089	6,287155	-4,567642
7,267624	6,294342	-4,395264
7,066513	6,347015	-4,306671
6,755264	6,420029	-4,238449
6,503876	6,494263	-4,280334
6,327896	6,586426	-4,263580
6,187836	6,641495	-4,350967
6,114822	6,629532	-4,382095
6,124390	6,648682	-4,292313
6,095657	6,649887	-4,112747
5,969971	6,712128	-3,882904
5,805969	6,694168	-3,764389
5,710205	6,709732	-3,746429
5,606049	6,672623	-3,742844
5,501907	6,582840	-3,727280
5,315155	6,503830	-3,648270
5,082916	6,465530	-3,433990
4,885391	6,448761	-3,201752
4,722595	6,411652	-2,975494
4,551407	6,418839	-2,710938
4,349091	6,331451	-2,381744
4,151566	6,199768	-2,081268
3,904968	6,058517	-1,826279
3,609283	6,050125	-1,649109
3,311203	6,042953	-1,628769
3,202271	6,090836	-1,377365
3,058624	6,196182	-1,056549
2,886230	6,307510	-0,699814
2,847931	6,303925	-0,194641
2,851517	6,266800	0,212372
2,821594	6,293137	0,612213
2,768921	6,288361	1,081467
2,736603	6,150696	1,264633
2,559433	6,190186	1,457367
2,200302	6,428421	1,997253
2,025528	6,549316	2,479691
1,881866	6,688187	2,956131
1,683151	6,701355	3,230270
1,440140	6,688187	3,348785
1,243820	6,757614	3,516373
1,186356	6,724106	3,606155
1,154037	6,652267	3,671997
0,870316	6,715714	3,776154
0,557877	6,797119	3,873108
0,413025	6,726501	4,000000
0,316055	6,652267	4,064651
0,141281	6,627136	4,079010
0,094604	6,554108	4,238235
0,197556	6,406876	4,481247
0,320847	6,311096	4,764954
0,563858	6,072876	4,802063
0,812866	5,850220	4,987610
0,814056	5,997467	6,079376
0,833206	6,030975	6,995148
0,853561	6,119568	7,599686
0,937363	5,983093	8,224579
0,881088	5,940002	8,758484
0,640472	6,105194	9,086487
0,694351	5,991470	8,880585
0,739838	5,924438	8,604050
0,659637	6,023788	8,438858
0,509995	6,099213	8,080917
0,363953	6,105194	7,711014
0,265778	6,101608	7,458435
0,270569	6,089630	7,424911
0,190369	6,033371	7,812775
0,091003	6,084854	8,380203
-0,039474	5,983093	8,692642
-0,123276	5,777191	9,195419
-0,101730	5,638336	9,936432
-0,096939	5,833450	10,252457
-0,140030	6,045349	10,191406
0,016785	5,938797	10,483505
0,160446	5,900497	10,622375
0,241837	5,987885	10,329071
0,359161	5,935211	9,809540
0,530350	5,784378	9,210983
0,608154	5,668259	8,657928
0,682373	5,523407	8,149155
0,792511	5,291168	7,866638
0,821243	4,991898	7,758896
0,782928	4,655502	7,780457
0,617737	4,503479	8,198242
0,323242	4,322708	8,952408
0,093399	4,155121	9,603638
-0,123276	4,206604	10,106415
0,006012	3,992310	11,167053
-0,050247	3,891754	12,032547
-0,305237	3,967178	12,292328
-0,433319	4,064148	12,391678
-0,513535	4,127594	12,510193
-0,616486	4,139557	12,441956
-0,640427	4,094070	12,151062
-0,500366	3,968369	11,797928
-0,384247	3,897751	11,505829
-0,270523	3,867813	11,216125
-0,228622	3,790009	10,970718
-0,149612	3,713394	10,756439
-0,159180	3,612839	10,707367
-0,300446	3,566147	10,804321
-0,523102	3,542206	10,883331
-0,761322	3,465591	10,958755
-1,042648	3,376999	10,994659
-1,227005	3,220184	10,931213
-1,170731	3,013092	11,032974
-1,265305	3,098083	11,214935
-1,237778	3,147156	11,503433
-1,153976	3,034637	11,651871
-1,207840	2,980759	11,601593
-1,137222	2,845490	11,369354
-0,973221	2,699448	11,270004
-0,748154	2,652756	11,657867
-0,575775	2,724579	11,996643
-0,567398	2,770081	12,082825
-0,676331	2,709030	11,996643
-0,720627	2,584518	12,012207
-0,702667	2,480377	12,009811
-0,693100	2,501923	11,996643
-0,742172	2,546219	11,963120
-0,732605	2,539032	11,848206
-0,671539	2,436081	11,679413
-0,628448	2,348694	11,518997
-0,626053	2,378616	11,262817
-0,572189	2,381012	11,007828
-0,494370	2,413345	10,758835
-0,478806	2,382217	10,536179
-0,439316	2,316376	10,372177
-0,362701	2,298416	10,277603
-0,339951	2,305603	10,260849
-0,320801	2,328339	10,301544
-0,290863	2,273285	10,313522
-0,235794	2,263702	10,263245
-0,219040	2,263702	10,119583
-0,300446	2,297226	9,998672
-0,316010	2,233780	10,027405
-0,359100	2,170334	10,082474
-0,457260	2,123642	10,190216
-0,630844	2,158356	10,266830
-0,836746	2,164337	10,199799
-0,930115	2,159561	10,125565
-0,955261	2,127228	10,054947
-0,942093	2,097305	10,022614
-0,879837	2,085327	10,025009
-0,833160	2,076950	9,985504
-0,812805	2,092514	9,925659
-0,663162	2,048218	9,950790
-0,551834	2,003937	10,081284
-0,531479	1,978790	10,137543
-0,520706	1,989563	10,162674
-0,514725	1,983582	10,150711
-0,474030	1,938095	10,098038
-0,436920	1,936890	9,998672
-0,395020	1,924927	9,951996
-0,276505	1,893799	9,895721
-0,159180	1,874649	9,840668
-0,157990	1,951263	9,784393
-0,306427	2,019501	9,705383
-0,390228	1,991959	9,650330
-0,493179	1,950058	9,527023
-0,615280	1,934494	9,455200
-0,620071	1,922531	9,570114
-0,622467	1,945267	9,738907
-0,620071	1,989563	9,767639
-0,525497	1,953659	9,746094
-0,403397	1,947662	9,687439
-0,314804	1,965622	9,538986
-0,199890	1,957245	9,410904
-0,155594	1,968018	9,255280
-0,165176	1,997940	9,250488
-0,208267	2,032669	9,189438
-0,345932	2,082947	9,029022
-0,402191	2,085327	8,872208
-0,354309	2,067383	8,867416
-0,367477	2,080551	9,007477
-0,383041	2,084137	9,123596
-0,418961	2,161942	9,213379
-0,396210	2,122452	9,273239
-0,282486	2,051819	9,442032
-0,258545	1,995544	9,644333
-0,207077	2,005127	9,899323
-0,161575	1,997940	10,045364
-0,135239	1,981186	10,059738
-0,049057	1,982376	9,930450
0,025162	1,982376	9,835876
0,009598	2,025482	9,770035
-0,009552	2,014709	9,673065
-0,064621	2,037445	9,602432
-0,191513	2,078156	9,477936
-0,204681	2,069778	9,431259
-0,179535	2,043442	9,491104
-0,253754	2,072159	9,550964
-0,319595	2,075760	9,592865
-0,373474	2,051819	9,583282
-0,465652	2,048218	9,439636
-0,453674	2,058990	9,360626
-0,387833	2,045822	9,459976
-0,422546	2,030273	9,564133
-0,454865	2,074554	9,729324
-0,445297	2,029068	9,792770
-0,304031	1,963226	9,764053
-0,131653	1,958435	9,859818
-0,053848	2,020691	9,913681
-0,013138	1,995544	9,881363
0,049103	2,020691	9,741302
0,099380	2,019501	9,533005
0,167618	2,050613	9,402527
0,111359	2,045822	9,297180
-0,004761	2,073364	9,194229
-0,080185	2,073364	9,148743
-0,081375	2,027878	9,193024
-0,038284	2,051819	9,359421
-0,041870	2,073364	9,576096
-0,112503	2,056610	9,781998
-0,254959	2,096115	9,701797
-0,344742	2,112869	9,552155
-0,332764	2,080551	9,500687
-0,327972	2,060196	9,509064
-0,344742	2,054214	9,538986
-0,266922	2,051819	9,582092
-0,153198	2,051819	9,634766
-0,096939	2,042236	9,640747
-0,105316	2,066177	9,613205
-0,130463	2,063782	9,522232
-0,101730	1,994354	9,480331
-0,120880	1,994354	9,464767
-0,183136	2,036255	9,455200
-0,175949	2,056610	9,463577
-0,116089	2,035049	9,517441
-0,065811	2,012314	9,531815
-0,090958	2,073364	9,512650
-0,067017	2,110474	9,509064
-0,045456	2,067383	9,610825
0,023972	2,037445	9,687439
0,056290	2,078156	9,730530
0,064667	2,134415	9,740097
-0,032288	2,152374	9,598846
-0,095734	2,136810	9,552155
-0,142426	2,099701	9,646729
-0,217850	2,098495	9,771225
-0,294464	2,093719	9,747284
-0,277695	2,100891	9,718552
-0,246582	2,090118	9,669479
-0,214249	2,074554	9,621597
-0,197495	2,092514	9,495895
-0,160385	2,097305	9,312744
-0,061020	2,102097	9,167892
0,027557	2,061386	8,984741
0,037140	2,031464	8,896149
0,017990	2,092514	8,872208
0,007217	2,082947	8,950012
0,028763	2,053009	8,938049
0,019180	2,093719	8,880585
0,025162	2,094910	8,985931
0,017990	2,069778	9,159515
-0,094543	2,054214	9,365417
-0,220245	2,086533	9,518646
-0,299255	2,087723	9,595261
-0,294464	2,094910	9,675461
-0,365082	2,112869	9,665878
-0,366287	2,112869	9,637161
-0,312408	2,082947	9,627579
-0,282486	2,072159	9,717361
-0,257355	2,093719	9,787994
-0,192703	2,117661	9,770035
-0,209473	2,111664	9,740097
-0,128067	2,018295	9,657501
-0,070602	2,039841	9,591660
-0,040680	2,056610	9,595261
-0,033493	2,078156	9,516251
-0,092148	2,111664	9,363022
-0,049057	2,109283	9,278030
-0,112503	2,090118	9,257675
-0,148407	2,086533	9,333084
-0,113693	2,093719	9,398926
-0,059830	2,110474	9,462372
0,000031	2,104492	9,600037
-0,011948	2,081741	9,693420
-0,094543	2,115265	9,695816
-0,168762	2,098495	9,722153
-0,196304	2,128433	9,723343
-0,241791	2,106888	9,680252
-0,239395	2,084137	9,588074
-0,250168	2,112869	9,470764
-0,209473	2,121246	9,385757
-0,169968	2,099701	9,376190
-0,177139	2,105682	9,385757
-0,122070	2,092514	9,369003
-0,035889	2,096115	9,347458
-0,015533	2,141602	9,438431
-0,033493	2,128433	9,571320
-0,062225	2,102097	9,681442
-0,074188	2,076950	9,711380
-0,104126	2,069778	9,702988
-0,075394	2,049423	9,770035
-0,117294	2,051819	9,779602
-0,153198	2,063782	9,706589
-0,233414	2,080551	9,493500
-0,225021	2,092514	9,452805
-0,197495	2,049423	9,537796
-0,207077	2,041046	9,609619
-0,126862	2,033859	9,663483
-0,067017	2,007523	9,663483
-0,023911	2,041046	9,607224
0,010803	2,053009	9,712570
0,007217	2,037445	9,835876
-0,047852	2,047028	9,852631
-0,072998	2,063782	9,742493
-0,086166	2,041046	9,651520
-0,107712	2,054214	9,501877
-0,108902	2,053009	9,414490
-0,138840	2,075760	9,370193
-0,146027	2,078156	9,334290
-0,172348	2,104492	9,341476
-0,130463	2,091324	9,389359
-0,135239	2,102097	9,440826
-0,142426	2,143997	9,444427
-0,119690	2,121246	9,434845
-0,089752	2,134415	9,406113
-0,117294	2,140396	9,396530
-0,126862	2,127228	9,404922
-0,130463	2,102097	9,348648
-0,128067	2,133224	9,258865
-0,126862	2,154770	9,289993
-0,089752	2,139206	9,347458
-0,016739	2,133224	9,392944
0,045517	2,093719	9,471954
0,111359	2,082947	9,556946
0,153259	2,108078	9,574905
0,123322	2,135605	9,409698
0,074249	2,142792	9,380981
0,039536	2,084137	9,465973
-0,069397	2,076950	9,542587
-0,213058	2,123642	9,527023
-0,210663	2,165543	9,500687
-0,160385	2,127228	9,531815
-0,144821	2,122452	9,518646
-0,189117	2,147583	9,491104
-0,153198	2,132019	9,473145
-0,070602	2,115265	9,572510
-0,119690	2,155960	9,688629
-0,138840	2,148773	9,738907
-0,131653	2,147583	9,744888
