5,867507	-0,602242	14,211535
4,785950	-0,462641	11,822206
3,868030	-0,459175	9,757521
3,061856	-0,478424	7,992760
2,301999	-0,278357	6,578083
1,603135	-0,007207	5,881131
0,973182	0,058394	5,223008
0,345672	0,429797	4,167871
-0,238697	0,771914	4,158857
-0,544339	0,632863	3,728355
-0,761081	0,757194	2,794024
-0,810940	0,665130	3,012856
-0,620969	0,352062	2,434223
-0,240123	0,359226	2,137002
-0,241903	0,345791	3,073335
-0,711625	0,895298	2,677027
-0,845106	1,559964	2,993002
-0,130211	1,210618	3,758135
1,205939	0,294288	3,273695
1,857305	-0,432075	4,089964
0,978276	-0,268084	3,920311
1,027786	0,030699	2,628681
2,390918	-0,948451	2,889200
1,787271	-0,834420	3,562092
0,014363	0,741217	1,950418
1,415457	0,017412	0,616060
3,145403	-1,685961	0,463160
1,285707	-0,702333	0,419369
0,765199	-0,028431	-0,952591
0,741456	0,571017	-1,646008
0,713831	0,898305	-1,149216
1,300814	0,176591	-1,080261
1,206337	-0,075158	-1,778797
0,913348	-0,272737	-1,517849
0,632034	-0,374293	-1,341648
0,389758	-0,161531	-2,012796
0,163357	-0,194337	-1,835299
-0,132669	-0,269435	-2,142445
-0,207649	-0,723128	-1,878677
-0,413202	-0,775781	-2,208752
-0,433039	-1,062116	-1,997799
-0,570528	-1,202122	-2,928463
-0,852895	-0,937747	-3,975607
-1,423563	-0,502163	-4,564336
-2,196138	-0,040684	-4,672355
-2,817055	0,646445	-4,084563
-2,235455	0,457781	-3,144115
-0,743528	-0,643175	-2,165744
0,495009	-1,778676	-1,466360
0,758971	-2,028190	-0,703814
0,154199	-1,431023	-0,383009
0,425031	-1,260688	-0,730663
0,729795	-1,360027	-0,784689
0,791649	-1,401181	-1,055828
0,861249	-1,432188	-1,633798
0,710068	-1,302818	-2,309724
0,579554	-1,196429	-3,385817
0,448311	-1,206142	-4,217003
0,328009	-1,229233	-4,532392
0,143657	-1,226648	-4,640098
-0,288260	-0,951619	-4,829693
-0,752544	-0,661698	-5,003391
-0,884555	-0,616516	-5,154812
-0,712429	-0,611963	-5,003000
-0,693478	-0,423494	-4,669905
-0,811448	0,046202	-4,299035
-0,867505	0,409496	-3,979364
-0,755296	0,373569	-3,736067
-0,681812	0,242348	-3,545263
-0,694852	0,311677	-3,269084
-0,541514	0,394910	-2,602816
-0,401607	0,485435	-1,745156
-0,298300	0,477410	-0,844501
-0,206084	0,403950	0,060861
-0,163903	0,307840	0,661604
-0,211566	0,211799	0,772532
-0,329190	0,290106	0,715707
-0,049790	0,187077	0,772724
0,449548	0,004093	0,682340
0,145112	-0,176767	0,493198
-0,327318	-0,172065	0,410843
-0,669826	-0,113714	0,249182
-0,722604	-0,077556	0,152422
-0,530195	-0,056307	0,189930
-0,353294	-0,046950	0,235270
-0,304657	0,057240	0,117342
-0,300232	0,171256	0,239442
-0,153040	0,181060	0,521949
-0,000801	0,163036	0,793939
0,097040	0,178317	0,957880
0,182979	0,208730	0,967415
0,225863	0,265629	0,903229
0,121315	0,361905	0,646924
0,088434	0,387205	0,330784
0,098518	0,389244	0,155460
0,123834	0,390887	0,300576
0,097151	0,386453	0,756648
0,013548	0,381940	1,278572
-0,035121	0,408030	1,832099
-0,052999	0,356112	2,109246
-0,119975	0,459181	2,281159
-0,006917	0,492809	2,251087
0,398617	0,259213	2,301736
0,553525	0,214072	2,252241
0,219675	0,493035	2,076646
-0,100065	0,711420	1,789637
-0,455467	0,894747	1,352230
-0,765644	0,893934	0,728403
-0,890237	0,737169	-0,089580
-0,839570	0,513124	-0,871322
-0,741566	0,373146	-1,436389
-0,527176	0,432599	-1,576235
-0,302979	0,504087	-1,434328
-0,068091	0,603428	-1,038283
0,066194	0,892630	-0,726244
0,203309	1,086638	-0,721779
0,657777	0,882726	-0,327460
1,093165	0,814396	-0,383599
1,352413	0,894767	-0,454364
1,404672	1,039507	-0,312734
1,275044	1,248195	0,049568
1,072708	1,366305	0,387299
1,142603	1,215627	0,402735
1,392927	0,987833	0,485945
1,532848	0,910933	1,059129
1,295224	1,242064	1,208351
1,010324	1,609435	1,060541
1,252620	1,393847	0,653059
1,492428	1,063368	0,049352
1,656503	0,927306	-0,731442
1,823201	0,919970	-1,044846
1,647220	1,135328	-1,195960
1,284256	1,365087	-1,545745
0,633801	1,744242	-1,910802
0,327951	1,837850	-1,951933
0,634908	1,484635	-1,551976
1,156266	1,064174	-0,967680
1,521656	1,035213	-0,267540
1,864713	1,331906	0,142230
2,152574	1,726328	0,315859
1,830274	2,446004	0,381972
2,253355	2,313066	0,282592
2,934654	2,116688	-0,112940
3,132062	1,814017	-0,482051
3,272752	1,549847	-0,754342
3,211964	1,703403	-0,682966
2,965103	2,216019	-0,303123
3,118115	2,319641	0,275604
3,938669	1,953405	0,929175
4,078926	1,810759	1,575567
3,886591	2,078758	2,125236
3,850520	2,539289	2,585089
4,021811	2,508360	2,786320
4,417423	2,245140	2,482853
4,080776	2,216534	1,641507
3,459030	2,135239	0,721360
2,926197	1,854712	-0,043481
2,610073	1,429180	-0,735810
2,200106	1,050449	-1,347132
1,767738	0,735012	-1,806502
1,414190	0,428085	-1,878075
1,194559	0,033131	-1,669098
1,020771	-0,426474	-1,434876
0,697866	-0,867901	-1,182373
0,258537	-1,222006	-1,063697
-0,268181	-1,463152	-0,953423
-0,850447	-1,656069	-0,944696
-1,404358	-1,787416	-0,996138
-1,886757	-1,881948	-0,992284
-2,363667	-1,887676	-0,839787
-2,782536	-1,808945	-0,741739
-3,047720	-1,703809	-0,559883
-3,098967	-1,682907	-0,260199
-3,053783	-1,682483	0,014986
-2,954428	-1,716604	0,252369
-2,750444	-1,728580	0,572513
-2,613124	-1,744864	0,941641
-2,486019	-1,749285	1,427519
-2,336447	-1,780581	1,951256
-2,156463	-1,826687	2,334809
-2,075683	-1,797494	2,596643
-2,008190	-1,819160	2,804195
-1,944614	-1,870953	2,863937
-1,919607	-1,925815	2,735510
-2,000163	-1,949574	2,477629
-2,210164	-1,897721	2,083617
-2,462456	-1,685767	1,612304
-2,699713	-1,505682	1,148107
-2,912504	-1,397990	0,788237
-3,002306	-1,289816	0,574083
-3,035830	-1,211906	0,515773
-3,030080	-1,160101	0,448055
-2,995805	-1,149297	0,504965
-2,950184	-1,145451	0,569658
-2,812173	-1,182596	0,453810
-2,671113	-1,217109	0,221312
-2,646375	-1,141278	0,170348
-2,479100	-0,973350	0,066357
-2,357743	-0,745172	-0,037894
-2,342041	-0,537714	-0,246746
-2,276819	-0,375582	-0,448312
-2,099190	-0,342604	-0,521455
-1,775116	-0,427319	-0,311817
-1,422009	-0,515195	0,010080
-1,251572	-0,542393	0,156501
-1,186085	-0,629288	0,119452
-1,067618	-0,750513	0,037150
-0,931670	-0,885798	-0,236515
-0,894738	-0,907833	-0,578031
-0,898700	-0,871835	-0,991062
-0,917203	-0,832503	-1,309048
-0,977012	-0,779967	-1,705161
-1,086150	-0,673766	-2,094842
-0,952246	-0,592650	-2,373066
-0,669853	-0,595739	-2,523819
-0,584723	-0,643229	-2,694214
-0,666020	-0,695590	-2,812342
-0,748295	-0,718313	-2,902058
-0,806461	-0,695317	-2,877103
-0,792642	-0,631912	-2,653147
-0,752875	-0,621411	-2,462496
-0,727752	-0,687705	-2,336782
-0,684668	-0,744573	-2,255375
-0,700969	-0,750810	-2,175882
-0,724532	-0,749086	-2,127607
-0,738610	-0,753456	-2,170396
-0,729743	-0,760785	-2,283143
-0,762884	-0,703427	-2,428895
-0,791313	-0,646067	-2,509108
-0,752753	-0,623153	-2,418139
-0,688396	-0,578966	-2,234255
-0,617758	-0,454555	-2,002882
-0,564116	-0,434518	-1,765123
-0,526952	-0,487434	-1,490626
-0,463700	-0,479962	-1,232723
-0,371912	-0,417490	-0,911471
-0,301363	-0,344527	-0,575954
-0,265993	-0,281371	-0,314242
-0,191725	-0,253832	-0,089540
-0,116027	-0,223171	0,050951
-0,094738	-0,175668	0,125990
-0,146665	-0,102229	0,110374
-0,173826	0,040800	0,071064
-0,172582	0,164806	0,021414
-0,120829	0,272616	-0,064265
-0,114864	0,369411	-0,105049
-0,112961	0,480368	-0,126178
-0,078870	0,571037	-0,004214
-0,003721	0,611017	0,147947
0,022878	0,639168	0,268712
0,030753	0,685638	0,429483
-0,029987	0,768774	0,590670
-0,128372	0,872637	0,819216
-0,202295	0,963380	0,986732
-0,324641	1,004383	1,095843
-0,346871	1,073575	1,213784
-0,214289	1,099229	1,474763
0,000957	1,151368	1,742921
0,172189	1,175843	1,934473
0,324494	1,161890	2,147090
0,438685	1,123921	2,327706
0,516622	1,180704	2,437739
0,518644	1,314217	2,411788
0,461851	1,489996	2,267492
0,434593	1,633489	2,136735
0,498041	1,672624	2,110658
0,488448	1,668494	2,016053
0,354369	1,647003	1,872376
0,232738	1,699719	1,629102
0,145004	1,786899	1,359788
0,204114	1,873879	1,189344
0,325144	1,843879	1,071177
0,396101	1,736541	1,036983
0,391576	1,627697	0,935898
0,326676	1,534873	0,762122
0,395411	1,472113	0,681523
0,595015	1,432426	0,692704
0,760448	1,400690	0,653760
0,852561	1,341780	0,667613
0,991387	1,208458	0,740951
1,208735	1,106586	0,936572
1,312715	1,137136	1,156276
1,374830	1,226700	1,281271
1,399608	1,296435	1,301787
1,382101	1,247841	1,264574
1,387236	1,116058	1,228090
1,465087	0,871790	1,126124
1,505346	0,692635	1,087655
1,718547	0,629766	1,127729
1,770357	0,575640	1,100425
1,823305	0,441359	1,199249
1,889601	0,372240	1,219885
2,107360	0,397389	1,172234
2,321789	0,280558	1,145612
2,447360	-0,000603	1,072593
2,473123	-0,127851	0,848492
2,396039	-0,134850	0,500669
2,231907	-0,189277	0,059592
1,978019	-0,198345	-0,453193
1,845781	-0,300412	-0,909380
1,777333	-0,444322	-1,299245
1,699601	-0,554651	-1,479923
1,650806	-0,616109	-1,479862
1,625198	-0,625040	-1,252847
1,652575	-0,603462	-0,985993
1,700344	-0,577581	-0,744752
1,728989	-0,685209	-0,560364
1,707850	-0,776097	-0,454029
1,716780	-0,899565	-0,253091
1,692333	-0,976305	-0,038716
1,602865	-0,954384	0,027450
1,376152	-0,960785	-0,005811
1,154548	-0,963037	-0,129148
0,987799	-0,962935	-0,428929
0,789287	-0,947509	-0,801871
0,618979	-0,937097	-1,115557
0,476030	-0,901948	-1,431618
0,286964	-0,786683	-1,716071
0,174994	-0,730860	-1,866057
0,134245	-0,772395	-1,972656
0,097813	-0,883187	-2,012902
0,016006	-1,026423	-2,032661
-0,090625	-1,102694	-2,013995
-0,208487	-1,168495	-1,936806
-0,352580	-1,170392	-1,871222
-0,460201	-1,101035	-1,635845
-0,568308	-1,058953	-1,288559
-0,621284	-1,075092	-0,904431
-0,600458	-1,128226	-0,640232
-0,614449	-1,140081	-0,551455
-0,641912	-1,113188	-0,485208
-0,715593	-1,073461	-0,417853
-0,758265	-1,046476	-0,370684
-0,763680	-1,004771	-0,327187
-0,745014	-0,964705	-0,370930
-0,777969	-0,863708	-0,491153
-0,883825	-0,731188	-0,632339
-0,957011	-0,647194	-0,780725
-0,941830	-0,594379	-0,890815
-0,872214	-0,504226	-0,954949
-0,787786	-0,406262	-1,019660
-0,745158	-0,274253	-1,022588
-0,633468	-0,176299	-1,010563
-0,425378	-0,126672	-0,892728
-0,251240	-0,072614	-0,728550
-0,142569	-0,074363	-0,596243
-0,072881	-0,009698	-0,503813
-0,079374	0,092803	-0,471044
-0,119994	0,136486	-0,454398
-0,158251	0,176230	-0,477483
-0,205129	0,199395	-0,540007
-0,324992	0,194001	-0,543102
-0,395980	0,171485	-0,451718
-0,455651	0,194646	-0,301999
-0,475617	0,201676	-0,115183
-0,458057	0,191993	0,017033
-0,404764	0,183282	0,162064
-0,439680	0,185895	0,237866
-0,490612	0,156370	0,271702
-0,487301	0,120311	0,366751
-0,431015	0,020589	0,479192
-0,328540	-0,103243	0,582560
-0,279104	-0,159205	0,738985
-0,305644	-0,119699	0,855507
-0,373812	-0,108210	1,011932
-0,382363	-0,155526	1,195483
-0,408368	-0,192414	1,327969
-0,513438	-0,169251	1,449277
-0,562068	-0,111463	1,623899
-0,609579	-0,072886	1,740612
-0,677287	-0,028621	1,830148
-0,764010	0,054679	1,881672
-0,816152	0,129925	1,884573
-0,839664	0,205466	1,960650
-0,807730	0,269707	2,055971
-0,722795	0,356549	2,144691
-0,657729	0,381003	2,173529
-0,638231	0,429302	2,106572
-0,567079	0,457407	1,992667
-0,476649	0,419563	1,848882
-0,287472	0,304998	1,749162
-0,105478	0,180791	1,770912
-0,046077	0,161869	1,949200
-0,107723	0,125662	2,229734
-0,219296	0,094792	2,457042
-0,427317	0,127543	2,463631
-0,674165	0,151839	2,429633
-0,859193	0,178930	2,325823
-0,982325	0,233171	2,146047
-1,070284	0,294752	1,895914
-1,081288	0,321031	1,609627
-1,042204	0,363123	1,341339
-0,932396	0,311568	1,141065
-0,825409	0,198497	0,934873
-0,739819	0,073568	0,735447
-0,711558	-0,069478	0,618058
-0,703328	-0,128361	0,554773
-0,688114	-0,116092	0,427535
-0,600296	-0,112039	0,433006
-0,521411	-0,087715	0,631793
-0,464053	-0,028986	0,760183
-0,426796	-0,031806	0,757549
-0,441034	-0,103973	0,656796
-0,443806	-0,163623	0,557992
-0,396219	-0,279348	0,546955
-0,293038	-0,391069	0,723905
-0,248798	-0,489064	0,954539
-0,279483	-0,441056	1,146700
-0,442898	-0,248463	1,225734
-0,604269	-0,148965	1,128073
-0,573442	-0,140242	1,037493
-0,495143	-0,247227	0,943959
-0,410482	-0,336649	0,868168
-0,374345	-0,362215	0,801798
-0,284156	-0,296473	0,798494
-0,162201	-0,286019	0,773829
-0,071350	-0,201996	0,767501
-0,058984	-0,112757	0,744249
-0,059639	-0,023164	0,696913
-0,094647	0,065746	0,610204
-0,035495	0,066952	0,474760
0,042478	0,073679	0,139427
0,145078	0,028291	-0,307928
0,355479	-0,071215	-0,645695
0,498898	-0,181471	-0,809598
0,600241	-0,306066	-0,843052
0,730144	-0,403825	-0,665823
0,851303	-0,478211	-0,348783
0,878332	-0,502271	0,050416
0,730437	-0,390330	0,438734
0,487621	-0,342904	0,794395
0,273263	-0,389253	1,088495
0,111347	-0,422486	1,296003
-0,025839	-0,378211	1,369126
-0,162419	-0,247992	1,287793
-0,234318	-0,122734	1,124083
-0,188406	-0,044549	0,799669
-0,085613	0,021819	0,417556
0,051224	0,064379	-0,075844
0,183679	-0,003087	-0,650604
0,299214	-0,051310	-1,089355
0,413663	-0,068819	-1,457581
0,436277	-0,064637	-1,644910
0,376793	-0,119703	-1,718150
0,379962	-0,270054	-1,577547
0,331741	-0,379813	-1,243837
0,153344	-0,362261	-0,776723
-0,044915	-0,340566	-0,189468
-0,197773	-0,392167	0,326319
-0,188870	-0,612525	0,757124
-0,164499	-0,764886	1,135301
-0,264717	-0,620527	1,434010
-0,355426	-0,401609	1,584866
-0,369583	-0,273399	1,555197
-0,286084	-0,215851	1,366740
-0,137888	-0,212903	1,036886
0,030473	-0,236399	0,674370
0,161317	-0,211141	0,307734
0,179811	-0,156474	-0,089958
0,192701	-0,125179	-0,389923
0,240342	-0,128866	-0,584876
0,227711	-0,102141	-0,624004
0,122794	-0,066381	-0,616037
0,031194	-0,050236	-0,694905
-0,015267	-0,045938	-0,597099
-0,067756	-0,073140	-0,413520
-0,102093	-0,057560	-0,241741
-0,117099	-0,060403	-0,141684
-0,089858	-0,059821	-0,125797
0,034424	-0,082330	-0,044131
0,113721	-0,093635	0,034604
0,133116	-0,051922	-0,041274
0,071068	-0,019516	-0,197741
0,037701	0,004504	-0,285561
0,079001	0,004555	-0,382635
0,100542	-0,003057	-0,512005
0,087148	0,043526	-0,653818
0,139628	0,074079	-0,732783
0,235238	0,067881	-0,729879
0,230329	0,038021	-0,722771
0,225437	0,031381	-0,673029
0,188980	0,044258	-0,535542
0,155969	0,050726	-0,366190
0,164998	0,013774	-0,106209
0,159769	-0,038785	0,099872
0,115364	-0,043480	0,216847
0,119110	-0,007013	0,240507
0,135510	0,024077	0,187620
0,146714	0,008727	0,033262
0,173877	-0,024622	-0,185036
0,160171	-0,060872	-0,363506
0,129089	-0,045829	-0,495749
0,085083	-0,016546	-0,580474
0,084338	0,013570	-0,591760
0,058852	0,025223	-0,613227
0,041332	0,012525	-0,612200
0,044565	-0,005312	-0,563502
0,039485	-0,009987	-0,562850
