-3,805888	-16,712395	-10,441058
-2,896305	-10,977234	-7,329326
-2,800559	-10,364462	-6,860173
-3,106945	-10,498506	-7,386774
-3,288862	-10,201694	-7,319751
-3,173967	-10,871913	-7,252729
-3,212265	-10,383611	-6,927195
-3,614397	-9,339984	-6,869747
-3,920783	-9,196365	-6,879322
-3,882484	-9,100619	-7,022940
-3,959081	-8,784659	-7,042089
-3,815462	-8,296356	-6,429317
-3,815462	-7,626137	-5,873993
-4,179296	-7,693159	-6,046335
-4,188870	-7,626137	-5,816545
-4,198445	-6,860173	-5,146326
-4,332489	-6,496339	-4,562278
-4,236743	-6,113357	-4,351638
-4,275041	-5,615479	-4,102699
-4,073976	-5,270795	-3,758015
-3,939932	-4,658024	-3,432480
-3,882484	-4,236743	-3,020774
-3,394182	-3,767590	-2,408002
-3,039923	-3,221840	-1,881401
-2,838857	-3,116519	-1,096287
-2,465449	-2,838857	-0,368621
-2,379278	-2,589919	0,090958
-2,369704	-2,551620	-0,023936
-2,015445	-2,264384	-0,387770
-1,373949	-1,613313	0,000000
-1,335651	-1,153735	0,378195
-1,910125	-1,259055	0,292024
-2,015445	-1,460120	-0,359046
-2,005870	-2,273958	-0,952669
-2,369704	-2,685664	-1,507993
-2,628217	-2,905879	-1,910125
-2,666515	-3,470778	-2,580344
-2,762261	-3,767590	-3,375033
-2,963326	-4,064401	-3,901634
-2,925028	-4,370787	-4,160147
-2,752686	-4,179296	-4,782493
-2,656940	-5,232497	-5,261221
-2,723963	-5,404840	-5,567607
-2,618642	-5,902717	-5,845269
-2,733537	-6,199528	-6,515488
-2,139914	-6,754852	-7,645287
-1,316502	-7,779330	-8,621892
-0,856923	-8,985725	-9,675094
-1,010116	-9,636795	-10,172971
-0,914371	-10,316589	-10,249567
-0,579261	-11,063405	-10,565528
-0,244151	-11,580431	-10,622974
-0,100533	-12,490014	-10,919786
0,512239	-13,035764	-11,197449
1,172884	-14,347479	-11,982562
1,306927	-15,381532	-12,461290
1,383524	-15,228338	-12,336822
1,383524	-14,577269	-11,963413
1,230331	-13,457045	-11,522984
1,373949	-12,652781	-11,140001
1,469695	-12,135756	-10,871913
1,259055	-11,302769	-10,508080
1,220756	-10,354887	-10,010203
1,057989	-9,186790	-9,464453
0,904796	-8,286782	-9,043172
0,732454	-7,482519	-8,478273
0,416493	-6,563361	-7,855927
0,359046	-6,046335	-7,156984
0,205853	-5,711226	-6,841023
0,023936	-5,222923	-6,706980
-0,119682	-4,753769	-6,639958
-0,215428	-4,303765	-6,841023
-0,607985	-4,064401	-6,898471
-1,249480	-3,662269	-6,764427
-1,575015	-3,298436	-6,620809
-1,871827	-3,020774	-6,668681
-2,398427	-2,886730	-7,089962
-2,858006	-2,733537	-7,434646
-3,451629	-2,206936	-7,003791
-4,016528	-1,373949	-6,180379
-4,562278	-0,502664	-5,577181
-5,031432	0,225002	-5,222923
-5,529309	0,263300	-5,251647
-5,941015	0,349471	-5,184625
-6,333572	0,435643	-5,108028
-6,726129	0,435643	-5,021857
-7,013366	0,598410	-4,964410
-7,137835	0,320748	-5,471861
-6,908045	-0,148406	-6,075058
-6,601659	-1,077138	-6,860173
-6,458041	-1,536717	-7,271879
-6,438892	-1,938848	-7,310177
-6,314423	-2,637791	-7,405922
-5,835695	-3,126094	-7,645287
-5,625054	-3,336734	-7,788905
-5,730374	-3,786739	-7,932523
-5,385690	-4,428234	-8,200611
-4,906962	-4,638875	-8,411251
-5,184625	-5,012282	-8,545295
-5,021857	-5,596331	-8,650616
-4,591002	-6,410168	-8,880404
-4,179296	-6,726129	-9,129343
-4,332489	-6,362296	-9,052747
-4,466532	-6,381444	-8,822957
-4,342063	-6,601659	-8,583593
-3,748441	-6,687830	-8,439975
-3,346309	-6,601659	-8,420826
-3,078221	-6,936769	-8,219760
-3,212265	-6,841023	-7,626137
-3,020774	-6,850598	-7,329326
-2,398427	-6,754852	-6,831449
-2,340980	-6,917620	-6,764427
-2,005870	-7,156984	-6,458041
-1,613313	-7,855927	-6,276124
-1,287778	-7,903800	-5,692076
-0,971818	-7,903800	-4,993133
-0,933520	-8,037844	-4,456958
-0,809050	-8,104865	-4,026103
-0,722879	-8,066567	-3,585673
-0,742028	-8,506997	-3,308011
-0,809050	-8,832532	-3,068647
-0,952669	-8,708063	-2,877155
-0,923945	-8,487848	-2,819708
-0,799476	-8,181462	-2,752686
-0,885647	-8,076141	-2,580344
-1,278204	-8,143164	-2,685664
-1,230331	-8,104865	-2,762261
-1,575015	-7,903800	-2,829283
-1,852677	-7,674010	-3,097370
-1,737783	-7,635712	-3,413331
-1,929274	-7,434646	-3,681418
-2,570770	-7,252729	-4,102699
-2,494173	-6,975067	-4,667598
-2,321831	-7,042089	-5,127177
-2,503747	-6,774002	-5,318668
-2,790984	-6,429317	-5,529309
-3,068647	-6,266550	-5,873993
-3,298436	-6,036760	-6,304848
-3,154818	-5,921865	-6,754852
-2,925028	-5,835695	-7,061238
-2,867581	-5,711226	-7,243155
-2,877155	-5,270795	-7,233581
-2,781410	-5,098454	-7,348475
-2,695239	-4,772918	-7,702734
-2,838857	-4,658024	-8,219760
-2,790984	-4,658024	-8,669765
-2,848432	-4,600576	-8,813383
-2,733537	-4,859089	-8,861256
-2,350555	-4,801642	-8,765511
-2,245234	-5,002708	-8,870831
-2,216511	-4,993133	-9,292110
-1,862252	-4,868664	-9,502751
-1,843103	-5,031432	-9,445304
-1,632463	-5,194199	-9,148493
-1,402673	-5,002708	-8,832532
-1,268629	-4,725046	-8,631466
-1,096287	-4,705896	-8,832532
-0,943094	-4,859089	-9,349558
-0,359046	-5,050581	-9,272962
-0,234577	-5,251647	-8,966576
-0,234577	-4,763344	-8,669765
0,090958	-4,265467	-9,531475
0,521814	-5,021857	-9,751690
0,703730	-4,581427	-9,847435
0,627134	-4,619725	-9,636795
0,713305	-4,648449	-9,579348
0,933520	-4,619725	-9,608071
1,029265	-4,571853	-9,828286
1,086713	-4,725046	-9,675094
1,211182	-4,715471	-9,655944
1,335651	-4,591002	-9,694242
1,402673	-4,638875	-9,646370
1,469695	-4,600576	-9,646370
1,517568	-4,332489	-9,579348
1,594164	-4,284616	-9,761265
1,546291	-4,370787	-9,713391
1,622888	-4,370787	-9,531475
1,689910	-4,370787	-9,531475
1,728208	-4,294190	-9,531475
1,747357	-4,140997	-9,569773
1,651612	-4,160147	-9,493176
1,718634	-4,246317	-9,454879
1,776081	-4,188870	-9,272962
1,613313	-3,968655	-9,311260
1,632463	-4,006954	-9,272962
1,680335	-3,987804	-9,196365
1,622888	-3,968655	-9,091045
1,699484	-4,112274	-9,071896
1,709059	-4,016528	-9,043172
1,661186	-3,901634	-9,081470
1,689910	-3,882484	-9,052747
1,680335	-3,844186	-9,052747
1,728208	-3,892059	-9,043172
1,776081	-3,825037	-9,014449
1,756932	-3,844186	-8,957002
1,709059	-3,815462	-8,957002
1,776081	-3,872910	-9,167642
1,737783	-3,968655	-9,359133
1,776081	-4,093124	-9,311260
1,814379	-3,882484	-9,033598
1,728208	-3,767590	-8,976151
1,709059	-3,796313	-9,091045
1,823954	-3,671844	-9,100619
1,728208	-3,892059	-9,148493
1,785655	-4,016528	-9,129343
1,804805	-3,939932	-9,186790
1,766506	-3,853760	-9,205940
1,747357	-3,959081	-9,186790
1,833528	-3,978230	-9,148493
