1,239906	-4,859089	-10,230418
1,172884	-5,088879	-10,278291
1,048414	-5,318668	-10,211268
1,000542	-5,759098	-10,239992
0,885647	-5,950589	-9,646370
0,952669	-6,429317	-9,091045
0,694156	-6,841023	-9,014449
0,502664	-7,147409	-8,459125
0,167555	-6,601659	-8,315506
-0,157980	-7,358050	-7,827203
-0,196278	-7,472944	-7,128260
-0,454792	-7,329326	-6,467616
-0,675007	-7,492094	-6,247401
-0,818625	-7,922949	-6,142080
-0,876072	-8,124015	-5,835695
-0,990967	-7,836778	-5,395265
-1,230331	-7,808054	-5,385690
-1,287778	-8,392102	-5,347392
-1,479270	-8,325080	-5,289945
-1,536717	-8,344230	-5,127177
-1,632463	-7,798480	-4,677173
-1,919699	-8,210186	-4,495256
-2,063318	-8,593168	-4,638875
-2,321831	-8,698488	-4,562278
-2,494173	-8,660190	-4,198445
-2,752686	-8,755936	-4,054826
-2,953752	-8,813383	-3,805888
-3,164392	-8,746361	-3,336734
-3,451629	-8,698488	-3,173967
-3,690993	-8,909128	-3,260138
-3,805888	-8,947427	-3,039923
-3,978230	-8,918703	-2,618642
-3,949506	-8,583593	-2,092041
-4,198445	-8,162313	-1,603739
-4,677173	-8,880404	-1,843103
-4,638875	-9,177217	-1,776081
-5,021857	-8,736787	-1,354800
-5,136752	-8,487848	-1,172884
-5,328243	-8,191036	-0,636708
-5,510159	-7,989971	-0,253726
-5,634629	-7,539967	0,119682
-5,787822	-7,358050	0,330322
-5,941015	-7,358050	0,512239
-6,113357	-6,888896	0,914371
-6,314423	-6,754852	1,000542
-6,362296	-5,988888	1,316502
-6,582510	-5,921865	1,201607
-6,601659	-6,103782	1,172884
-6,754852	-5,500585	1,565441
-6,888896	-5,558033	1,795230
-7,061238	-5,270795	1,756932
-7,147409	-4,954835	1,584590
-7,204857	-4,677173	1,680335
-7,271879	-4,342063	1,651612
-7,396348	-4,265467	1,651612
-7,492094	-4,160147	1,852677
-7,492094	-3,690993	1,948423
-7,559115	-3,030348	1,737783
-7,549541	-2,819708	1,594164
-7,741032	-2,733537	1,900550
-7,855927	-2,819708	2,072892
-7,970821	-2,475024	2,092041
-7,999545	-1,986721	2,063318
-7,951673	-1,584590	2,254809
-7,999545	-1,517568	2,264384
-8,056993	-1,613313	2,379278
-8,229335	-1,536717	2,609068
-8,238910	-1,182458	2,685664
-8,267632	-0,933520	2,599493
-8,219760	-0,655857	2,704813
-8,277207	-0,627134	2,723963
-8,267632	-0,617559	2,666515
-8,363379	-0,732454	2,628217
-8,382527	-0,607985	2,762261
-8,372953	-0,464366	2,848432
-8,401677	-0,301599	2,925028
-8,363379	-0,215428	2,925028
-8,353804	-0,330322	2,905879
-8,411251	-0,339897	2,982476
-8,401677	-0,339897	3,030348
-8,439975	-0,435643	3,030348
-8,430401	-0,387770	3,106945
-8,564445	-0,339897	3,135669
-8,545295	-0,378195	3,164392
-8,612317	-0,320748	3,212265
-8,688913	-0,311173	3,173967
-8,794233	-0,244151	3,145243
-8,755936	-0,090958	3,087796
-8,755936	-0,196278	3,068647
-8,717637	-0,138831	3,106945
-8,746361	-0,062235	3,106945
-8,755936	-0,081384	3,020774
-8,803808	-0,004787	3,059072
-8,832532	-0,043086	3,078221
-8,813383	-0,081384	3,030348
-8,803808	-0,023936	2,982476
-8,746361	-0,110107	2,896305
-8,688913	-0,081384	2,838857
-8,765511	-0,148406	2,896305
-8,794233	-0,052660	2,992050
-8,813383	-0,167555	3,059072
-8,794233	-0,148406	3,087796
-8,803808	-0,205853	3,020774
-8,775084	-0,129257	3,087796
-8,765511	-0,157980	3,039923
-8,784659	-0,071809	3,106945
-8,775084	0,000000	3,116519
-8,765511	-0,177129	3,126094
-8,775084	-0,033511	3,078221
-8,813383	-0,004787	3,068647
-8,765511	0,081384	3,087796
-8,794233	-0,043086	3,020774
-8,813383	-0,014362	3,087796
-8,813383	0,000000	3,001625
-8,822957	-0,052660	3,030348
-8,803808	0,000000	3,020774
-8,803808	-0,090958	2,972901
-8,851681	0,000000	3,030348
-8,880404	0,043086	3,020774
-8,861256	0,033511	3,059072
-8,832532	0,000000	3,087796
-8,803808	0,004787	3,078221
-8,765511	0,014362	3,020774
-8,784659	-0,071809	3,030348
-8,775084	-0,004787	3,116519
-8,775084	0,043086	3,020774
-8,727212	0,000000	3,001625
-8,708063	0,138831	2,972901
-8,669765	0,081384	2,896305
-8,717637	0,110107	2,858006
-8,794233	0,052660	2,934603
-8,794233	0,071809	3,106945
-8,861256	-0,148406	3,173967
-8,822957	0,000000	3,173967
-8,813383	-0,167555	3,116519
-8,803808	-0,148406	3,145243
-8,794233	-0,090958	3,183541
-8,794233	-0,071809	3,116519
-8,784659	-0,023936	3,116519
-8,803808	-0,062235	3,221840
-8,822957	0,052660	3,164392
-8,813383	0,014362	3,078221
-8,842107	-0,004787	3,116519
-8,822957	0,100533	3,106945
-8,775084	0,023936	3,039923
-8,775084	0,167555	3,087796
-8,784659	0,071809	3,049498
-8,727212	0,023936	3,106945
-8,708063	0,004787	3,135669
-8,679339	-0,004787	3,126094
-8,688913	-0,033511	3,106945
-8,708063	0,062235	3,068647
-8,727212	0,119682	3,030348
-8,708063	0,138831	3,106945
-8,708063	0,225002	3,126094
-8,688913	0,282450	3,106945
-8,660190	0,387770	3,011199
-8,641041	0,406919	3,030348
-8,554870	0,454792	2,934603
-8,535721	0,435643	2,867581
-8,535721	0,483515	2,963326
-8,439975	0,550537	2,848432
-8,382527	0,426068	2,685664
-8,430401	0,359046	2,771835
-8,478273	0,244151	3,011199
-8,497422	0,023936	3,240989
-8,554870	-0,186704	3,327160
-8,487848	-0,272875	3,183541
-8,401677	-0,426068	3,173967
-8,353804	-0,646283	3,240989
-8,392102	-0,904796	3,250563
-8,277207	-1,211182	3,202690
-8,200611	-1,431397	3,173967
-8,056993	-1,565441	3,087796
-7,980396	-1,756932	2,972901
-7,951673	-2,044169	2,953752
-7,932523	-2,120765	2,877155
-7,875076	-2,226085	2,790984
-7,693159	-2,484598	2,838857
-7,578265	-2,733537	2,905879
-7,559115	-2,762261	2,992050
-7,463370	-2,982476	3,001625
-7,396348	-3,221840	2,867581
-7,319751	-3,432480	2,963326
-7,214431	-3,643120	2,953752
-7,109111	-4,016528	2,848432
-6,898471	-4,208019	2,790984
-6,821874	-4,495256	2,628217
-6,706980	-4,839940	2,551620
-6,544212	-5,098454	2,408002
-6,429317	-5,491010	2,197362
-6,247401	-5,979313	2,101616
-6,055910	-6,122931	2,072892
-5,950589	-6,036760	1,919699
-5,806971	-6,448466	1,594164
-5,711226	-6,572936	1,565441
-5,596331	-6,726129	1,249480
-5,510159	-7,472944	0,856923
-5,299519	-7,348475	0,971818
-5,222923	-7,444221	0,856923
-5,079304	-7,635712	0,694156
-4,830366	-7,741032	0,799476
-4,619725	-7,635712	0,225002
-4,428234	-8,133589	-0,330322
-4,083550	-8,392102	-0,167555
-3,968655	-8,583593	-0,196278
-3,796313	-8,708063	-0,349471
-3,566524	-8,727212	-0,703730
-3,442055	-9,234664	-1,153735
-3,269712	-9,033598	-1,077138
-2,896305	-9,071896	-0,962243
-2,810133	-9,234664	-1,460120
-2,628217	-9,339984	-1,728208
-2,312256	-9,368708	-1,910125
-2,053743	-9,531475	-2,360129
-1,833528	-9,876159	-2,609068
-1,527142	-9,474028	-3,154818
-1,287778	-9,770839	-3,518651
-1,057989	-9,732541	-3,604822
-0,923945	-9,368708	-4,102699
-0,770752	-9,579348	-5,069730
-0,866498	-9,244238	-5,309094
-0,684581	-9,004874	-5,127177
-0,435643	-9,062322	-5,395265
-0,253726	-8,516571	-6,247401
-0,100533	-8,478273	-7,319751
0,129257	-8,545295	-7,089962
0,186704	-7,884651	-6,448466
0,157980	-7,539967	-6,678256
0,177129	-6,965493	-7,396348
0,426068	-6,572936	-8,248484
0,684581	-6,630383	-8,708063
0,694156	-6,697405	-8,554870
0,627134	-6,410168	-8,162313
0,636708	-5,778247	-8,574018
0,952669	-5,318668	-9,311260
1,105862	-5,108028	-9,550624
0,971818	-5,433563	-9,378282
0,952669	-5,050581	-9,454879
1,010116	-4,562278	-9,761265
1,038840	-4,217594	-10,201694
1,057989	-3,786739	-10,058076
1,105862	-3,480353	-10,077225
1,057989	-3,652695	-9,866585
1,038840	-3,221840	-10,077225
1,125011	-3,422905	-10,220843
1,096287	-3,011199	-10,038927
1,163309	-2,599493	-9,866585
1,172884	-2,704813	-9,722966
1,259055	-2,589919	-9,780414
1,335651	-2,494173	-9,684668
1,297353	-2,609068	-9,761265
1,412248	-2,532471	-9,876159
1,450546	-2,417577	-9,799562
1,460120	-2,379278	-9,655944
1,460120	-2,245234	-9,732541
1,565441	-2,235660	-9,588923
1,536717	-2,015445	-9,675094
1,488844	-2,053743	-9,847435
1,450546	-1,986721	-9,770839
1,431397	-2,130340	-9,761265
1,431397	-2,235660	-9,904882
1,440971	-2,216511	-9,981480
1,421822	-2,092041	-10,038927
1,431397	-2,149489	-10,096374
1,412248	-2,063318	-9,962330
1,469695	-2,053743	-10,029352
1,364375	-2,025020	-10,077225
1,345226	-2,072892	-10,163396
1,412248	-2,025020	-9,924032
1,306927	-1,948423	-9,713391
1,306927	-2,034594	-9,550624
1,306927	-1,747357	-9,655944
1,268629	-1,546291	-9,761265
1,268629	-1,843103	-9,991054
1,306927	-2,063318	-10,096374
1,259055	-2,034594	-10,000628
1,230331	-1,890976	-9,828286
1,268629	-1,728208	-9,818711
1,354800	-1,661186	-9,761265
1,316502	-1,718634	-9,770839
1,220756	-1,823954	-9,895308
1,220756	-1,766506	-9,895308
1,239906	-1,795230	-9,857010
1,249480	-1,957998	-9,857010
1,249480	-1,852677	-9,799562
1,172884	-1,699484	-9,770839
1,220756	-2,053743	-9,885734
1,220756	-1,986721	-9,828286
1,182458	-1,948423	-9,789989
1,134585	-1,967572	-9,770839
1,172884	-1,996296	-9,818711
1,134585	-1,977147	-9,904882
1,153735	-1,776081	-9,866585
1,163309	-1,967572	-9,857010
1,125011	-2,034594	-9,809137
1,115436	-2,025020	-9,770839
1,153735	-2,082467	-9,866585
1,153735	-2,034594	-9,876159
1,105862	-1,852677	-9,751690
1,105862	-1,804805	-9,713391
1,144160	-1,929274	-9,703817
