-0,404047	-1,047891	0,045221
-0,434334	-0,828742	0,241121
-0,497821	-0,554766	0,402626
-0,516042	-0,438076	0,794232
-0,362077	-0,505600	0,880552
-0,233167	-0,436084	0,417137
-0,305284	-0,210000	0,327972
-0,281581	-0,258027	0,686621
-0,282723	-0,247596	0,294560
-0,359296	0,033674	0,224149
-0,306590	0,001085	0,743393
-0,168661	-0,007751	0,355298
-0,154081	0,319410	0,169321
-0,027489	0,240208	0,490755
0,099628	0,196000	-0,009630
0,067251	0,353113	0,158935
0,078703	0,203963	0,941174
0,002635	0,197655	1,005771
-0,184647	0,470319	1,603322
-0,145801	0,426060	2,379204
-0,200918	0,496951	2,180133
-0,312041	0,781594	2,574416
-0,117479	0,724873	3,405078
0,044884	0,743655	3,243118
0,112518	0,948306	3,203577
0,337097	0,674379	3,417122
0,403760	0,446608	2,715496
0,289487	0,489440	2,186764
0,259361	0,330260	2,198557
0,152899	0,109069	1,469637
-0,109444	0,186852	0,972683
-0,318353	0,205024	1,605576
-0,364815	0,163067	2,004639
-0,469977	0,593015	2,325806
-0,245744	0,661155	3,081676
-0,436012	1,503839	3,235325
-0,099811	1,035480	2,563358
0,589573	0,135977	2,438553
1,246414	-0,756001	1,420288
1,468311	-0,824112	0,558741
1,688931	-0,971485	0,482430
1,691123	-1,268484	-0,057465
1,703399	-1,553008	-0,348597
1,855932	-1,848620	-0,300900
1,825676	-1,940492	-0,308725
1,697088	-2,064747	-0,644417
0,786894	-1,241910	-0,934040
-0,207496	-0,416050	-1,383133
-1,021210	0,392123	-1,530750
-1,711438	1,083669	-2,050125
-1,710081	0,577714	-3,049805
-1,803819	0,661378	-3,230896
-1,226612	-0,045507	-3,231152
0,016611	-1,349394	-3,313705
0,206745	-1,111119	-3,069469
0,146231	-0,559452	-2,523581
1,167571	-1,434927	-2,402885
1,509618	-1,432378	-2,408819
1,330278	-0,809745	-2,392485
1,616798	-0,934149	-2,704076
1,987762	-1,335332	-3,218620
1,640966	-0,983036	-3,643671
1,359697	-0,799832	-3,616915
1,037001	-0,703074	-3,462391
0,248290	-0,275154	-3,540848
-0,213173	-0,416449	-3,674487
-0,389838	-0,952776	-3,861831
-0,382744	-1,588698	-4,317211
-1,068512	-1,059313	-4,393259
-1,916870	-0,059279	-3,987691
-2,661646	0,989747	-3,698686
-2,943342	1,554103	-3,105470
-0,489122	-1,126970	-3,329053
0,558727	-1,953114	-4,184996
-0,090275	-0,660355	-4,088292
-0,709085	0,302026	-3,250517
-1,150496	0,691731	-2,592747
-1,223021	0,735343	-2,364383
-1,030126	0,732879	-1,880972
-1,431278	1,439599	-0,799919
0,709054	-0,882427	-0,689740
1,892671	-2,043833	-2,093650
0,410890	-0,409224	-3,092291
-1,160485	0,846730	-3,116435
-2,065156	0,996293	-3,250680
-2,504456	0,717542	-3,857978
-2,328223	0,370054	-3,567132
-1,728497	0,093016	-2,857538
-1,066769	0,164427	-2,189302
-0,700181	0,589318	-1,145228
-0,426075	0,861237	-0,173983
-0,037271	0,732080	0,410521
0,355169	0,438179	0,612840
0,487162	0,224127	0,604237
0,457723	0,256877	0,602152
0,457157	0,288815	0,534395
0,525662	0,208078	0,404530
0,529710	0,221040	0,059305
0,498462	0,308046	-0,034917
0,672671	0,173646	0,135824
0,813943	0,018250	0,303069
0,639668	0,095997	0,646593
0,399686	0,243436	1,044960
0,272812	0,239768	1,308099
0,158875	0,120940	1,426680
-0,051025	0,158044	1,463133
-0,296521	0,255720	1,701060
-0,345432	0,304173	2,013985
-0,335721	0,249088	2,274860
-0,450534	0,225125	2,299685
-0,867044	0,469321	2,168227
-0,990522	0,364922	1,932824
-0,991612	0,275666	1,775153
-2,248002	1,740369	2,419940
-0,910633	0,463340	2,824672
1,481821	-1,739094	1,827829
1,285054	-1,238052	0,864668
-0,112558	0,273706	1,043199
-1,064009	1,290608	1,373744
-1,112645	1,201029	1,295309
-0,603776	0,762593	1,097538
-1,129456	1,383878	1,512015
0,605737	-0,587038	0,862932
1,781294	-1,374635	-1,021019
1,177001	-0,191835	-1,950714
0,101708	1,052257	-1,773181
-0,329474	1,351291	-1,701052
-0,240593	1,101150	-1,708486
-0,319855	1,402856	-1,245158
-0,856348	2,149873	-0,000142
1,440019	-0,165771	-0,175370
3,147816	-1,254064	-1,255030
2,999015	-0,480363	-1,644722
1,722125	0,893261	-0,805329
1,065505	1,227926	0,102722
1,086071	0,908598	0,629980
1,491354	0,468309	0,982817
1,990825	0,263551	1,203808
2,437338	0,025050	1,644919
0,960588	1,150106	2,022698
0,172792	1,563640	1,762763
0,859364	0,713656	1,433196
1,652835	-0,084129	1,082397
1,403677	-0,006012	1,105334
-0,140242	1,375208	0,518435
0,144459	1,332881	-0,082286
0,956412	0,676534	-0,544674
1,311968	0,349687	-1,018003
1,288039	0,366895	-1,111289
1,344554	0,390244	-1,205059
1,438595	0,483619	-1,123984
1,610569	0,571734	-0,945159
1,677273	0,807900	-0,785815
2,152011	0,533307	-0,332729
1,489859	1,157358	0,751835
1,419805	1,251497	1,049661
2,457450	0,743580	1,297505
2,954290	0,970279	1,582926
3,425493	1,052029	1,663777
4,222890	0,552414	1,585758
2,525016	1,926331	1,852798
2,148345	2,205701	1,347205
3,457824	1,233043	0,875689
4,587769	1,100399	0,480287
4,637464	1,699130	0,286549
4,506760	1,972219	0,075052
5,003626	1,735796	-0,430290
5,360897	1,696059	-0,701447
5,292368	1,797375	-0,743115
5,114962	1,776926	-0,922984
4,810232	1,902290	-0,867671
4,416080	1,987263	-0,609860
4,659098	1,101395	-1,085483
4,545135	0,420471	-1,782009
3,773058	0,783618	-2,022251
3,083570	1,154579	-2,081314
2,789598	0,855659	-2,305737
2,615700	0,202813	-2,734275
2,195038	-0,213152	-3,238958
1,152685	0,089964	-3,275908
-0,100655	0,408115	-2,371727
0,990168	-1,552475	-2,969989
1,053585	-1,987061	-3,305898
-0,040115	-1,705518	-3,023002
-1,231102	-1,807822	-3,229559
-2,377350	-1,554473	-3,141973
-2,898829	-1,197619	-2,502079
-3,046907	-1,074929	-1,596573
-3,434464	-0,841743	-0,094520
-3,154591	-1,534356	0,877277
-2,997721	-2,061627	0,937406
-3,783943	-1,089048	1,869456
-3,774153	-0,672045	2,549019
-3,139025	-1,046168	2,774714
-2,699890	-1,338754	2,906428
-2,547768	-1,197419	2,998385
-2,468220	-1,003907	3,039406
-2,271450	-1,054994	2,915143
-2,120749	-1,137049	2,750620
-2,072966	-1,175875	2,732015
-2,082628	-1,306532	2,756388
-2,157387	-1,403392	2,727047
-2,372345	-1,352560	2,615463
-2,730103	-1,254436	2,353821
-3,099622	-1,174008	2,089917
-3,337778	-1,193955	1,914231
-3,368380	-1,192664	1,813892
-3,450307	-1,099699	1,702993
-3,640360	-0,829967	1,574040
-3,740682	-0,639071	1,494816
-3,714628	-0,561049	1,340469
-3,621019	-0,573339	1,304126
-3,603579	-0,591789	1,361257
-3,476625	-0,612298	1,314054
-3,215126	-0,555915	1,392186
-2,994439	-0,335565	1,431693
-2,818854	-0,094147	1,318694
-2,680291	-0,025526	1,078894
-2,472712	-0,116185	0,913872
-2,298043	-0,249051	0,726312
-2,222455	-0,263401	0,443147
-2,222337	-0,221256	0,071046
-2,176258	-0,264151	-0,241003
-2,110672	-0,309966	-0,440849
-1,972009	-0,313097	-0,684992
-1,866829	-0,216005	-0,920527
-1,785553	-0,138319	-1,044796
-1,696594	-0,123107	-1,308932
-1,570837	-0,077416	-1,533645
-1,367766	-0,130890	-1,625317
-1,215832	-0,208142	-1,708224
-1,232199	-0,308250	-1,998647
-1,254875	-0,327044	-2,321965
-1,276837	-0,308559	-2,535611
-1,301109	-0,267917	-2,749619
-1,311907	-0,244021	-2,922742
-1,243935	-0,361855	-2,856297
-1,116779	-0,455158	-2,754313
-1,000687	-0,564285	-2,535762
-0,905896	-0,610400	-2,349435
-0,837718	-0,558230	-2,235798
-0,854049	-0,499257	-2,194693
-0,876696	-0,401322	-2,328447
-0,848830	-0,335425	-2,377992
-0,810265	-0,302813	-2,387941
-0,716218	-0,366750	-2,280971
-0,537537	-0,492607	-2,010568
-0,410877	-0,532940	-1,839265
-0,454154	-0,505844	-1,737647
-0,519426	-0,463098	-1,751153
-0,586964	-0,452840	-1,724628
-0,603653	-0,429300	-1,627737
-0,604542	-0,444002	-1,476481
-0,643570	-0,444264	-1,322921
-0,697766	-0,390848	-1,146447
-0,676011	-0,381624	-0,949726
-0,589649	-0,418312	-0,733914
-0,499490	-0,506073	-0,629271
-0,471418	-0,519775	-0,501500
-0,495897	-0,446472	-0,419401
-0,494399	-0,356213	-0,367125
-0,535338	-0,189206	-0,349241
-0,545104	-0,046983	-0,328234
-0,443749	0,059142	-0,299940
-0,314777	0,160327	-0,247618
-0,222135	0,337990	-0,200963
-0,229417	0,519391	-0,319743
-0,137574	0,635777	-0,362105
-0,014283	0,727933	-0,216894
0,076672	0,818894	0,022810
0,126462	0,922303	0,254796
0,183531	1,031849	0,582121
0,256957	1,120450	0,963683
0,311876	1,215268	1,298632
0,296425	1,296861	1,617348
0,373126	1,364063	1,962336
0,565701	1,434097	2,300581
0,692929	1,496838	2,588415
0,851231	1,577659	2,858903
0,963504	1,717034	2,901954
0,981484	1,852460	2,704632
0,968110	1,929210	2,537204
0,915272	1,974325	2,414749
0,861502	1,956779	2,166430
0,784966	1,972443	1,899782
0,687348	2,017529	1,604103
0,693531	2,036362	1,204755
0,686026	2,062916	0,775132
0,697258	2,048734	0,413258
0,802020	1,914793	0,222378
0,980630	1,791368	0,205674
1,120649	1,753920	0,287122
1,080406	1,764183	0,381016
0,991693	1,735992	0,468582
0,988715	1,664612	0,522339
0,990179	1,566320	0,621863
1,030595	1,505888	0,865239
1,188405	1,368467	1,200724
1,455411	1,146495	1,657772
1,783958	0,963155	2,076071
1,939520	0,969730	2,291020
1,946184	0,991262	2,310697
1,931398	1,039127	2,123411
1,907118	1,001774	1,854833
1,890575	0,849295	1,501102
1,814132	0,617192	1,084049
1,740527	0,404691	0,656545
1,742922	0,339072	0,236015
1,679738	0,341167	-0,107111
1,519999	0,226962	-0,484089
1,365401	0,086770	-0,815348
1,259911	-0,102972	-1,021944
1,184138	-0,266253	-1,088575
1,152254	-0,383473	-1,101671
1,207191	-0,450431	-0,851649
1,298077	-0,513568	-0,507015
1,343955	-0,605264	-0,352939
1,380670	-0,750446	-0,383865
1,406208	-0,925014	-0,482348
1,324161	-1,081906	-0,507509
1,341836	-1,234226	-0,455800
1,418244	-1,333109	-0,455619
1,480310	-1,355708	-0,456438
1,516572	-1,401558	-0,442726
1,544605	-1,373115	-0,408759
1,518204	-1,169353	-0,359576
1,413757	-0,942197	-0,354689
1,268921	-0,838022	-0,389098
1,179847	-0,870577	-0,522924
1,101897	-0,916725	-0,585942
1,049121	-0,969929	-0,700504
1,028909	-1,040261	-0,665750
0,889215	-1,026618	-0,670515
0,657735	-0,986016	-0,688682
0,549173	-1,010041	-0,613190
0,543721	-1,095338	-0,584412
0,488615	-1,219117	-0,639905
0,392809	-1,357410	-0,736985
0,303712	-1,385684	-0,775379
0,256372	-1,331692	-0,753421
0,151472	-1,286570	-0,722439
0,056053	-1,238985	-0,689999
-0,042303	-1,239234	-0,680332
-0,136320	-1,316998	-0,627579
-0,182799	-1,361008	-0,592090
-0,279357	-1,298548	-0,497610
-0,451416	-1,232283	-0,428740
-0,576612	-1,184069	-0,473228
-0,688255	-1,060256	-0,650568
-0,791937	-0,924828	-0,894905
-0,896916	-0,780085	-1,065484
-0,943546	-0,766756	-1,172248
-0,978933	-0,782924	-1,226068
-1,051298	-0,739340	-1,275813
-1,105357	-0,646061	-1,335726
-1,134237	-0,569522	-1,392274
-1,141069	-0,495840	-1,414540
-1,096730	-0,461797	-1,424674
-1,027738	-0,436466	-1,416509
-1,008933	-0,358756	-1,354435
-1,007305	-0,263067	-1,285623
-0,957150	-0,128093	-1,090742
-0,880649	-0,049801	-0,862059
-0,761026	0,000382	-0,626439
-0,549446	0,025208	-0,474344
-0,450091	0,045069	-0,389046
-0,409865	0,082026	-0,344757
-0,378649	0,111581	-0,218347
-0,334524	0,114167	-0,130622
-0,288688	0,118152	0,007550
-0,268304	0,157730	0,183213
-0,302741	0,220996	0,254786
-0,362860	0,305117	0,255550
-0,414787	0,377211	0,173788
-0,439093	0,381261	0,065288
-0,430767	0,333744	0,013924
-0,420272	0,280399	-0,080791
-0,407080	0,254971	-0,107736
-0,368767	0,246103	-0,045967
-0,364923	0,198799	0,100178
-0,327363	0,177240	0,238162
-0,241786	0,115937	0,498904
-0,169490	0,099451	0,798476
-0,108774	0,084346	1,029516
-0,049665	0,075143	1,255522
-0,043565	0,131941	1,413353
-0,094227	0,249205	1,476398
-0,143375	0,350670	1,464590
-0,207595	0,483563	1,513566
-0,310693	0,554453	1,517311
-0,404658	0,575716	1,507855
-0,484615	0,536232	1,553928
-0,508359	0,489325	1,551517
-0,516819	0,477641	1,659719
-0,452713	0,491292	1,707976
-0,330566	0,483061	1,705394
-0,212744	0,450609	1,733029
-0,096453	0,361452	1,892075
0,021483	0,213502	1,912049
0,096666	0,067371	1,970178
0,110854	-0,014096	2,147871
0,098266	-0,062034	2,279503
0,116918	-0,053460	2,430768
0,112687	0,013738	2,496238
0,068116	0,033012	2,465301
-0,056591	0,064715	2,221240
-0,537521	0,403237	2,320950
-0,911731	0,538068	2,322202
-0,928579	0,308836	1,974595
-0,771599	-0,038320	1,464746
-0,783917	-0,023002	0,998457
-0,938376	0,105145	0,612022
-1,008318	0,151157	0,210932
-1,025966	0,122830	-0,193254
-1,061154	0,069541	-0,504164
-1,083554	-0,049714	-0,672435
-1,033470	-0,231312	-0,615524
-0,878497	-0,487674	-0,301831
-0,739187	-0,772256	0,094680
-0,671794	-0,912763	0,654174
-0,647567	-0,995494	1,287573
-0,515185	-1,112423	1,911125
-0,390126	-1,163840	2,447320
-0,478727	-0,997149	2,776668
-0,620494	-0,725893	2,929061
-0,658236	-0,485902	2,962866
-0,666420	-0,229750	2,771563
-0,637519	-0,022911	2,431776
-0,409453	0,074567	2,036400
-0,119750	0,118076	1,599432
0,180006	0,111697	1,376262
0,412156	0,112344	1,330855
0,524134	0,083161	1,093419
0,492098	0,031104	0,766520
0,314186	-0,010554	0,539473
0,069391	-0,090804	0,436363
-0,101543	-0,190441	0,343341
-0,205734	-0,301743	0,332131
-0,315905	-0,314185	0,339448
-0,462453	-0,166118	0,263905
-0,538517	0,029911	0,153653
-0,419315	0,141726	0,095152
-0,263626	0,138283	0,005260
-0,112268	0,080939	-0,180632
0,053838	0,049432	-0,281444
0,203959	0,021345	-0,257724
0,344173	0,024742	-0,211929
0,447726	0,006378	-0,172413
0,440542	0,007983	-0,110159
0,372538	0,016921	-0,105364
0,264510	0,005871	-0,145583
0,229809	-0,114053	-0,136583
0,224069	-0,244478	-0,020192
0,188826	-0,321034	0,147603
0,070616	-0,314286	0,314408
-0,092897	-0,281116	0,371241
-0,225636	-0,317788	0,348701
-0,291593	-0,361494	0,313434
-0,255308	-0,378258	0,259377
-0,147740	-0,368683	0,164399
-0,071268	-0,288245	0,163123
-0,032112	-0,177922	0,179338
0,009747	-0,151920	0,287123
0,137083	-0,179947	0,252684
0,253318	-0,221533	0,173411
0,334808	-0,245220	0,046798
0,317651	-0,215329	-0,050673
0,254121	-0,201951	-0,103746
0,139137	-0,154859	-0,184511
-0,001703	-0,105699	-0,297963
-0,081807	-0,112330	-0,389676
-0,131522	-0,150191	-0,445824
-0,135870	-0,191979	-0,381561
-0,160405	-0,192853	-0,226708
-0,245170	-0,105442	-0,129658
-0,319671	-0,047000	-0,165970
-0,320861	-0,074954	-0,301331
-0,263391	-0,159560	-0,445056
-0,221247	-0,162121	-0,463308
-0,139644	-0,125864	-0,393620
-0,113632	-0,059517	-0,358000
-0,034411	-0,039947	-0,353441
0,009825	-0,082715	-0,385220
0,056700	-0,175352	-0,359884
0,045360	-0,190086	-0,325260
0,013302	-0,138653	-0,323417
0,024057	-0,113803	-0,320990
0,063301	-0,114981	-0,290300
0,095648	-0,077617	-0,327053
0,083220	-0,057308	-0,307614
0,048375	-0,082236	-0,270029
0,026261	-0,053338	-0,272530
0,004725	-0,053205	-0,313787
0,006649	-0,037779	-0,380327
0,074276	-0,037889	-0,424929
0,153269	-0,042750	-0,421339
0,231795	-0,017928	-0,427098
0,281200	0,011512	-0,484367
0,360959	0,001556	-0,523492
0,420920	-0,000672	-0,544246
0,443035	0,017663	-0,551278
0,408066	-0,000237	-0,486030
0,315918	-0,005939	-0,339983
0,226880	-0,016238	-0,276772
0,098179	-0,008205	-0,253021
-0,043076	0,025992	-0,226368
-0,117786	0,036126	-0,218436
-0,117214	0,047089	-0,307867
-0,130161	0,069275	-0,406230
-0,066775	0,026697	-0,456185
-0,015114	0,005073	-0,407087
0,044415	0,027997	-0,346740
0,127463	0,068369	-0,222802
0,209234	0,059480	-0,127485
0,233464	0,038014	-0,034947
0,223160	0,016044	-0,005937
0,206311	-0,031220	0,086230
0,162168	-0,062330	0,109206
0,083763	-0,049864	0,105565
0,011468	0,033852	0,110307
-0,021465	0,047199	0,153370
-0,032504	0,018606	0,138016
-0,071963	0,019670	0,118078
-0,129396	0,047340	0,028374
-0,129384	0,053192	-0,055829
-0,051786	0,033935	-0,118406
0,017946	0,030981	-0,207726
0,063197	0,065959	-0,196833
0,070675	0,092990	-0,204390
0,044089	0,085891	-0,174998
0,046758	0,033276	-0,139998
0,060392	-0,004019	-0,106261
0,027244	-0,049187	-0,064892
0,002643	-0,035517	-0,010739
0,004983	-0,009261	0,022060
-0,026653	-0,048595	0,090426
-0,042392	-0,054196	0,187270
-0,067434	-0,023252	0,326989
-0,046281	-0,001353	0,414814
0,003197	0,001787	0,467838
0,029364	-0,010058	0,476749
0,073296	-0,032948	0,435989
0,129499	-0,028275	0,334424
0,088279	-0,019752	0,146873
0,018914	0,040705	-0,028070
-0,032757	0,040230	-0,131636
-0,053024	0,021649	-0,200120
-0,084558	0,020188	-0,292250
-0,124141	0,041053	-0,334361
-0,131881	0,078802	-0,381454
-0,176367	0,046769	-0,418163
-0,177482	0,037416	-0,405405
-0,049090	0,003114	-0,288887
0,044993	0,003455	-0,207171
0,102083	0,001800	-0,123598
0,182216	0,020593	-0,104616
0,216647	0,022224	-0,038686
0,178102	0,019695	0,099300
0,143446	-0,045535	0,164670
0,089855	-0,062283	0,223667
0,007711	-0,054623	0,202884
-0,023518	-0,042734	0,176675
-0,064774	-0,008333	0,116438
-0,088221	0,007701	0,071116
-0,037056	-0,003421	-0,025468
-0,052631	0,005881	-0,111353
-0,066995	0,017156	-0,138875
-0,083295	0,036711	-0,095780
-0,081956	0,007347	0,002868
-0,068434	-0,006574	0,167016
-0,078685	-0,024412	0,320356
-0,101266	-0,007078	0,391319
-0,108784	-0,009495	0,413605
-0,113834	-0,029630	0,272473
-0,102566	-0,023704	0,185410
-0,107907	0,007856	0,118641
-0,117930	-0,000417	-0,004684
-0,066573	-0,000334	-0,115796
-0,036974	0,047621	-0,264060
-0,020961	0,066820	-0,300310
0,016752	0,047706	-0,301539
0,072776	-0,017377	-0,291988
0,168353	-0,034006	-0,288180
0,214175	-0,033919	-0,225759
0,201027	0,033204	-0,148039
0,127301	0,062953	-0,082994
0,023313	0,039827	-0,056825
-0,018703	0,023244	0,034033
-0,030282	-0,019711	0,095220
-0,036677	-0,031088	0,100114
-0,035091	-0,015300	0,127015
-0,029025	0,011710	0,115027
-0,049087	0,025640	0,092974
-0,104382	0,033928	0,053309
-0,140976	-0,007343	0,028279
-0,167358	-0,038430	0,012089
-0,122400	-0,005842	0,014468
-0,051948	-0,018089	0,021145
0,003449	-0,054694	0,045651
0,018079	-0,007354	0,113132
0,024998	-0,006847	0,185318
0,035330	-0,031332	0,291907
0,072307	-0,052837	0,270880
0,081796	-0,039401	0,161150
0,027131	0,012534	0,031240
-0,004162	0,036846	-0,088973
-0,011948	0,040964	-0,165991
-0,020093	0,039473	-0,210356
-0,017991	0,021044	-0,172118
-0,037378	0,016835	-0,126207
-0,038521	0,019217	-0,109584
-0,087311	0,054644	-0,183432
-0,082300	0,029348	-0,172600
-0,062971	0,022514	-0,112226
-0,078148	0,011309	-0,065843
-0,126679	-0,000523	-0,064161
-0,047717	0,017770	0,015699
0,020249	0,007515	0,015440
0,037269	0,013678	0,036290
0,075774	-0,003425	0,059684
0,107555	-0,035309	0,048699
0,135837	-0,019617	0,006403
0,167092	-0,025276	-0,029363
0,161445	0,005634	-0,022526
0,125323	0,039944	0,013583
0,058120	-0,004434	0,058743
0,027343	-0,006428	0,055624
0,057311	-0,038651	0,042583
0,035314	-0,024219	0,083858
-0,010054	0,007432	0,094858
-0,053063	-0,001709	0,055781
-0,090326	0,002466	0,036960
-0,095247	0,023042	0,045852
-0,085780	0,012684	0,065405
-0,055208	-0,009006	0,073393
-0,048964	0,010984	0,132457
-0,049706	-0,010366	0,094479
-0,059870	-0,009245	0,082285
-0,076631	-0,014097	0,138618
-0,092909	-0,040013	0,176007
-0,066661	-0,057865	0,195396
-0,059078	-0,031924	0,133331
-0,027146	-0,028420	0,049207
0,020422	-0,033271	-0,002773
0,008672	-0,022784	-0,030942
-0,019881	-0,018227	-0,060190
0,006129	0,018939	-0,073054
0,041292	0,036220	-0,080465
0,062721	0,008859	-0,131413
0,045392	0,029121	-0,190360
0,025779	0,049151	-0,189641
0,021575	0,045070	-0,231205
-0,001893	0,044675	-0,224222
-0,006299	0,031907	-0,250252
-0,025144	0,035108	-0,218402
-0,082371	0,037657	-0,145021
-0,098453	0,021507	-0,076759
-0,076846	0,013373	-0,049909
-0,019338	-0,042927	-0,001621
-0,016435	-0,004654	0,066696
-0,034217	0,008728	0,113684
-0,044610	-0,024622	0,222160
-0,026118	-0,064705	0,273493
-0,087923	-0,043146	0,274337
-0,100990	0,022942	0,305664
-0,100897	-0,003680	0,307739
-0,069231	-0,041250	0,272046
-0,000795	-0,041618	0,192735
0,046288	0,014594	0,039270
0,099286	0,061467	-0,066264
0,156992	0,054923	-0,192843
0,155281	0,045855	-0,293130
0,137641	0,025197	-0,328363
0,085210	0,037394	-0,372823
0,064335	0,027999	-0,397856
0,051468	0,024316	-0,341270
0,041175	0,021369	-0,278753
0,045391	-0,012592	-0,129155
0,068869	-0,036893	0,032662
0,065630	-0,012278	0,157331
0,013246	0,009331	0,232176
-0,018139	-0,006903	0,306407
-0,029831	-0,023711	0,366744
-0,066003	-0,039086	0,402575
-0,127497	-0,028388	0,354616
-0,147970	-0,026543	0,269338
-0,104972	-0,026020	0,192484
-0,082061	-0,039017	0,107063
-0,071386	-0,013013	-0,005341
-0,032219	0,002029	-0,096204
0,017328	0,025573	-0,220615
0,047383	0,029077	-0,307693
0,097281	0,018476	-0,294995
0,128582	0,003282	-0,310703
0,148825	0,005494	-0,248563
0,151628	0,018763	-0,172031
0,114601	0,012142	-0,136661
0,122320	0,018332	-0,091140
0,108391	0,000298	-0,030773
0,066608	-0,015082	0,039541
0,032217	-0,010149	0,100591
0,009489	0,000499	0,144632
-0,037416	0,030087	0,143489
-0,088356	0,025022	0,113827
-0,061102	-0,004873	0,136069
-0,111137	-0,002946	0,070550
-0,147333	0,010094	0,014301
-0,141804	0,022443	-0,051755
-0,129728	-0,009816	-0,080674
-0,089414	-0,007853	-0,135413
-0,068651	0,025321	-0,172491
-0,029066	0,038446	-0,124590
0,018886	0,025971	-0,038381
0,065866	0,007374	-0,028788
0,064179	-0,034323	0,001872
0,067628	-0,023638	-0,003287
0,056019	-0,005495	0,051960
0,063003	-0,015895	0,084659
0,002527	-0,007919	0,122316
-0,004680	-0,034118	0,119874
0,002957	-0,010046	0,079627
-0,006252	-0,006132	0,056988
-0,015536	0,016163	-0,050174
-0,010513	0,012931	-0,142605
0,005945	-0,004011	-0,170590
0,023909	-0,001292	-0,141257
0,079467	-0,001998	-0,123540
0,113378	-0,001599	-0,039457
0,140495	0,044693	0,006740
0,118145	0,031921	0,018795
0,054294	0,017871	0,090695
-0,014023	-0,005808	0,199924
-0,115613	-0,043917	0,237515
-0,171970	-0,029384	0,289609
-0,192166	-0,039791	0,332249
-0,170969	-0,028000	0,260050
-0,122420	-0,012817	0,152498
-0,051964	-0,005469	0,093264
-0,056891	0,009028	0,045876
-0,052215	0,002438	-0,022675
-0,027404	0,024936	-0,089966
-0,000854	0,051553	-0,110278
0,069227	0,014423	-0,170584
0,097520	0,001968	-0,290654
0,103870	-0,009924	-0,286149
0,075430	0,026545	-0,295960
0,038323	0,011654	-0,278907
0,014374	0,016025	-0,185772
0,006714	-0,030271	-0,137131
0,042713	-0,036668	-0,048413
0,043753	-0,037952	0,099184
0,067558	-0,044730	0,204799
0,048309	0,002522	0,239498
0,032898	-0,014267	0,316098
-0,026355	-0,020984	0,358225
-0,040237	-0,034988	0,260714
-0,058044	-0,021289	0,151113
-0,067505	-0,020852	0,029911
-0,013781	0,018744	-0,095785
-0,008157	0,028410	-0,155156
-0,001740	0,013146	-0,209354
-0,038733	0,025836	-0,242178
-0,037688	0,042703	-0,203325
-0,063671	0,037995	-0,190432
-0,032748	0,012196	-0,124575
0,001572	0,001138	-0,106361
0,035743	-0,010576	-0,064019
0,043914	-0,012294	0,039763
0,029382	-0,006002	0,169714
0,011054	0,012435	0,227715
0,001190	-0,005384	0,252081
-0,016285	-0,002391	0,213152
-0,015909	-0,000948	0,079542
-0,057734	-0,018959	-0,033094
-0,034701	0,008783	-0,044664
-0,017226	0,007978	-0,029030
-0,043468	0,011168	-0,026093
-0,059665	0,017553	-0,039075
-0,058266	-0,001278	-0,083934
-0,016926	-0,001022	-0,130355
0,029550	0,003968	-0,122473
0,047578	0,019458	-0,087443
0,045729	0,002163	0,024845
0,072020	-0,007852	0,100321
0,085387	-0,009150	0,107076
0,074059	-0,017855	0,089494
0,024762	0,014439	0,125220
-0,001259	0,037418	0,120294
-0,027814	0,002164	0,078034
-0,026084	-0,012637	0,033705
-0,002679	-0,012990	0,030785
0,019890	-0,028581	0,053363
-0,012823	0,007775	-0,002316
-0,048564	0,013886	-0,014304
-0,029269	0,015894	-0,030597
0,004356	-0,014104	-0,066616
-0,000348	-0,032340	-0,108835
0,006423	0,009553	-0,065999
0,024291	0,018177	-0,063334
0,009863	0,015506	-0,028646
0,025127	-0,018247	-0,010466
0,016268	-0,014598	-0,026573
-0,014756	0,000773	-0,062433
-0,075965	0,021688	-0,011641
-0,085675	-0,000850	0,006971
-0,078122	0,013687	0,012279
-0,084519	-0,005322	0,008859
-0,065699	0,013931	0,019538
-0,032454	-0,016626	-0,016926
0,046827	0,015434	-0,066214
0,111204	-0,002985	-0,131498
0,152159	0,004326	-0,146385
0,140893	0,020697	-0,204254
0,159638	0,004107	-0,169152
0,115259	-0,006297	-0,153510
0,064436	-0,015572	-0,096953
0,016112	-0,039264	-0,100549
-0,012013	-0,007473	-0,012445
-0,065152	0,009341	0,053251
-0,068406	-0,022215	0,142199
-0,109315	-0,011070	0,186549
-0,098938	-0,005975	0,225850
-0,081067	0,007671	0,206534
-0,050486	0,015707	0,205450
-0,000167	-0,014253	0,152873
0,025721	-0,027675	0,083028
0,018660	-0,004903	0,033866
0,006310	0,020015	-0,034199
-0,004522	0,024630	-0,057047
-0,042888	0,002468	-0,043721
-0,048678	-0,012393	-0,024443
0,002244	-0,018533	-0,035838
0,019032	-0,028230	-0,017183
0,029593	-0,027369	-0,018532
