-0,642758	0,038374	0,377809
-0,527609	0,092943	0,488038
-0,368462	0,133742	0,542701
-0,292853	0,246813	0,840216
-0,184490	0,235756	1,219963
-0,114071	0,219244	1,134943
-0,244480	0,438762	0,890718
-0,467569	0,596176	1,369544
-0,716902	0,554517	1,424114
-1,069603	0,811362	1,062680
-1,190875	0,830084	1,544468
-1,119326	0,613310	1,371561
-1,161696	0,790404	1,118319
-1,040453	0,729052	1,790090
-0,853432	0,657936	1,448356
-0,757440	0,918048	1,398102
-0,483369	0,718154	2,031153
-0,205702	0,732543	1,664180
-0,090818	0,965271	1,892550
0,168678	0,703271	2,269642
0,373407	0,619111	1,733353
0,590815	0,528810	2,222742
0,852852	0,105103	2,454317
0,943732	0,104188	2,073586
1,042290	0,031641	2,684553
1,111567	-0,181547	2,859190
1,030989	0,059706	2,714476
1,136034	0,007543	3,275791
1,324465	-0,321493	2,940493
1,250148	-0,324235	2,421352
1,209847	-0,439429	2,643845
1,163239	-0,543084	2,087305
0,980396	-0,287934	1,481184
0,971060	-0,308887	1,654211
1,253777	-0,688589	1,076286
1,362152	-0,829558	0,457844
1,471838	-1,171227	0,412247
1,375713	-1,323884	0,306812
0,955001	-0,956629	-0,272654
0,754419	-1,088045	-0,009346
0,487653	-0,984401	-0,888544
0,223497	-0,922555	-1,120724
0,197950	-1,279133	-1,540146
0,141111	-1,501187	-2,223316
0,096617	-1,602219	-2,820608
0,048558	-1,616004	-3,352068
-0,028194	-1,531268	-3,771498
-0,111618	-1,392604	-4,119493
-0,235815	-1,259652	-4,330849
-0,482659	-1,213618	-4,945246
-1,240375	-0,976644	-6,074593
-2,502566	-0,250761	-6,406330
-3,248952	0,354848	-6,312589
-2,756230	0,525211	-5,637119
-1,742423	0,251614	-4,981839
-0,717815	-0,238284	-4,511240
0,214884	-0,707778	-3,960457
0,908357	-0,873632	-3,425018
1,337684	-0,720927	-2,828125
1,441729	-0,451290	-2,467444
1,140932	-0,143637	-2,453753
0,635976	-0,077568	-2,618056
0,214774	-0,184638	-2,878783
-0,090583	-0,291362	-3,038525
-0,332952	-0,370028	-3,248679
-0,485673	-0,371682	-3,321038
-0,599232	-0,341401	-3,299433
-0,546414	-0,287488	-3,160530
-0,421812	-0,198387	-2,910541
-0,303929	-0,073468	-2,714370
-0,300602	0,052310	-2,470300
-0,279751	0,160598	-2,235762
-0,258274	0,236694	-2,008885
-0,375174	0,334924	-1,877164
-0,437090	0,340729	-1,601341
-0,444484	0,273536	-1,277240
-0,504025	0,299273	-0,941348
-0,589963	0,328481	-0,545253
-0,610837	0,256083	-0,285849
-0,752989	0,311178	-0,137700
-0,965355	0,416533	-0,010563
-0,944672	0,392601	0,036557
-0,803613	0,290143	0,150877
-0,614168	0,175608	0,278721
-0,519105	0,240083	0,209561
-0,521583	0,381691	0,104441
-0,391412	0,362811	-0,015080
-0,085200	0,263430	-0,096341
0,169340	0,114980	-0,029197
0,163255	0,202116	-0,034844
-0,020714	0,480601	0,080340
0,099310	0,494613	0,247194
0,361956	0,306628	0,356728
0,624757	0,127504	0,551618
0,404994	0,313649	0,629002
0,022323	0,566959	0,619082
0,089684	0,445901	0,407156
0,389704	0,086665	0,431071
0,617269	-0,168180	0,585238
0,053275	0,331850	0,690371
-0,043574	0,496278	0,690199
0,974541	-0,371996	0,948644
0,371661	0,229124	1,101762
-0,514780	1,015526	0,896729
0,398369	0,167902	0,622571
0,490118	-0,028484	0,593834
-0,953450	1,197306	0,168609
0,126925	0,198396	-0,130396
1,783230	-1,295995	0,280669
0,639377	-0,267777	0,199633
0,289321	0,379540	0,648134
-0,364222	1,029548	0,796229
-0,682112	1,357073	0,784469
-0,734362	1,505117	0,517443
-0,712941	1,405204	0,182192
-1,250309	1,720807	-0,221043
-0,689957	1,069223	-0,502445
0,307080	-0,035259	-0,628921
0,680442	-0,500350	-0,713830
0,465826	-0,171386	-0,619905
0,110258	0,471009	-0,433668
-0,135890	0,915027	-0,313426
-0,203524	1,163931	-0,134860
0,202061	1,025957	0,041514
0,394364	1,040077	0,061947
0,538635	1,035089	0,312912
0,700965	0,812751	0,556787
0,951506	0,492181	0,741353
1,220898	0,189765	1,061393
1,895126	-0,415143	1,284856
1,246997	0,186000	1,828508
-0,344114	1,734714	1,944520
0,036916	1,510354	1,294166
0,643400	1,148908	0,622576
0,851829	0,941148	0,141799
0,941949	0,797938	-0,194935
0,942219	0,931393	-0,295767
0,954898	1,233530	-0,284490
1,012906	1,426411	-0,310917
1,089011	1,446622	-0,343546
1,242791	1,237742	-0,371565
1,432856	1,026583	-0,286717
1,511153	1,135389	-0,211173
1,538365	1,367040	-0,106683
1,506510	1,527457	0,061175
1,558589	1,539923	0,361147
1,740072	1,390910	0,590578
2,107451	1,204672	0,657301
2,526805	1,190703	0,775792
2,907297	1,474499	0,793021
3,227021	1,802096	0,652606
3,599623	1,914761	0,512514
3,976244	1,876584	0,410011
4,308192	1,844114	0,488898
4,599593	1,925401	0,801958
4,846129	2,045973	1,023683
4,952379	2,105089	1,071779
4,964602	2,092995	1,001075
4,871901	2,004803	0,841082
4,638767	1,967758	0,686269
4,324883	1,896948	0,428349
4,026850	1,800066	0,008451
3,640949	1,784817	-0,449099
3,142605	1,580124	-0,977944
2,779356	1,059168	-1,623200
2,411194	0,577265	-2,030225
1,789135	0,339230	-2,436289
1,043442	0,164120	-2,679744
0,376989	-0,084183	-2,594857
-0,204073	-0,411158	-2,141975
-0,613369	-0,840328	-1,902240
-1,050938	-1,264109	-1,918276
-1,584867	-1,443195	-1,729030
-2,180565	-1,388235	-1,440682
-2,567097	-1,351921	-1,367060
-2,866751	-1,320953	-1,366585
-3,028898	-1,411108	-1,175629
-2,946007	-1,434392	-0,861976
-2,868206	-1,278714	-0,452081
-2,725521	-1,098619	0,178472
-2,361423	-1,018726	0,932866
-2,039494	-0,970120	1,628312
-1,780996	-0,864206	2,267029
-1,526310	-0,808198	2,736829
-1,185611	-0,892676	2,941246
-0,908266	-1,068486	3,031988
-0,878883	-1,126774	2,970512
-1,036383	-1,128384	2,637860
-1,176739	-1,245565	2,209885
-1,320640	-1,429314	1,766956
-1,504705	-1,560053	1,477725
-1,759221	-1,681869	1,268374
-2,024125	-1,778368	1,108547
-2,256153	-1,838320	0,960580
-2,464761	-1,892042	0,909248
-2,660383	-1,840197	0,900738
-2,843700	-1,720204	0,907334
-2,988424	-1,561954	0,884839
-2,985466	-1,424820	0,914732
-2,988836	-1,314148	0,762438
-3,020268	-1,305102	0,552491
-2,926652	-1,382143	0,489869
-2,747376	-1,397804	0,480006
-2,658545	-1,305951	0,445296
-2,644952	-1,249705	0,303564
-2,737495	-1,152034	0,079093
-2,755023	-1,074862	0,046026
-2,734573	-0,940334	0,080876
-2,631066	-0,753220	0,080985
-2,474519	-0,698352	0,157683
-2,324378	-0,671682	0,275548
-2,198516	-0,620658	0,321952
-2,190734	-0,601873	0,253729
-2,278357	-0,597380	0,069865
-2,289067	-0,576549	-0,053288
-2,083133	-0,522531	-0,086685
-1,880069	-0,484101	-0,205335
-1,729104	-0,485926	-0,477427
-1,623664	-0,515157	-0,833016
-1,507708	-0,482035	-1,246759
-1,332582	-0,403817	-1,728121
-1,149379	-0,413080	-2,028932
-0,933871	-0,432930	-2,124012
-0,708791	-0,388483	-2,169437
-0,598637	-0,445820	-2,256521
-0,519132	-0,484989	-2,346306
-0,408591	-0,529727	-2,414301
-0,277081	-0,579885	-2,465828
-0,163241	-0,576908	-2,485980
-0,231155	-0,519950	-2,536575
-0,287390	-0,465764	-2,510974
-0,339091	-0,492314	-2,493374
-0,386190	-0,448441	-2,456296
-0,303215	-0,397058	-2,390244
-0,248309	-0,371284	-2,362306
-0,282925	-0,369806	-2,482655
-0,334555	-0,361921	-2,583719
-0,368205	-0,358495	-2,555391
-0,315633	-0,396927	-2,435048
-0,284111	-0,435340	-2,168302
-0,256023	-0,464153	-1,852439
-0,229709	-0,442184	-1,497271
-0,263259	-0,426538	-1,220802
-0,296801	-0,423591	-0,922052
-0,294899	-0,438470	-0,611226
-0,256024	-0,336409	-0,410453
-0,281443	-0,200169	-0,294842
-0,316133	-0,145780	-0,210019
-0,318983	-0,182701	-0,184299
-0,237950	-0,193084	-0,164676
-0,194193	-0,146801	-0,101089
-0,095980	-0,130857	-0,074169
0,045799	-0,178428	-0,094772
0,089313	-0,122625	-0,216601
0,038894	0,064705	-0,358108
-0,056031	0,271076	-0,448339
-0,041956	0,410305	-0,319402
0,096684	0,388584	-0,122404
0,232487	0,375027	0,033278
0,241531	0,436972	0,181774
0,206641	0,532500	0,297689
0,220855	0,662548	0,408610
0,152746	0,776157	0,470541
0,078142	0,904397	0,496147
0,035694	0,965815	0,545355
-0,043271	0,979512	0,537798
-0,110276	1,008659	0,572939
-0,160047	1,030072	0,675746
-0,139524	1,089328	0,860457
0,005214	1,172183	1,142308
0,169858	1,215468	1,465470
0,350400	1,232861	1,713465
0,522617	1,258273	1,837166
0,642191	1,247952	1,904511
0,632503	1,275131	1,874122
0,523239	1,353381	1,761700
0,480847	1,418850	1,619101
0,558969	1,408981	1,473406
0,648287	1,369470	1,304176
0,715919	1,434602	1,089313
0,680951	1,503932	0,910720
0,669261	1,572811	0,760180
0,658944	1,687289	0,648366
0,732099	1,759719	0,563700
0,842344	1,764990	0,495016
0,900840	1,659075	0,308854
0,924664	1,545619	0,122596
0,895835	1,469210	0,074127
0,893829	1,397548	0,201037
0,911389	1,263607	0,424197
0,960874	1,125803	0,671669
1,053135	1,039509	0,883063
1,102994	1,076774	1,070366
1,237693	1,150640	1,178071
1,354070	1,213553	1,317871
1,502727	1,190154	1,384693
1,634090	1,168566	1,334732
1,714291	1,053602	1,215271
1,770786	0,824681	1,184814
1,826517	0,593669	1,209302
1,798311	0,378206	1,200156
1,653175	0,238405	1,011834
1,509283	0,175405	0,829584
1,375981	0,148941	0,695271
1,277958	0,161291	0,504496
1,254117	0,181694	0,418929
1,314548	0,051508	0,493151
1,563040	-0,112981	0,636818
1,861431	-0,273294	1,004572
2,042685	-0,369954	1,352412
2,099577	-0,418547	1,658456
2,122106	-0,494774	1,788361
2,117155	-0,575860	1,726612
2,025084	-0,645514	1,422476
1,881505	-0,793182	1,055620
1,624918	-0,947718	0,605079
1,233858	-0,977474	0,023419
0,830983	-0,971603	-0,555874
0,517302	-0,962121	-1,037509
0,201231	-0,939203	-1,529117
-0,113869	-0,893099	-1,904202
-0,315192	-0,879201	-2,215768
-0,266509	-0,866166	-2,168135
-0,059984	-0,795399	-1,871446
-0,019252	-0,562589	-1,421510
-0,114999	-0,208726	-0,996424
-0,082428	-0,025245	-0,579745
0,037487	-0,082452	-0,169789
0,267489	-0,319746	0,111251
0,491726	-0,523949	0,300646
0,487228	-0,616437	0,252004
0,425220	-0,695225	0,070402
0,323892	-0,720901	-0,077748
0,238044	-0,754847	-0,144559
0,186614	-0,759016	-0,271751
0,146410	-0,779600	-0,453949
0,113296	-0,898534	-0,619812
0,115539	-0,961124	-0,843494
0,050292	-0,944156	-1,098086
-0,030628	-0,966970	-1,252919
-0,116446	-0,983305	-1,358598
-0,227227	-1,025108	-1,402906
-0,347467	-1,028864	-1,426878
-0,429280	-0,989717	-1,311961
-0,402800	-0,968947	-1,173116
-0,417051	-0,980101	-1,049577
-0,464842	-0,964135	-0,927772
-0,541393	-0,955182	-0,735516
-0,551865	-0,900132	-0,612351
-0,521936	-0,809168	-0,640235
-0,545881	-0,740231	-0,685528
-0,522887	-0,683164	-0,691122
-0,456615	-0,630808	-0,757842
-0,476388	-0,600411	-0,834203
-0,484540	-0,557904	-0,952751
-0,540855	-0,548789	-1,043756
-0,575384	-0,488836	-1,097407
-0,629814	-0,381486	-1,156612
-0,618781	-0,206556	-1,243247
-0,570672	-0,102989	-1,282854
-0,502509	-0,078571	-1,292519
-0,440313	-0,103079	-1,265778
-0,372368	-0,099699	-1,238635
-0,345770	-0,059642	-1,147964
-0,329290	-0,037179	-1,020837
-0,317070	-0,000056	-0,847322
-0,239288	0,043046	-0,623267
-0,109070	0,057423	-0,340593
-0,040332	0,088077	-0,067531
-0,050454	0,171023	0,103983
-0,121772	0,249819	0,281428
-0,229571	0,270729	0,431051
-0,304336	0,250104	0,516264
-0,432128	0,269993	0,602635
-0,565014	0,244718	0,575004
-0,591831	0,256114	0,508843
-0,574978	0,250850	0,582331
-0,511692	0,219845	0,629622
-0,479263	0,296543	0,580309
-0,458117	0,356936	0,476698
-0,446939	0,389944	0,489574
-0,412141	0,352177	0,506588
-0,376637	0,273124	0,530723
-0,327164	0,167742	0,542376
-0,286633	0,094924	0,663747
-0,213987	-0,005457	0,828837
-0,133836	0,013823	0,959945
-0,040028	0,052245	1,146239
0,015854	0,067650	1,285705
0,089307	0,070405	1,422167
0,104966	0,113782	1,545705
0,061939	0,153269	1,617716
-0,041428	0,239461	1,670540
-0,132740	0,299784	1,668756
-0,172268	0,341341	1,645296
-0,152183	0,377455	1,554689
-0,108343	0,387206	1,529139
-0,080925	0,341357	1,448372
-0,055170	0,248195	1,368427
-0,067109	0,210043	1,313101
-0,142762	0,224541	1,321501
-0,206141	0,307001	1,355993
-0,259725	0,427558	1,379765
-0,265239	0,456976	1,336527
-0,255294	0,399089	1,289485
-0,249242	0,307785	1,278671
-0,229081	0,250061	1,250866
-0,266578	0,183764	1,178818
-0,289886	0,149892	1,067554
-0,306604	0,043290	1,037918
-0,299873	-0,062096	1,070715
-0,263836	-0,142560	1,166862
-0,292477	-0,120762	1,257184
-0,345066	-0,034354	1,360093
-0,376614	0,025190	1,396448
-0,431528	0,108250	1,443721
-0,444832	0,180459	1,416428
-0,439179	0,234382	1,355322
-0,374329	0,293817	1,228862
-0,208484	0,273359	1,000339
-0,000149	0,176548	0,815591
0,150234	0,060794	0,639057
0,197763	-0,027023	0,579251
0,168745	-0,082910	0,505539
0,124461	-0,091230	0,644800
0,098605	-0,104589	0,845283
-0,070506	-0,159318	0,998968
-0,210592	-0,183961	1,168840
-0,358097	-0,246766	1,382313
-0,453116	-0,272120	1,588517
-0,520513	-0,245466	1,719971
-0,583036	-0,203075	1,714991
-0,570823	-0,155758	1,598958
-0,554339	-0,109286	1,344292
-0,488479	-0,061563	1,098419
-0,435803	-0,009993	0,814575
-0,340024	0,069582	0,413196
-0,201145	0,064284	0,158169
-0,087173	-0,009865	-0,033389
-0,050586	-0,075885	-0,128225
-0,034719	-0,165102	-0,111211
-0,087150	-0,305422	0,109274
-0,199017	-0,348720	0,438896
-0,405332	-0,334517	0,780158
-0,611570	-0,328906	1,069439
-0,777513	-0,328249	1,227134
-0,863356	-0,393801	1,329351
-0,873595	-0,444325	1,391008
-0,861681	-0,385147	1,244961
-0,750636	-0,292798	0,963412
-0,620626	-0,152842	0,540884
-0,425627	-0,010225	0,061126
-0,211217	0,009068	-0,251808
0,000533	-0,037765	-0,504071
0,184301	-0,110656	-0,728867
0,329399	-0,158434	-0,939356
0,458893	-0,257948	-0,967915
0,517468	-0,289672	-0,781046
0,471433	-0,310277	-0,507991
0,358946	-0,273112	-0,193795
0,103282	-0,232858	0,083428
-0,126139	-0,292585	0,263068
-0,245528	-0,426573	0,424980
-0,324755	-0,516515	0,443415
-0,380470	-0,497477	0,365266
-0,443231	-0,362557	0,257728
-0,508772	-0,226838	0,048162
-0,480760	-0,095276	-0,269833
-0,385573	-0,060901	-0,460080
-0,307494	-0,090859	-0,675486
-0,196203	-0,160786	-0,880354
-0,119609	-0,198538	-0,962865
-0,032479	-0,221086	-0,842118
0,087982	-0,246778	-0,668898
0,154663	-0,233812	-0,488194
0,155334	-0,250257	-0,234451
0,091699	-0,221275	-0,048706
0,051338	-0,238312	0,126720
0,019037	-0,288330	0,278549
0,009492	-0,305371	0,307104
-0,009643	-0,329526	0,272503
-0,008679	-0,352684	0,256308
0,013174	-0,384625	0,210795
-0,005745	-0,381431	0,222261
0,019342	-0,309942	0,255384
0,057612	-0,230717	0,330724
0,048006	-0,185526	0,369925
0,014467	-0,141719	0,455865
-0,024815	-0,132528	0,460468
-0,060075	-0,133794	0,448818
-0,058594	-0,161625	0,447152
-0,063160	-0,198257	0,397956
-0,045743	-0,209363	0,320270
-0,008823	-0,207713	0,283998
0,013059	-0,215963	0,209950
0,068858	-0,144047	0,106668
0,086690	-0,134390	-0,065019
0,105753	-0,094097	-0,145863
0,173665	-0,050387	-0,263211
0,198307	-0,059463	-0,345604
0,218973	-0,040856	-0,428754
0,241267	-0,062372	-0,462717
0,208334	-0,085335	-0,517659
0,211674	-0,068268	-0,566398
0,161686	-0,068982	-0,589105
0,136050	-0,057102	-0,532576
0,192153	-0,086856	-0,479698
0,283007	-0,141311	-0,352155
0,359523	-0,139868	-0,159142
0,345089	-0,072636	-0,022919
0,270322	-0,074381	0,054443
0,203806	-0,104524	0,154652
0,112288	-0,156398	0,225235
0,014171	-0,151937	0,202209
-0,103580	-0,116752	0,147400
-0,187258	-0,088617	0,051844
-0,232168	-0,040254	-0,035136
-0,249894	-0,012086	-0,113351
-0,198963	-0,016370	-0,145258
-0,150540	-0,015013	-0,272310
-0,076389	-0,024461	-0,331814
0,004013	-0,002333	-0,348776
0,051099	-0,024852	-0,316362
0,086851	-0,016049	-0,313429
0,112571	0,002481	-0,334056
0,129327	0,019221	-0,324703
0,116865	0,000057	-0,360324
0,092528	-0,037296	-0,358169
0,052965	-0,042288	-0,275048
-0,028502	-0,007024	-0,210456
-0,080260	-0,009452	-0,172198
-0,075707	0,004890	-0,093703
-0,031830	-0,025776	-0,016540
0,069348	-0,034976	-0,017065
0,115805	-0,058633	-0,073992
0,158733	-0,041157	-0,137721
0,179660	-0,003238	-0,215524
0,165749	-0,017910	-0,212642
0,124933	-0,015293	-0,207467
0,121980	-0,012234	-0,129572
0,048744	-0,005002	-0,023213
-0,014642	-0,014536	0,023568
-0,076838	0,004655	0,105037
-0,119881	-0,014477	0,159689
-0,171564	-0,014450	0,171806
-0,134383	-0,031665	0,190119
-0,050036	-0,046401	0,228706
-0,009389	-0,017016	0,261493
0,015475	-0,016482	0,229311
0,020998	-0,002650	0,247609
0,025417	-0,046176	0,205753
0,040450	-0,027370	0,130130
0,072583	-0,023800	0,089736
0,092539	-0,010422	0,084240
0,169795	-0,022706	0,027170
0,152120	-0,031580	-0,061589
0,134147	0,004436	-0,038736
0,087201	-0,013700	-0,002254
0,039121	-0,005210	0,035551
-0,046279	-0,018536	0,086851
-0,100231	-0,004294	0,119286
-0,180734	0,009980	0,076276
-0,232698	0,009901	0,022715
-0,215846	0,007921	0,030611
-0,155440	0,025489	0,019704
-0,067846	0,030926	-0,032113
0,036702	-0,002078	-0,095613
0,069584	0,011741	-0,113832
0,072904	0,006524	-0,076697
0,087058	-0,025433	-0,023052
0,129022	-0,035666	-0,048129
0,124287	0,012654	-0,055739
0,172208	0,008207	-0,043639
0,181821	-0,008767	0,006263
0,124388	0,005438	-0,019880
0,036302	0,005315	-0,043675
-0,047570	0,012870	-0,045475
-0,097431	0,012212	-0,085233
-0,132534	-0,000765	-0,091160
-0,113694	0,014708	-0,089212
-0,095740	0,048156	-0,101057
-0,061272	0,041405	-0,074144
-0,006879	0,030243	-0,016225
0,006948	0,012708	0,048311
0,017057	-0,008034	0,079836
0,035667	-0,017914	0,154847
0,055353	-0,010498	0,204322
0,038533	0,016491	0,130901
0,046146	0,017026	0,080770
0,057034	-0,017019	0,039714
0,029343	-0,022233	-0,057292
0,020606	-0,010133	-0,128195
-0,031404	-0,000440	-0,213640
-0,040443	0,016884	-0,264771
-0,052471	0,035529	-0,271193
-0,017075	0,017888	-0,247594
-0,003125	0,004740	-0,221061
-0,026438	-0,000041	-0,193132
-0,023067	0,023905	-0,151625
-0,001217	0,029659	-0,105980
0,001895	0,016073	-0,004339
-0,038706	0,003276	0,102827
-0,025216	-0,042387	0,190477
-0,001020	-0,025291	0,274013
0,005886	-0,023102	0,363814
-0,004862	0,002588	0,412683
0,036333	-0,019963	0,415376
0,056837	-0,039909	0,400293
0,101012	-0,033843	0,348970
0,061657	-0,013671	0,183413
0,051242	0,020667	-0,031407
0,030459	0,011748	-0,239640
0,062673	0,041003	-0,436878
0,105680	0,048122	-0,529544
0,115196	0,030844	-0,573037
0,108441	0,053398	-0,575263
0,107822	0,075287	-0,523418
0,102530	0,066931	-0,411081
0,112676	0,023857	-0,229256
0,122697	0,019086	-0,081891
0,133594	-0,011550	0,040786
0,078140	0,008961	0,194469
0,015588	0,014822	0,292526
-0,090960	0,018559	0,360437
-0,184816	0,001444	0,417634
-0,256068	-0,016081	0,403065
-0,274764	-0,013817	0,320536
-0,283019	0,021503	0,224825
-0,282922	0,040188	0,056325
-0,218671	0,032150	-0,099557
-0,147166	0,037207	-0,154341
-0,052608	0,052752	-0,188597
0,039310	0,015382	-0,212169
0,141580	-0,018334	-0,178353
0,232978	-0,019452	-0,097675
0,262994	-0,012693	-0,007266
0,234345	-0,001536	0,036325
0,142457	0,012174	0,049166
0,067042	0,011656	0,082436
0,002876	-0,015566	0,121490
-0,059943	-0,010548	0,127832
-0,092974	0,007846	0,120467
-0,089699	0,007241	0,101159
-0,100482	0,013447	0,072309
-0,071768	0,011722	0,058811
-0,021989	0,001711	0,006827
-0,026210	0,010952	-0,070197
0,001066	0,004928	-0,108831
0,009471	0,031713	-0,138786
0,046835	0,030156	-0,121564
0,063334	0,008805	-0,137473
0,064071	0,010877	-0,106146
0,034020	0,024021	-0,093534
-0,009173	0,019217	-0,087278
-0,035109	0,018242	0,048927
-0,032885	-0,000726	0,099481
-0,023427	-0,035053	0,183967
-0,001505	-0,007938	0,200810
0,040935	-0,012088	0,227677
0,029867	-0,000100	0,217579
0,012407	0,004705	0,234403
-0,055199	-0,034541	0,172202
-0,121735	0,000138	0,079339
-0,104090	0,034595	-0,059112
-0,074654	0,035330	-0,163171
-0,031952	0,004326	-0,239717
0,025195	-0,002289	-0,227199
0,065176	0,010620	-0,285189
0,082780	0,028613	-0,297109
0,107411	0,022891	-0,218534
0,130936	-0,037242	-0,155675
0,082727	-0,013509	-0,087187
0,061384	-0,007939	-0,032396
0,046239	0,002280	-0,054652
0,050394	0,019060	-0,099264
0,070003	-0,005821	-0,103362
0,093356	-0,005622	-0,051085
0,072768	0,018488	0,000319
0,029491	0,023409	0,103685
-0,003226	-0,006175	0,293630
-0,048552	-0,044198	0,334513
-0,072362	-0,042060	0,307832
-0,115348	-0,046099	0,265418
-0,167938	-0,020595	0,174981
-0,163073	0,010331	0,092096
-0,128542	0,027417	0,007601
-0,080812	0,015232	-0,014037
-0,082851	0,016019	-0,003564
