0,116150	0,402206	9,799957
0,094604	0,389038	9,906494
0,099380	0,418976	9,843048
0,104172	0,380661	9,890945
0,148468	0,439316	9,947205
0,227478	0,472839	9,999878
0,226273	0,501572	9,893341
0,257401	0,509949	9,760452
0,276550	0,476425	9,770035
0,276550	0,459671	9,851440
0,288528	0,496780	9,801163
0,369934	0,503967	9,798767
0,360352	0,517136	9,829880
0,375916	0,513535	9,798767
0,386688	0,497986	9,777222
0,362747	0,529099	9,676651
0,379501	0,581772	9,714966
0,380707	0,561432	9,758057
0,413025	0,501572	9,713776
0,417816	0,584167	9,616806
0,428589	0,609314	9,556946
0,445343	0,464462	9,644333
0,429779	0,390244	9,675461
0,360352	0,505157	9,743698
0,264587	0,554245	9,776016
0,324448	0,506363	9,865799
0,452530	0,463257	9,955582
0,551895	0,474030	9,969955
0,603363	0,494385	9,893341
0,657242	0,524307	9,750885
0,691956	0,515930	9,586868
0,794907	0,494385	9,432449
0,895462	0,562622	9,315140
0,985245	0,591354	9,264862
0,944534	0,581772	9,194229
0,881088	0,530304	9,044586
0,908630	0,505157	9,033813
0,914612	0,482422	9,369003
0,960098	0,470444	9,770035
0,968475	0,456085	9,827499
0,955307	0,438126	9,791580
1,009186	0,442917	9,785599
1,072632	0,410583	9,899323
1,073822	0,436920	9,955582
1,015167	0,486008	9,877777
0,978058	0,529099	9,740097
1,023544	0,530304	9,770035
1,175583	0,416580	9,893341
1,303665	0,368698	10,086060
1,233047	0,481216	10,333862
1,102554	0,482422	10,545761
1,085800	0,430939	10,695389
1,057068	0,384247	10,795944
1,027145	0,378265	10,818695
0,986435	0,496780	10,819885
0,996017	0,480026	10,906082
1,030731	0,438126	10,896500
1,054672	0,476425	10,785172
1,209106	0,530304	10,633148
1,385071	0,560226	10,521805
1,534714	0,609314	10,478714
1,592178	0,654800	10,399704
1,569427	0,695496	10,230911
1,594559	0,725433	10,147125
1,562241	0,767319	10,083679
1,611328	0,739792	10,051346
1,618515	0,739792	10,107620
1,571823	0,834366	10,108810
1,598160	0,852325	10,051346
1,669983	0,882248	10,004669
1,754974	0,901398	10,132751
1,916580	0,903793	10,198593
1,987213	0,966049	10,065720
2,024323	1,031891	9,852631
1,978836	1,047455	9,628769
1,927353	1,003159	9,442032
1,982422	0,973221	9,470764
1,999191	1,040268	9,628769
1,976440	1,133636	9,647934
2,019531	1,106110	9,669479
2,036301	1,019913	9,823898
2,069809	0,993576	10,139938
2,187134	0,976822	10,426041
2,352325	1,035477	10,568497
2,457672	1,079773	10,412872
2,521118	1,078568	10,168671
2,517532	1,101318	10,001068
2,442108	1,149200	9,916077
2,415771	1,182724	9,829880
2,353531	1,197083	9,910095
2,284088	1,265320	9,938828
2,316422	1,264130	9,781998
2,335571	1,265320	9,546173
2,442108	1,321579	9,538986
2,597733	1,325180	9,841858
2,649216	1,381439	9,966354
2,558228	1,402985	9,981918
2,414581	1,388626	10,093246
2,434937	1,352707	10,302750
2,393036	1,438904	10,373367
2,317612	1,478409	10,276413
2,325989	1,509521	10,257248
2,427750	1,538254	10,250076
2,524719	1,544250	10,044174
2,535492	1,656769	9,676651
2,615692	1,729797	9,439636
2,722229	1,725006	9,255280
2,828781	1,744156	9,125992
2,858704	1,808807	9,031418
2,876663	1,877045	9,027832
2,856308	1,957245	8,994308
2,820404	2,003937	8,960785
2,801239	1,959641	9,033813
2,851517	1,956055	9,164307
2,840744	2,015900	9,252884
2,754562	2,009918	9,261261
2,733002	1,985977	9,345062
2,737793	2,025482	9,438431
2,759338	2,055405	9,627579
2,774902	2,104492	9,781998
2,752167	2,117661	9,783203
2,750961	2,087723	9,781998
2,864685	2,048218	9,920868
2,989182	2,121246	9,913681
3,045456	2,279266	9,702988
3,080170	2,358276	9,322311
3,029892	2,390594	8,687851
2,983200	2,404953	8,301193
2,856308	2,504318	8,164719
2,756958	2,574951	8,249710
2,760544	2,585724	8,364639
2,852722	2,608475	8,455612
2,845535	2,647964	8,519058
2,892227	2,659943	8,633987
2,886230	2,685089	8,778839
2,829971	2,797607	8,825516
2,883850	2,822754	8,848267
3,075378	2,760498	9,002686
3,233398	2,798813	9,075714
3,276489	2,870636	9,001495
3,256134	2,893372	8,996704
3,228607	2,852676	9,058960
3,183121	2,893372	9,141556
3,155579	2,993927	9,194229
3,142410	3,047806	9,307953
3,125656	3,044205	9,388153
3,149597	3,059769	9,400131
3,140030	3,126816	9,267242
3,148407	3,161530	9,151138
3,225021	3,204620	9,124802
3,280090	3,246521	9,109238
3,272903	3,288422	9,159515
3,251358	3,332718	9,382172
3,227417	3,295609	9,688629
3,199875	3,284836	9,805939
3,149597	3,356659	9,718552
3,078964	3,436859	9,627579
3,162766	3,398560	9,706589
3,338745	3,426086	9,883759
3,466827	3,463196	9,901718
3,536270	3,519455	9,832275
3,550629	3,554184	9,725739
3,537460	3,621216	9,620392
3,506332	3,621216	9,612015
3,451263	3,657135	9,667084
3,392609	3,767258	9,607224
3,380646	3,863022	9,494705
3,429718	3,859436	9,549759
3,391418	3,879791	9,667084
3,343536	3,926468	9,595261
3,390213	3,976761	9,565323
3,420151	3,979141	9,686234
3,493164	3,965973	9,898117
3,512314	3,986328	10,041779
3,464432	4,013870	10,186630
3,436905	4,031815	10,269226
3,490768	4,042587	10,356613
3,481201	4,048584	10,347031
3,377045	4,127594	10,100433
3,356705	4,186249	9,855026
3,313599	4,229340	9,832275
3,298035	4,246094	9,781998
3,282471	4,305954	9,766434
3,190308	4,339478	9,669479
3,106506	4,381378	9,586868
3,055023	4,438828	9,500687
3,071793	4,505875	9,349854
3,026291	4,574112	9,145142
2,979614	4,604034	8,853058
2,996368	4,619598	8,618423
2,861099	4,716568	8,507095
2,803635	4,817123	8,305984
2,880249	4,771622	8,265274
2,870682	4,807541	8,255707
2,865891	4,842255	8,290421
2,892227	4,839859	8,468781
2,853912	4,906906	8,399353
2,762939	4,916473	8,113251
2,906586	4,866196	7,840302
3,016724	5,021820	7,734955
2,990387	5,124771	7,448853
2,820404	5,203781	7,280060
2,835953	5,103226	7,588913
2,768921	5,050552	7,694260
2,651611	5,230118	7,998322
2,558228	5,310318	8,036636
2,506760	5,315109	7,961212
2,609711	5,246872	8,242538
2,671951	5,272018	8,353867
2,778503	5,339050	8,467590
2,893417	5,341446	8,580109
2,814407	5,434830	8,515472
2,733002	5,481506	8,377808
2,592941	5,519821	8,224579
2,450485	5,625168	8,007904
2,369095	5,677841	7,927689
2,305649	5,662277	7,831924
2,272125	5,644318	7,775665
2,197906	5,698181	7,948044
2,116501	5,770004	8,153946
2,075806	5,752060	8,347870
2,115311	5,741287	8,410126
2,144028	5,785568	8,278442
2,124878	5,857391	7,991135
2,045868	5,944794	7,711014
2,059036	5,996262	7,523071
2,071014	6,030975	7,438080
2,114105	6,119568	7,325546
2,059036	6,179413	6,997543
2,009964	6,230896	6,703064
2,015945	6,218918	6,789246
1,987213	6,216522	6,961639
1,856735	6,300323	6,891006
1,669983	6,229691	6,636017
1,404221	6,069290	6,491180
0,909821	5,823883	5,752563
-0,483597	5,171463	4,191544
-2,749710	5,067307	4,385468
-2,282837	6,363770	8,956009
0,373520	7,716492	13,174591
1,701111	7,255615	11,946365
1,838776	6,275192	7,906143
2,219452	6,277588	6,187103
2,806030	6,643890	6,504333
2,985596	6,663040	6,790451
2,733002	6,441589	6,249359
2,288879	6,447571	5,370682
1,777725	6,769592	5,082184
1,617310	7,014999	5,464066
1,436554	7,080841	5,634048
1,301270	7,121536	5,534683
1,346771	7,156250	5,540680
1,438950	7,163437	5,594543
1,490417	7,091614	5,532288
1,355148	7,089218	5,689117
1,107346	7,133514	5,881851
0,882294	7,159851	5,899811
0,717087	7,144287	6,251755
0,648849	7,133514	6,683899
0,493240	7,163437	6,740173
0,332825	7,192169	6,483994
0,228668	7,296310	6,128448
0,102982	7,431580	5,816010
0,179596	7,447144	5,546661
0,492035	7,480667	5,110916
0,696747	7,673401	4,280121
0,934967	7,724869	3,426590
1,221069	7,763184	2,777771
1,338379	7,924789	2,322861
1,149246	8,089996	1,960144
0,936157	8,057663	2,267807
0,696747	7,921204	2,885498
0,409439	7,893661	3,644470
0,196350	7,846985	4,386673
0,010803	7,819443	4,895432
-0,181931	7,844589	5,296463
-0,245377	7,849380	5,612503
-0,178345	7,845779	5,740585
-0,146027	7,916412	5,710663
-0,035889	7,914017	5,430542
0,096985	7,904434	4,950500
0,107773	7,972672	4,278931
0,059875	8,063660	3,830017
0,082626	8,173782	3,782135
0,019180	8,310257	3,712708
-0,112503	8,382080	3,360748
-0,275299	8,420395	2,866348
-0,410583	8,433563	2,632919
-0,489594	8,477859	2,567078
-0,688309	8,481445	2,432999
-0,919342	8,486237	2,286957
-0,992371	8,470673	2,297729
-1,019897	8,444336	2,539536
-1,049835	8,487427	2,831635
-1,089340	8,549683	2,922623
-1,076172	8,529327	2,836426
-1,048630	8,500595	2,832840
-1,115677	8,511368	2,915436
-1,241364	8,487427	2,920227
-1,369461	8,413208	2,853180
-1,460434	8,450317	2,784943
-1,659149	8,559250	2,604187
-1,812378	8,526932	2,330048
-1,805206	8,403625	2,383926
-1,596909	8,372513	2,608978
-1,377838	8,459900	2,523987
-1,367065	8,602356	1,974518
-1,430511	8,665802	1,444199
-1,440079	8,615524	1,153305
-1,550217	8,626297	0,988098
-1,668732	8,651428	0,995285
-1,896179	8,672974	1,113800
-2,093704	8,621506	1,217941
-2,307983	8,586792	1,426239
-2,461212	8,652634	1,765015
-2,448044	8,626297	2,106186
-2,552185	8,601151	2,121750
-2,586914	8,576019	1,936203
-2,647964	8,480240	1,760223
-2,736542	8,402435	1,579468
-2,795197	8,422791	1,627350
-2,904144	8,463486	1,670441
-2,986740	8,413208	1,638123
-3,028641	8,370117	1,539963
-3,025040	8,407227	1,431030
-3,015472	8,417999	1,353210
-3,051376	8,400040	1,086258
-3,086105	8,365326	0,733124
-3,056168	8,398849	0,577499
-2,993927	8,380890	0,619400
-2,973572	8,274353	0,675659
-3,058563	8,270752	0,696014
-3,227356	8,298294	0,584671
-3,373398	8,239624	0,502075
-3,494308	8,157028	0,552353
-3,670288	8,127106	0,672058
-3,803162	8,172592	0,751068
-3,867813	8,128296	0,783401
-3,864212	8,076828	0,751068
-3,770844	8,076828	0,755859
-3,621201	7,999008	0,648117
-3,591278	7,953522	0,469757
-3,605637	8,078018	0,267441
-3,654724	8,088791	0,036407
-3,670288	7,987045	-0,080917
-3,719360	7,916412	-0,129990
-3,805557	7,880493	0,005280
-3,880966	7,863739	0,409897
-3,962372	7,876907	0,740295
-4,077301	7,908035	0,788177
-4,163483	7,909225	0,634949
-4,162292	7,861343	0,450607
-4,165878	7,838608	0,436234
-4,231720	7,815857	0,245895
-4,344254	7,806274	0,049576
-4,347839	7,739243	0,032806
-4,384949	7,733261	0,084290
-4,486710	7,717697	0,103439
-4,575287	7,700928	0,194427
-4,692612	7,666214	0,162094
-4,814713	7,727264	0,001694
-4,912872	7,723679	-0,199417
-4,941605	7,675797	-0,388565
-4,981110	7,675797	-0,436447
-5,061310	7,612350	-0,475952
-5,154694	7,560867	-0,559753
-5,195389	7,544113	-0,620804
-5,215744	7,495026	-0,642349
-5,064911	7,433975	-0,692627
-5,012238	7,389694	-0,750092
-5,087646	7,389694	-0,944016
-5,214539	7,346588	-1,002686
-5,323486	7,293915	-0,823120
-5,408478	7,299911	-0,618408
-5,509033	7,333420	-0,589676
-5,601212	7,295120	-0,695023
-5,628738	7,253220	-0,735718
-5,559311	7,219696	-0,612427
-5,474319	7,223297	-0,604050
-5,450378	7,252014	-0,764450
-5,419250	7,193359	-0,906906
-5,392914	7,128723	-0,821915
-5,402496	7,094009	-0,769241
-5,489883	7,050903	-0,783615
-5,633530	6,970703	-0,776428
-5,720917	6,932388	-0,554962
-5,759232	6,865356	-0,344269
-5,919632	6,847397	-0,325119
-6,038147	6,817474	-0,378983
-6,039352	6,774384	-0,574112
-6,016602	6,797119	-0,516663
-6,062088	6,750443	-0,496307
-6,108780	6,716919	-0,604050
-6,214127	6,771988	-0,887756
-6,259613	6,817474	-1,165482
-6,229691	6,776779	-1,310333
-6,235672	6,706146	-1,380966
-6,278763	6,742050	-1,507858
-6,285950	6,797119	-1,511444
-6,330246	6,789948	-1,553345
-6,341019	6,713333	-1,711365
-6,332642	6,744446	-1,728119
-6,341019	6,765991	-1,438416
-6,329041	6,728882	-1,343857
-6,345810	6,713333	-1,408493
-6,307495	6,686996	-1,384552
-6,337418	6,697769	-1,291183
-6,375732	6,682205	-1,327087
-6,374542	6,660660	-1,299561
-6,457138	6,706146	-1,341461
-6,491852	6,707336	-1,365402
-6,515793	6,751633	-1,319916
-6,544525	6,752823	-1,182251
-6,540939	6,712128	-1,129578
-6,528961	6,659454	-1,147522
-6,513397	6,641495	-1,196609
-6,443970	6,634323	-1,392929
-6,404465	6,605591	-1,682632
-6,455933	6,575653	-1,811920
-6,521774	6,572067	-1,768829
-6,556488	6,579254	-1,659882
-6,648666	6,549316	-1,637146
-6,679794	6,496643	-1,607208
-6,755219	6,482285	-1,451584
-6,770782	6,482285	-1,287582
-6,811478	6,461929	-1,303146
-6,837814	6,394897	-1,297165
-6,861755	6,398483	-1,161896
-6,868942	6,447571	-1,145126
-6,872528	6,409256	-1,165482
-6,892883	6,394897	-1,208572
-6,998230	6,400879	-1,295975
-7,038925	6,406876	-1,430038
-7,088013	6,381729	-1,451584
-7,026962	6,279968	-1,363007
-6,988647	6,248856	-1,349838
-6,947952	6,268005	-1,440811
-6,900055	6,259628	-1,543762
-6,777954	6,202164	-1,535385
-6,785141	6,202164	-1,440811
-6,831833	6,215332	-1,352234
-6,896469	6,203354	-1,262451
-6,980270	6,179413	-1,175064
-7,065262	6,162659	-1,202591
-7,139481	6,147095	-1,257660
-7,183777	6,161469	-1,254074
-7,193344	6,196182	-1,254074
-7,168213	6,222519	-1,327087
-7,141876	6,205750	-1,392929
-7,102371	6,192581	-1,342651
-7,056885	6,192581	-1,311523
-7,049698	6,271591	-1,348648
-7,059280	6,312302	-1,357025
-7,043716	6,279968	-1,285187
-7,013794	6,282364	-1,246887
-6,970688	6,278778	-1,269638
-6,970688	6,263214	-1,358215
-6,986252	6,210541	-1,361801
-7,005402	6,191391	-1,228928
-6,992233	6,233292	-1,195404
-7,011398	6,229691	-1,242096
-7,006607	6,239273	-1,254074
-7,014984	6,190186	-1,195404
-7,104767	6,239273	-1,154709
-7,126312	6,294342	-1,212173
-7,052094	6,259628	-1,212173
-7,018570	6,233292	-1,163086
-7,018570	6,266800	-1,164291
-7,028152	6,277588	-1,128372
-6,995834	6,263214	-1,179855
-7,001816	6,312302	-1,215759
-6,988647	6,357788	-1,258865
-7,001816	6,289551	-1,359421
-6,993439	6,256027	-1,257660
-7,036530	6,325470	-1,142746
-7,096390	6,297928	-1,313919
-7,204132	6,307510	-1,446808
-7,139481	6,227310	-1,300751
-7,029343	6,167450	-1,104431
-7,080826	6,245255	-1,012253
-7,085617	6,257233	-1,052963
-7,101181	6,235687	-0,951202
-7,062866	6,142303	-0,876984
-7,025757	6,147095	-1,008667
-6,958725	6,180618	-1,080490
-6,897675	6,186600	-1,057739
-6,952728	6,181808	-1,175064
-7,016174	6,184204	-1,256470
-7,035339	6,150696	-1,209778
-7,133499	6,144699	-1,109222
-7,220886	6,175827	-1,097244
-7,302292	6,184204	-1,050568
-7,302292	6,188995	-0,923676
-7,256805	6,174637	-0,865005
-7,212509	6,136322	-0,892548
-7,143066	6,117172	-1,037399
-7,089203	6,124359	-1,153519
-7,093994	6,123154	-1,230133
-7,107162	6,121964	-1,213364
-7,032944	6,042953	-1,257660
-7,003006	6,034576	-1,266037
-7,036530	6,056122	-1,137955
-7,099976	6,071686	-1,109222
-7,180191	6,059708	-1,105637
-7,235245	6,009430	-1,079300
-7,293915	6,032181	-1,026627
-7,325027	6,050125	-0,978729
-7,271164	6,016617	-1,007462
-7,259186	6,019012	-1,125977
-7,228073	6,014221	-1,155914
-7,182571	6,019012	-1,114014
-7,169403	6,026184	-1,037399
-7,153854	6,068085	-1,130768
-7,182571	6,094421	-1,208572
-7,313065	6,083649	-1,151123
-7,398056	6,074081	-1,091263
-7,469879	6,093231	-1,040985
-7,479462	6,113571	-1,078094
-7,384888	6,075272	-1,086472
-7,263977	6,047745	-1,121185
-7,186172	6,125549	-1,182251
-7,141876	6,127945	-1,315125
-7,150253	6,119568	-1,416870
-7,138290	6,092026	-1,510254
-7,121521	6,060913	-1,578491
-7,108353	6,098022	-1,474335
-7,146667	6,125549	-1,431244
-7,200531	6,153076	-1,486313
-7,206512	6,121964	-1,546158
-7,126312	6,129135	-1,487503
-7,092789	6,131531	-1,434830
-7,150253	6,167450	-1,519821
-7,158630	6,108795	-1,494690
-7,139481	6,084854	-1,382156
-7,180191	6,178223	-1,342651
-7,193344	6,174637	-1,361801
-7,144272	6,139908	-1,286392
-7,147858	6,147095	-1,153519
-7,164627	6,144699	-1,092468
-7,228073	6,155472	-1,060135
-7,246017	6,155472	-0,930847
-7,208908	6,172241	-0,726151
-7,213699	6,168640	-0,610031
-7,237640	6,196182	-0,662704
-7,206512	6,203354	-0,712982
-7,098785	6,150696	-0,717773
-7,018570	6,138718	-0,715378
-6,934784	6,183014	-0,791992
-6,888092	6,192581	-0,831497
-6,963501	6,141113	-1,127182
-6,999420	6,101608	-1,274414
-6,962311	6,173431	-1,043381
-6,971893	6,192581	-0,959579
-7,022171	6,123154	-1,072113
-7,120331	6,114777	-1,233719
-7,120331	6,084854	-1,281601
-7,096390	6,088440	-1,160690
-7,139481	6,104004	-1,169083
-7,187363	6,092026	-1,294769
-7,167023	6,088440	-1,341461
-7,128708	6,062103	-1,303146
-7,222076	6,101608	-1,306747
-7,290314	6,133926	-1,325897
-7,272354	6,086044	-1,298355
-7,279541	6,100403	-1,137955
-7,290314	6,129135	-1,035004
-7,228073	6,118362	-1,031403
-7,174194	6,071686	-0,997894
-7,156235	6,054916	-0,961975
-7,103577	6,088440	-0,952393
-7,108353	6,104004	-0,951202
-7,140686	6,127945	-1,049362
-7,109558	6,119568	-1,100845
-7,012589	6,074081	-1,115204
-6,985062	6,071686	-1,111618
-7,013794	6,120758	-1,190628
-7,035339	6,123154	-1,260056
-7,129898	6,160263	-1,291183
-7,187363	6,175827	-1,346252
-7,201736	6,175827	-1,214569
-7,244827	6,171036	-1,159500
-7,247223	6,194977	-1,207382
-7,194550	6,227310	-1,222946
-7,195740	6,289551	-1,391739
-7,164627	6,278778	-1,418076
-7,162231	6,266800	-1,371384
-7,205322	6,308701	-1,449203
-7,237640	6,331451	-1,475540
-7,207718	6,307510	-1,477921
-7,074844	6,256027	-1,402512
-7,003006	6,313492	-1,324692
-6,981461	6,355392	-1,304352
-6,928787	6,335037	-1,321106
-6,969498	6,324265	-1,331879
-6,983856	6,315887	-1,291183
-7,005402	6,306305	-1,134354
-7,050903	6,362579	-0,983521
-7,110748	6,323074	-1,005066
-7,116730	6,300323	-0,972748
-7,086807	6,275192	-0,965561
-7,085617	6,329056	-1,052963
-7,102371	6,338638	-1,306747
-7,067657	6,295532	-1,432434
-7,066452	6,295532	-1,439621
-7,053284	6,295532	-1,453979
-7,041321	6,265610	-1,412094
-7,032944	6,239273	-1,304352
-7,080826	6,240479	-1,203796
-7,064072	6,246460	-1,153519
-7,096390	6,197372	-1,084076
-7,127518	6,133926	-1,045776
-7,114349	6,160263	-1,057739
-7,131104	6,184204	-1,127182
-7,072449	6,123154	-1,258865
-7,028152	6,084854	-1,319916
-7,042511	6,149490	-1,301956
-7,053284	6,172241	-1,297165
-7,090408	6,124359	-1,316315
-7,093994	6,102798	-1,264847
-7,202927	6,149490	-1,310333
-7,238846	6,104004	-1,258865
-7,213699	6,066895	-1,052963
-7,235245	6,077667	-0,888947
-7,304688	6,068085	-0,879379
-7,317856	6,057312	-0,909302
-7,250809	6,057312	-0,872192
-7,206512	6,071686	-0,812332
-7,193344	6,042953	-0,842270
-7,141876	6,053726	-0,994293
-7,022171	6,034576	-1,110413
-6,971893	6,044144	-1,215759
-7,036530	6,072876	-1,335480
-7,114349	6,082458	-1,342651
-7,196945	6,051331	-1,289978
-7,304688	6,063293	-1,195404
-7,317856	6,151886	-1,084076
-7,291519	6,192581	-1,038589
-7,250809	6,126740	-1,134354
-7,168213	6,080063	-1,103241
-7,117935	6,143509	-1,066132
-7,038925	6,167450	-1,074509
-7,019775	6,150696	-1,055344
-6,986252	6,106400	-1,046967
-6,989838	6,131531	-1,012253
-7,052094	6,175827	-1,038589
-7,052094	6,181808	-1,142746
-7,072449	6,141113	-1,203796
-7,044907	6,160263	-1,137955
-7,032944	6,222519	-1,039795
-7,042511	6,240479	-1,119995
-7,032944	6,216522	-1,210968
-7,067657	6,217728	-1,234909
-7,083221	6,196182	-1,196609
-7,089203	6,192581	-1,151123
-7,114349	6,221313	-1,216965
-7,141876	6,238083	-1,285187
-7,210114	6,234482	-1,294769
-7,146667	6,216522	-1,334274
-7,017380	6,246460	-1,263641
-6,941956	6,223709	-1,260056
-6,961121	6,196182	-1,330688
-7,038925	6,193787	-1,364197
-7,066452	6,240479	-1,208572
-7,147858	6,250046	-1,074509
-7,184967	6,186600	-1,025421
-7,223282	6,154282	-0,940430
-7,213699	6,151886	-0,953598
-7,219681	6,184204	-1,042175
-7,135895	6,192581	-1,081680
-7,061676	6,208145	-1,154709
-7,018570	6,235687	-1,257660
-7,035339	6,198578	-1,325897
-7,102371	6,190186	-1,341461
-7,139481	6,203354	-1,315125
-7,195740	6,227310	-1,294769
-7,182571	6,192581	-1,304352
-7,176590	6,147095	-1,295975
-7,231659	6,142303	-1,294769
-7,261581	6,180618	-1,312729
-7,241241	6,179413	-1,268433
-7,242432	6,143509	-1,292374
-7,223282	6,106400	-1,312729
-7,247223	6,034576	-1,219360
-7,268768	6,053726	-1,151123
-7,237640	6,033371	-1,088867
-7,315460	6,030975	-1,116409
-7,340591	6,013016	-1,267242
-7,368134	5,948380	-1,401306
-7,362137	5,972321	-1,248077
-7,350174	6,017807	-1,106827
-7,328629	5,928024	-1,093658
-7,299896	5,888519	-1,147522
-7,277145	5,906479	-1,225342
-7,238846	5,955566	-1,199005
-7,232849	5,917252	-1,170273
-7,219681	5,888519	-1,171463
-7,274750	5,925629	-1,248077
-7,256805	5,919647	-1,209778
-7,271164	5,870560	-1,195404
-7,261581	5,870560	-1,155914
-7,253204	5,919647	-1,193024
-7,354965	5,931625	-1,273224
-7,337006	5,911270	-1,354630
-7,333420	5,936401	-1,195404
-7,346588	5,957962	-1,147522
-7,341797	5,983093	-1,060135
-7,371719	5,925629	-1,185837
-7,334610	5,920853	-1,341461
-7,248413	5,920853	-1,340256
-7,247223	5,975906	-1,274414
-7,238846	5,993866	-1,256470
-7,208908	5,997467	-1,213364
-7,111954	6,017807	-1,234909
-7,077240	6,020203	-1,222946
-7,099976	6,005844	-1,224136
-7,037735	5,978302	-1,159500
-6,968292	6,027390	-1,068512
-6,947952	6,082458	-1,026627
-6,957520	6,074081	-1,093658
-6,933578	6,048935	-1,098450
-6,868942	6,088440	-0,950012
-6,774368	6,100403	-0,930847
-6,706131	6,077667	-1,115204
-6,706131	6,127945	-1,282806
-6,684586	6,111191	-1,280411
-6,738449	6,169846	-1,197800
-6,786331	6,145905	-1,158295
-6,831833	6,151886	-1,136749
-6,897675	6,147095	-1,020630
-6,892883	6,186600	-0,939240
-6,882111	6,191391	-1,063736
-6,891678	6,223709	-1,155914
-6,890488	6,247650	-1,179855
-6,879715	6,238083	-1,255264
-6,890488	6,218918	-1,317520
-6,907242	6,220123	-1,240906
-6,892883	6,224915	-1,189423
-6,843796	6,227310	-1,143936
-6,811478	6,270401	-1,106827
-6,767181	6,244064	-1,163086
-6,765991	6,253632	-1,336670
-6,732468	6,314697	-1,444412
-6,686981	6,350601	-1,488708
-6,740845	6,339828	-1,548553
-6,756409	6,352997	-1,480316
-6,725281	6,369751	-1,345047
-6,645081	6,406876	-1,222946
-6,630707	6,421234	-1,222946
-6,564880	6,495453	-1,310333
-6,515793	6,514603	-1,330688
-6,461929	6,538544	-1,328293
-6,436783	6,543335	-1,275620
-6,460724	6,586426	-1,169083
-6,495438	6,579254	-1,111618
-6,458328	6,594818	-1,070908
-6,441574	6,661850	-1,042175
-6,373337	6,745651	-1,090073
-6,241653	6,752823	-1,169083
-6,111176	6,731277	-1,232529
-6,052521	6,758820	-1,204987
-6,034561	6,849792	-1,234909
-5,956741	6,871338	-1,322311
-5,865768	6,973099	-1,285187
-5,896896	7,105972	-1,195404
-5,828659	7,088013	-1,127182
-5,730499	7,128723	-1,096054
-5,658661	7,208923	-0,982330
-5,621552	7,261597	-0,976349
-5,544937	7,321457	-0,940430
-5,485092	7,400467	-0,973953
-5,396500	7,437576	-1,082886
-5,208557	7,462708	-1,218155
-5,030197	7,570450	-1,420471
-4,860199	7,619537	-1,632355
-4,721344	7,653046	-1,701782
-4,684235	7,748825	-1,696991
-4,653107	7,815857	-1,635941
-4,588455	7,807480	-1,673050
-4,642334	7,781143	-1,392929
-4,612396	7,892471	-1,191818
-4,545364	7,973877	-1,003876
-4,582474	7,943939	-0,875778
-4,526215	7,977463	-0,772842
-4,347839	7,990631	-0,601654
-4,236511	7,979858	-0,510666
-4,242493	7,984650	-0,466370
-4,144333	7,988235	-0,344269
-4,031815	8,068451	-0,270050
-3,999481	8,113937	-0,334702
-3,931259	8,082809	-0,374207
-3,889359	8,129501	-0,414902
-3,863022	8,184570	-0,442429
-3,803162	8,212097	-0,396942
-3,748093	8,238434	-0,399338
-3,671478	8,262375	-0,435257
-3,548187	8,355743	-0,453217
-3,408112	8,365326	-0,486725
-3,351852	8,353348	-0,490326
-3,266861	8,422791	-0,502289
-3,122009	8,392853	-0,460388
-3,047791	8,410812	-0,377792
-3,100464	8,511368	-0,374207
-3,137573	8,553268	-0,417297
-3,149551	8,520950	-0,289200
-3,169891	8,573624	-0,270050
-3,315948	8,664597	-0,359833
-3,270447	8,666992	-0,393356
-3,141159	8,670593	-0,413712
-2,998703	8,732834	-0,472366
-2,907730	8,819031	-0,457993
-2,765274	8,796280	-0,469971
-2,644363	8,750793	-0,413712
-2,500717	8,755585	-0,201813
-2,381012	8,748398	-0,076126
-2,285233	8,726852	0,124985
-2,258896	8,736420	0,340469
-2,296005	8,730438	0,423065
-2,292419	8,744812	0,479340
-2,267288	8,750793	0,606232
-2,191864	8,681366	0,781006
-2,195450	8,668198	0,836075
-2,157150	8,731644	0,892334
-2,145172	8,767548	0,966553
-2,129608	8,777130	1,055145
-2,069763	8,795090	0,959366
-2,039825	8,848953	0,791779
-1,997940	8,906418	0,486511
-1,926102	8,932755	0,269836
-1,811188	8,966263	0,136963
-1,808792	9,002182	-0,040207
-1,787247	9,015350	-0,135971
-1,787247	9,017746	-0,153931
-1,753723	9,038101	-0,161118
-1,808792	9,010559	-0,107254
-1,770477	9,068024	-0,034225
-1,693863	9,074005	-0,044998
-1,583740	9,068024	-0,013870
-1,531067	9,117111	-0,006683
-1,474808	9,119492	-0,000702
-1,436493	9,148224	0,014862
-1,441284	9,203293	-0,092880
-1,432907	9,181747	-0,070129
-1,337128	9,178162	0,075912
-1,244965	9,148224	0,202805
-1,229401	9,120697	0,244705
-1,175522	9,156616	0,395538
-1,054611	9,190125	0,615799
-0,932510	9,168579	0,694809
-0,851105	9,133865	0,657700
-0,717041	9,072815	0,599045
-0,519516	9,091965	0,712769
-0,456070	9,139847	0,771423
-0,373474	9,101547	0,725937
-0,398605	9,075211	0,645737
-0,342346	9,064438	0,612213
-0,356705	9,106323	0,713959
-0,348328	9,056046	0,833679
-0,365082	9,060837	0,984512
-0,398605	9,082382	0,995285
-0,339951	9,068024	0,947403
-0,205872	9,029709	0,905502
-0,088562	9,021332	0,862411
0,028763	9,028519	0,777405
0,110153	9,038101	0,672058
0,215500	9,062042	0,514053
0,337616	8,985428	0,566727
0,389084	8,935150	0,830078
0,409439	8,925568	1,018021
0,404648	8,848953	1,110199
0,438171	8,801071	1,306534
0,489639	8,784317	1,464554
0,574631	8,834595	1,542358
0,708710	8,771149	1,475327
0,887085	8,711288	1,271820
0,966095	8,668198	1,470535
1,136078	8,710083	1,407089
1,227051	8,616714	1,522003
1,125305	8,547287	1,658478
1,119324	8,564041	1,733887
1,171982	8,535309	2,012817
1,139664	8,487427	2,225906
1,120514	8,476654	2,233078
1,126495	8,434753	2,267807
1,205505	8,425186	2,296524
1,209106	8,394058	2,330048
1,306061	8,334198	2,340820
1,443726	8,271957	2,353989
1,595764	8,287506	2,377930
1,618515	8,316238	2,119354
1,887848	8,165405	2,185196
2,150024	8,174988	2,081055
2,257767	8,243225	1,901489
2,364304	8,213287	1,852402
2,457672	8,169006	2,021194
2,557037	8,173782	2,312088
2,528305	8,243225	2,516800
2,531891	8,253998	2,692780
2,566605	8,208511	2,978882
2,649216	8,237228	3,181183
2,689911	8,301880	3,348785
2,730621	8,347366	3,415817
2,721039	8,331802	3,338013
2,711456	8,316238	3,211121
2,756958	8,309067	3,190765
2,841949	8,358139	3,096191
2,936508	8,383286	2,851990
3,096924	8,338989	2,591019
3,308807	8,264771	2,410263
3,641602	8,238434	2,257034
3,958847	8,342575	1,943390
4,170731	8,385681	1,707565
4,308395	8,267166	1,851212
4,296417	8,219284	2,167252
4,177902	8,208511	2,490463
4,048630	8,155838	2,860367
3,944473	8,060059	3,370331
3,913345	7,945145	3,785721
3,954056	7,893661	4,015564
4,062988	7,856552	4,233444
4,147980	7,868530	4,361526
4,188690	7,892471	4,417801
4,237762	7,854156	4,478851
4,255722	7,838608	4,430969
4,268890	7,788330	4,363922
4,424515	7,723679	4,271744
4,634003	7,655441	4,208298
4,769272	7,653046	4,065842
4,987152	7,600372	3,925781
5,099670	7,512985	3,751007
5,129608	7,460312	3,585815
5,070953	7,359756	3,654037
5,017075	7,272369	3,870712
4,995529	7,232864	4,142456
4,978775	7,158646	4,398636
4,926102	7,157455	4,691925
4,790817	7,125122	4,827209
4,505920	7,037735	5,067825
4,292831	7,043732	5,326401
4,424515	6,867752	5,394623
4,830322	6,321869	5,270126
4,649567	6,211746	5,400620
4,717804	6,358978	5,830368
4,944061	6,399689	6,098526
5,117630	6,296738	6,189499
5,272064	6,277588	6,075775
5,306778	6,293137	5,611298
5,594086	6,180618	5,312027
5,840683	6,165054	5,347946
5,870605	6,175827	5,254562
5,770050	6,135132	5,066620
5,624008	5,996262	5,079788
5,456406	5,902893	4,942123
5,343887	5,803528	5,127670
5,244522	5,644318	5,635239
5,139175	5,536575	6,048248
5,023056	5,443207	6,412170
4,909332	5,335464	6,707855
4,890182	5,233704	7,005920
4,917725	5,159485	7,289642
4,920105	5,097244	7,265701
4,952438	5,062531	7,223801
4,985947	5,013443	7,204651
5,015884	5,006256	7,180710
5,194244	4,953583	7,017899
5,491135	4,903305	6,798828
5,785614	4,850632	6,659958
6,046585	4,832687	6,552231
6,193832	4,845856	6,292450
6,299179	4,886551	5,995575
6,266846	4,905701	6,017120
6,216568	4,849442	6,231400
6,040604	4,825500	6,233795
5,889771	4,763245	6,255341
5,863434	4,691422	6,437302
5,870605	4,644730	6,461243
5,920883	4,583679	6,313995
6,034607	4,513062	6,285278
6,150726	4,465164	6,397797
6,212982	4,411301	6,493561
6,372192	4,352646	6,844315
6,433243	4,213776	7,272873
6,374588	4,179062	7,446457
6,327896	4,143158	7,483566
6,366211	4,024643	7,618835
6,477539	3,915695	7,665527
6,538589	3,973160	7,514694
6,552963	3,937256	7,217819
6,676254	3,800781	7,155563
6,621185	3,775635	7,337524
6,450012	3,825912	7,555389
6,314728	3,784027	7,684677
6,208191	3,635574	7,810379
6,099258	3,537415	7,920517
5,957993	3,494324	7,945648
5,792801	3,405731	7,945648
5,783218	3,277649	7,960022
5,845474	3,190262	7,936081
5,944824	3,161530	7,839111
6,066940	3,096878	7,761292
6,054962	3,053787	7,615250
6,026230	2,965210	7,693069
5,995102	2,882599	7,926498
5,941238	2,844299	8,100082
5,871811	2,779648	8,234146
5,801178	2,685089	8,277252
5,689850	2,577347	8,377808
5,576126	2,512695	8,541809
5,487534	2,481567	8,805176
5,408524	2,470795	9,056564
5,395355	2,415741	9,234924
5,365433	2,324753	9,246902
5,406128	2,239761	9,115219
5,409729	2,254120	8,922485
5,509079	2,278061	8,793198
5,667099	2,123642	8,588501
5,709000	2,008713	8,465195
5,750900	2,027878	8,545395
5,782028	2,053009	8,752502
5,754486	2,006332	9,005081
5,616821	1,966827	9,121201
5,537811	1,932098	9,115219
5,426483	1,915344	9,227753
5,313965	1,911758	9,155914
5,251709	1,885422	9,200211
5,269669	1,866272	9,226547
5,245728	1,856689	9,070923
5,124817	1,839935	8,856644
5,001511	1,758530	8,777634
4,926102	1,673538	9,036209
4,877014	1,684311	9,299576
4,841110	1,598114	9,309143
4,820755	1,490372	9,297180
4,853073	1,447281	9,416885
4,893768	1,393417	9,565323
4,853073	1,363480	9,722153
4,705826	1,282074	9,902908
4,602875	1,228210	10,105225
4,497528	1,236588	10,148315
4,319168	1,118073	10,484695
4,264099	1,045059	10,393723
4,162354	1,139618	10,178238
4,045029	1,096527	10,224930
3,822372	1,092941	10,143524
3,863068	1,012726	10,253662
3,875046	0,928940	9,962769
3,616470	0,960052	9,774826
3,781662	0,869080	10,430832
3,805618	0,928940	10,532593
3,721817	0,948090	10,244080
3,633224	0,823593	10,203384
3,646393	0,769714	10,197403
3,521896	0,791275	10,185425
3,356705	0,808029	10,168671
3,348312	0,693100	10,440414
3,161575	0,724228	10,585251
2,940109	0,721832	10,471527
2,716248	0,682327	10,375763
2,457672	0,653595	10,313522
2,256561	0,549454	10,426041
2,164383	0,503967	10,673843
2,069809	0,486008	10,804321
1,927353	0,438126	10,752853
1,822021	0,450089	10,548141
1,714279	0,435730	10,398514
1,642456	0,411789	10,306335
1,612518	0,373474	10,174652
1,545486	0,416580	10,031006
1,459290	0,402206	9,971146
1,391052	0,373474	9,916077
1,341980	0,260956	9,868195
1,237823	0,281296	9,887344
1,037918	0,377075	9,864609
0,894257	0,351929	9,805939
0,683578	0,327988	9,744888
0,505203	0,335175	9,714966
0,515976	0,283691	9,694611
0,500412	0,254974	9,711380
0,414230	0,260956	9,704193
0,219101	0,264542	9,791580
0,003616	0,118500	9,935226
-0,022720	-0,033539	10,185425
0,070663	0,028717	10,434418
0,193954	0,055054	10,622375
0,454926	-0,039520	10,773209
0,701523	-0,152054	10,781586
0,885880	-0,167603	10,663071
0,975662	-0,130493	10,423645
1,157623	-0,187958	10,499069
1,215088	-0,132889	10,511032
1,100159	-0,064651	10,321899
0,950531	-0,092194	10,120789
0,786530	-0,124512	9,969955
0,591400	-0,126907	9,862213
0,575836	-0,106552	9,877777
0,517181	-0,044312	9,957977
0,501617	-0,027542	10,026215
0,543518	-0,013184	10,041779
0,539917	-0,008392	9,900513
0,453735	-0,019165	9,845444
0,335220	-0,015579	9,878967
0,272964	-0,015579	9,944809
0,256210	-0,019165	10,090851
0,231064	-0,050293	10,026215
0,278946	-0,063461	9,931641
0,296906	-0,045502	9,908890
0,353165	-0,020370	9,993896
0,507599	-0,052689	10,143524
0,589005	-0,045502	10,224930
0,518372	0,013153	10,253662
0,492035	0,071808	10,156693
0,493240	0,087372	10,151901
0,411835	0,094559	10,054947
0,304092	0,150818	9,853836
0,286133	0,153214	9,635956
0,392670	0,138855	9,799957
0,483658	0,265747	10,007065
0,525558	0,284897	9,838272
0,489639	0,292084	9,706589
0,403458	0,318420	9,772430
0,343597	0,356720	9,893341
0,325638	0,406998	9,838272
0,302887	0,441711	9,707779
0,307678	0,452484	9,634766
0,306488	0,519531	9,627579
0,310074	0,491989	9,676651
0,401062	0,450089	9,780807
0,454926	0,509949	9,687439
0,487244	0,580582	9,493500
0,539917	0,618881	9,353439
0,598572	0,605713	9,304367
0,615341	0,664383	9,270844
0,525558	0,711060	9,166687
0,374725	0,703873	8,984741
0,316055	0,665573	8,930862
0,350784	0,665573	9,110428
0,411835	0,646423	9,323517
0,439362	0,622482	9,465973
0,442947	0,694305	9,619202
0,446548	0,770920	9,819107
0,402252	0,735001	9,872986
0,378311	0,707474	9,801163
0,324448	0,763733	9,740097
0,290924	0,796051	9,602432
0,343597	0,792465	9,523422
0,436966	0,743378	9,464767
0,584213	0,746979	9,483932
0,656036	0,846329	9,554550
0,700333	0,901398	9,662292
0,657242	0,859497	9,762848
0,573441	0,867889	9,813126
0,488449	0,888229	9,697006
0,439362	0,951675	9,670670
0,484848	1,004349	9,591660
0,549500	1,018723	9,398926
0,634491	0,930130	9,364212
0,858353	0,843933	9,422867
1,048691	0,805634	9,553360
1,143265	0,894226	9,665878
1,085800	1,033081	9,701797
1,065445	0,998367	9,614410
1,049881	0,928940	9,583282
0,918198	0,969635	9,533005
0,835602	0,988785	9,430054
0,733856	0,967239	9,237320
0,630905	0,950485	9,122406
0,547104	0,964844	9,260071
0,456116	1,055832	9,303162
0,366333	1,016327	9,286407
0,317261	0,961258	9,287598
0,314865	0,963654	9,412094
0,387894	0,873871	9,550964
0,456116	0,775711	9,764053
0,551895	0,818802	9,968750
0,537521	0,857101	10,054947
0,459717	0,873871	10,036987
0,367538	0,828384	9,872986
0,292114	0,803238	9,638351
0,191559	0,799652	9,418091
0,079041	0,822388	9,337875
0,075439	0,799652	9,486313
