-0,148407	1,200684	9,510254
-0,059830	1,114487	9,637161
-0,096939	1,095337	9,639542
-0,180740	1,182724	9,720947
-0,165176	1,252151	9,819107
-0,132858	1,213852	9,888550
-0,071793	1,138428	9,959167
-0,111298	1,140823	9,917282
-0,134048	1,199478	9,799957
-0,155594	1,186310	9,744888
-0,083771	1,069000	9,819107
0,019180	1,061813	9,950790
0,020370	1,103714	10,002274
0,032349	1,138428	10,107620
0,016785	1,168350	10,025009
-0,003571	1,145615	9,861008
-0,056244	1,149200	9,735321
-0,078979	1,131241	9,719757
-0,055038	1,152786	9,764053
-0,089752	1,195892	9,747284
-0,106522	1,201874	9,655106
-0,072998	1,169556	9,613205
-0,050247	1,115677	9,693420
-0,113693	1,003159	9,740097
-0,253754	1,006744	9,681442
-0,371078	1,082169	9,741302
-0,336365	1,051041	9,977127
-0,222641	0,992386	10,256058
-0,168762	1,024704	10,380554
-0,090958	1,083359	10,327881
-0,074188	1,074982	10,174652
-0,070602	1,085754	10,028610
-0,082565	1,109695	10,041779
-0,043076	1,126450	10,026215
-0,013138	1,113281	9,955582
0,014389	1,095337	9,869385
0,033539	1,124069	9,853836
0,031158	1,211456	9,835876
0,140091	1,248566	9,943619
0,241837	1,285675	10,048950
0,326843	1,313202	10,150711
0,422607	1,326370	10,106415
0,466904	1,357498	10,040573
0,477676	1,393417	9,983109
0,543518	1,423340	9,941223
0,597382	1,429321	9,914886
0,557877	1,492767	9,817917
0,590195	1,470032	9,881363
0,623718	1,426926	10,036987
0,654846	1,455658	10,095642
0,693146	1,491577	10,278793
0,707520	1,521500	10,491882
0,738632	1,566986	10,742081
0,739838	1,569382	10,991074
0,693146	1,598114	11,149094
0,598572	1,582550	11,295135
0,689560	1,663956	11,460342
0,917007	1,667542	11,557297
1,005585	1,714233	11,398087
1,061859	1,794434	11,029388
1,143265	1,821976	10,581665
1,216278	1,849503	10,301544
1,343170	1,902176	10,166275
1,478439	1,970413	10,027405
1,606537	2,020691	9,811935
1,638855	2,078156	9,645538
1,614914	2,116455	9,495895
1,564636	2,039841	9,540192
1,448517	1,982376	9,685043
1,357544	2,015900	9,928055
1,307266	2,061386	10,277603
1,236633	2,098495	10,602020
1,228256	2,097305	10,827072
1,256989	2,068573	11,022202
1,213882	2,078156	11,212540
1,272552	2,003937	11,295135
1,361130	1,912949	11,399292
1,375504	2,085327	11,389709
1,386276	2,255325	11,212540
1,579010	2,221802	10,783981
1,722656	2,197861	10,320694
1,804062	2,293625	9,917282
1,911804	2,445663	9,570114
2,072205	2,524673	9,348648
2,200302	2,585724	9,222961
2,316422	2,638397	9,096069
2,403809	2,679092	8,995514
2,410995	2,619247	8,899734
2,433731	2,637192	9,015854
2,462463	2,704239	9,278030
2,366699	2,761703	9,615601
2,327194	2,706635	9,840668
2,309235	2,633606	10,053741
2,243393	2,717407	10,252457
2,188324	2,796417	10,355408
2,157196	2,869431	10,318298
2,123688	2,870636	10,169861
2,156006	2,923309	10,229721
2,286484	2,863449	10,353027
2,372681	2,816757	10,574478
2,472046	2,823944	10,700180
2,577393	2,852676	10,672653
2,549850	2,932877	10,564911
2,534286	3,056183	10,500259
2,549850	3,074142	10,451187
2,600128	3,033432	10,643921
2,718643	3,083710	11,068893
2,721039	3,187866	11,513016
2,640839	3,298004	11,764404
2,721039	3,282440	11,702148
2,782089	3,348282	11,349014
2,789276	3,552979	10,910873
2,778503	3,801971	10,253662
2,862289	3,895355	9,540192
2,930527	3,977951	9,035019
2,930527	4,123993	8,679474
2,976013	4,223358	8,520264
3,025101	4,322708	8,400543
3,041855	4,343063	8,410126
2,905396	4,514252	8,514267
2,785675	4,630371	8,691437
2,681534	4,637558	8,722565
2,528305	4,705795	8,613632
2,422958	4,795563	8,343094
2,406204	4,865005	8,077332
2,434937	5,006256	7,849884
2,561829	5,058929	7,610458
2,766525	5,066116	7,549408
3,104111	5,085266	7,703842
3,355499	5,170258	7,722992
3,418945	5,323486	7,566162
3,521896	5,362991	7,349487
3,551819	5,373764	7,172318
3,454865	5,401306	7,307602
3,396210	5,528198	7,529053
3,213043	5,613190	7,711014
3,083755	5,597626	7,774460
3,020309	5,667053	7,730179
2,859894	5,735291	7,556595
2,741394	5,790359	7,394989
2,722229	5,767609	7,363861
2,682724	5,860992	7,381821
2,652802	5,974716	7,456039
2,838348	6,003448	7,597290
3,087357	6,038162	7,645172
3,204666	6,151886	7,479980
3,272903	6,287155	7,082535
3,338745	6,327866	6,712631
3,363876	6,366165	6,485184
3,405777	6,411652	6,369064
3,260925	6,551712	6,279282
3,190308	6,561295	6,335556
3,134033	6,470322	6,597717
3,084961	6,427216	7,105286
3,001160	6,496643	7,526672
3,031082	6,570877	7,932480
3,131638	6,506226	8,313156
3,262131	6,449966	8,516663
3,197479	6,558899	8,459213
3,138824	6,681000	8,373016
3,077774	6,804306	8,288025
3,023911	6,870148	8,220978
3,049042	6,904861	8,167114
3,065796	6,969513	8,144363
3,151993	6,963516	8,259293
3,254944	6,981476	8,283234
3,180725	7,104782	7,982758
3,020309	7,174210	7,529053
2,917358	7,162231	7,189087
2,895813	7,155060	6,980789
2,875458	7,228073	6,908966
2,808426	7,311874	6,827560
2,818008	7,271179	6,531876
2,722229	7,169418	5,887833
2,250580	7,001831	4,636856
0,967285	6,539749	2,371948
-1,434097	6,617554	0,405106
-2,701828	7,966690	2,897476
0,707520	8,328217	7,949249
3,495560	8,027740	9,967560
3,711044	8,263565	8,527435
3,980392	8,222870	5,689117
4,448456	7,679382	3,905441
4,464020	7,272369	3,675598
3,781662	7,480667	3,853958
2,746170	8,025345	3,809662
2,067413	8,200119	3,667206
2,055450	8,064850	3,903046
2,505554	8,155838	4,511169
2,859894	8,522141	4,656021
3,173538	8,707703	4,219070
3,485992	8,544891	3,627701
3,697876	8,507782	3,354767
3,639221	8,675369	3,397858
3,323181	8,823822	3,365540
2,919754	8,761566	3,419418
2,461273	8,754379	3,572647
2,197906	8,756775	3,952118
2,049469	8,853745	4,270554
1,867508	8,953094	4,293289
1,817230	8,929153	4,141266
2,365494	8,706497	4,390259
3,263321	8,763962	4,699112
3,566193	9,145828	4,209503
3,564987	9,410400	3,005219
3,527878	9,369690	1,824875
3,460846	9,281113	1,180832
3,288467	9,430740	1,075485
3,089752	9,524124	1,308929
2,893417	9,481018	1,724319
2,564224	9,494186	1,997253
2,199097	9,531296	2,110977
2,038696	9,410400	2,512009
1,992004	9,319412	3,068665
1,871094	9,363708	3,482864
1,874695	9,391235	3,893463
1,995590	9,294281	4,079010
1,976440	9,381668	3,851562
1,952499	9,497787	3,355972
2,033905	9,402008	2,861557
2,037491	9,314621	2,516800
1,890244	9,343353	2,229492
1,692734	9,332581	1,897903
1,400635	9,346954	1,733887
1,197128	9,376877	1,737488
1,027145	9,385254	1,988876
1,001999	9,314621	2,388702
0,934967	9,346954	2,429413
0,835602	9,452286	2,113373
0,741028	9,439117	1,662064
0,803284	9,308640	1,241882
0,901443	9,239212	0,930634
0,794907	9,214066	0,615799
0,521957	9,224838	0,259064
0,345993	9,187729	0,045975
0,233459	9,144638	0,187241
0,058685	9,197311	0,515244
-0,084961	9,188934	0,769028
-0,180740	9,021332	0,976135
-0,350723	8,908813	1,294556
-0,536270	8,979431	1,717133
-0,670349	8,957886	2,059509
-0,799637	8,894440	2,331253
-0,924133	8,809448	2,455750
-0,967224	8,760376	2,368362
-0,966034	8,781921	2,313293
-0,775696	8,737625	2,154083
-0,718231	8,662201	1,602219
-0,828369	8,670593	0,877960
-0,876251	8,665802	0,335678
-0,973221	8,643051	0,025635
-1,115677	8,582001	-0,096466
-1,156372	8,537704	-0,012680
-1,240173	8,611923	0,128586
-1,238968	8,672974	0,153717
-1,234177	8,580811	0,053162
-1,259323	8,500595	0,020844
-1,430511	8,474258	0,023239
-1,701050	8,507782	0,028030
-1,921326	8,508972	0,000488
-2,100891	8,505386	-0,053375
-2,324738	8,452713	-0,050980
-2,463608	8,352158	-0,096466
-2,553391	8,359344	-0,011475
-2,662323	8,350967	0,136963
-2,626419	8,329407	0,311737
-2,527054	8,286316	0,694809
-2,376221	8,285126	0,858810
-2,413330	8,274353	0,721146
-2,442062	8,201324	0,571503
-2,394180	8,177383	0,542786
-2,463608	8,283920	0,255478
-2,635986	8,248016	-0,211395
-2,685074	8,178574	-0,630386
-2,719788	8,155838	-0,771637
-2,831116	8,279129	-0,714172
-2,941254	8,283920	-0,649536
-2,950821	8,148651	-0,568130
-2,978363	8,091187	-0,459198
-2,972382	8,110336	-0,428070
-3,002304	8,113937	-0,462784
-3,111237	8,067245	-0,542999
-3,311157	8,094788	-0,650726
-3,472763	8,180969	-0,613617
-3,588882	8,131897	-0,562149
-3,584091	8,080414	-0,492706
-3,482346	8,038513	-0,370605
-3,417694	8,037323	-0,485535
-3,456009	8,109146	-0,545380
-3,507477	8,148651	-0,428070
-3,512268	8,084000	-0,212585
-3,544586	8,036118	0,101044
-3,545792	8,022949	0,272232
-3,539795	8,019363	0,323715
-3,503891	7,963104	0,226746
-3,529022	7,942749	0,036407
-3,671478	7,918808	-0,174286
-3,663101	7,878098	-0,347870
-3,621201	7,864944	-0,412506
-3,743301	7,902054	-0,600449
-3,854645	7,830215	-0,808746
-3,942032	7,704529	-1,021835
-4,053360	7,659042	-1,066132
-4,218552	7,671005	-0,969162
-4,320312	7,651855	-0,891342
-4,392136	7,562073	-0,832687
-4,479523	7,492645	-0,802765
-4,637543	7,571640	-0,857834
-4,704575	7,625519	-0,854233
-4,671066	7,550095	-0,818329
-4,702179	7,540527	-0,888947
-4,760849	7,534531	-0,988312
-4,771622	7,521362	-0,999084
-4,824295	7,460312	-0,961975
-4,904495	7,381302	-0,917679
-4,976318	7,387299	-0,932053
-4,981110	7,325043	-0,985916
-4,963150	7,290329	-1,088867
-5,055328	7,310684	-1,154709
-5,189407	7,275970	-1,251678
-5,236099	7,220901	-1,274414
-5,309113	7,132309	-1,348648
-5,389328	7,102386	-1,328293
-5,465942	7,099991	-1,419266
-5,536560	7,128723	-1,522217
-5,519806	7,070068	-1,591660
-5,488678	6,945557	-1,719742
-5,475510	6,856979	-1,714951
-5,365372	6,819870	-1,643127
-5,346222	6,781555	-1,606018
-5,471924	6,752823	-1,549759
-5,560501	6,681000	-1,512650
-5,675430	6,624741	-1,404907
-5,856186	6,555313	-1,157104
-6,022583	6,554108	-0,939240
-6,188980	6,471512	-0,736923
-6,357773	6,411652	-0,575317
-6,422424	6,369751	-0,454407
-6,455933	6,312302	-0,425674
-6,451157	6,293137	-0,547775
-6,475098	6,212936	-0,726151
-6,484665	6,166245	-0,701004
-6,406860	6,099213	-0,588486
-6,302704	5,992676	-0,606445
-6,271591	5,922043	-0,746506
-6,314682	5,833450	-0,945221
-6,356583	5,778397	-0,978729
-6,477478	5,740082	-0,788391
-6,536148	5,723328	-0,616013
-6,641495	5,644318	-0,584885
-6,750427	5,614380	-0,621994
-6,833023	5,614380	-0,590881
-6,854568	5,573685	-0,515457
-6,845001	5,493484	-0,389755
-6,858170	5,433624	-0,402924
-6,938370	5,400101	-0,542999
-7,036530	5,365387	-0,674667
-7,050903	5,300751	-0,685440
-7,059280	5,334259	-0,625595
-7,091599	5,317505	-0,556152
-7,043716	5,342651	-0,675873
-7,054489	5,359406	-0,953598
-7,111954	5,403702	-1,267242
-7,219681	5,404892	-1,492294
-7,202927	5,394119	-1,620377
-7,151459	5,421661	-1,643127
-7,183777	5,396515	-1,643127
-7,200531	5,361801	-1,712555
-7,161026	5,372574	-1,728119
-7,122726	5,414474	-1,719742
-7,098785	5,360596	-1,737701
-7,097580	5,340256	-1,725723
-7,127518	5,400101	-1,731720
-7,131104	5,410873	-1,610809
-7,158630	5,414474	-1,440811
-7,229263	5,481506	-1,486313
-7,235245	5,531784	-1,647919
-7,218491	5,592834	-1,580872
-7,177795	5,633545	-1,619186
-7,147858	5,622772	-1,783188
-7,217300	5,639526	-1,967545
-7,216095	5,700577	-2,088455
-7,204132	5,724518	-2,054932
-7,226868	5,758041	-2,016617
-7,216095	5,747269	-1,940002
-7,246017	5,814301	-1,841843
-7,218491	5,877747	-1,747269
-7,162231	5,875351	-1,704178
-7,181381	5,886124	-1,720932
-7,243637	5,929230	-1,790375
-7,222076	5,925629	-1,787979
-7,214905	5,948380	-1,762833
-7,208908	5,984299	-1,735306
-7,225677	6,090836	-1,746078
-7,293915	6,204559	-1,882553
-7,289124	6,251251	-2,143509
-7,236450	6,269196	-2,215347
-7,199341	6,291946	-2,221329
-7,194550	6,303925	-2,192596
-7,186172	6,313492	-2,179428
-7,138290	6,293137	-2,226120
-7,095184	6,296738	-2,144714
-7,061676	6,313492	-1,962753
-6,987457	6,343414	-1,779602
-6,982666	6,345810	-1,640732
-7,050903	6,356583	-1,567703
-7,071243	6,305115	-1,469543
-7,059280	6,293137	-1,331879
-7,030548	6,252441	-1,264847
-7,038925	6,206955	-1,216965
-7,083221	6,241669	-1,191818
-7,080826	6,169846	-1,169083
-6,987457	6,064499	-1,103241
-6,986252	6,053726	-1,024231
-7,061676	6,094421	-1,044571
-7,043716	6,078857	-1,116409
-7,066452	6,026184	-1,177460
-7,096390	6,001053	-1,184631
-7,255600	6,044144	-1,398926
-7,232849	6,032181	-1,503067
-7,253204	5,971130	-1,427643
-7,322632	5,979507	-1,358215
-7,418411	6,011826	-1,430038
-7,456711	6,023788	-1,507858
-7,457916	6,014221	-1,516235
-7,486649	5,989075	-1,559326
-7,508194	5,960342	-1,600037
-7,514175	5,951965	-1,698196
-7,534531	5,920853	-1,735306
-7,522552	5,886124	-1,773605
-7,472275	5,919647	-1,791565
-7,424393	5,914856	-1,662277
-7,316650	5,881348	-1,577286
-7,243637	5,793945	-1,638336
-7,257996	5,785568	-1,696991
-7,286728	5,756836	-1,699387
-7,347778	5,730499	-1,707764
-7,432770	5,716141	-1,706573
-7,538116	5,728119	-1,661087
-7,562057	5,712555	-1,549759
-7,570435	5,723328	-1,425262
-7,576431	5,671844	-1,474335
-7,591980	5,673050	-1,562927
-7,617126	5,643112	-1,689819
-7,641068	5,639526	-1,744888
-7,661423	5,662277	-1,717346
-7,673386	5,670654	-1,674255
-7,633881	5,665863	-1,746078
-7,678177	5,669449	-1,750870
-7,672195	5,656281	-1,687424
-7,648254	5,615585	-1,699387
-7,625504	5,655090	-1,689819
-7,638672	5,657486	-1,687424
-7,649445	5,710159	-1,777206
-7,570435	5,718536	-1,825089
-7,527344	5,686218	-1,773605
-7,526138	5,716141	-1,820297
-7,474670	5,714951	-1,844238
-7,366928	5,772400	-1,681427
-7,421997	5,784378	-1,828674
-7,338196	5,595230	-1,811920
-7,268768	5,658676	-1,707764
-7,236450	5,790359	-1,483917
-7,214905	5,793945	-1,311523
-7,165817	5,723328	-1,294769
-7,180191	5,754456	-1,292374
-7,224472	5,890915	-1,293579
-7,226868	5,912460	-1,287582
-7,174194	5,898102	-1,294769
-7,204132	5,924438	-1,360611
-7,212509	5,919647	-1,469543
-7,211304	5,972321	-1,477921
-7,188568	6,013016	-1,481522
-7,133499	6,026184	-1,438416
-7,099976	5,967529	-1,391739
-7,147858	5,993866	-1,403702
-7,129898	6,026184	-1,353424
-7,062866	6,021408	-1,392929
-7,053284	6,054916	-1,374969
-7,061676	6,071686	-1,352234
-7,070053	6,083649	-1,408493
-7,018570	6,042953	-1,458771
-6,963501	6,020203	-1,360611
-6,900055	6,048935	-1,327087
-6,939560	6,053726	-1,406097
-7,030548	6,051331	-1,494690
-7,079620	6,050125	-1,457581
-7,113144	6,048935	-1,330688
-7,134689	5,951965	-1,173859
-7,152649	5,905289	-1,025421
-7,273560	5,934006	-0,936844
-7,319046	5,972321	-0,891342
-7,327423	5,913666	-0,863815
-7,309464	5,859787	-0,759674
-7,295105	5,851410	-0,841064
-7,274750	5,857391	-0,976349
-7,225677	5,799942	-1,001480
-7,192154	5,738892	-0,967957
-7,199341	5,758041	-1,031403
-7,253204	5,781982	-1,165482
-7,307083	5,758041	-1,341461
-7,296295	5,708954	-1,446808
-7,256805	5,704163	-1,456375
-7,257996	5,699387	-1,378571
-7,254410	5,690994	-1,364197
-7,272354	5,644318	-1,402512
-7,304688	5,637131	-1,455185
-7,321442	5,719727	-1,532990
-7,370529	5,814301	-1,538986
-7,339401	5,772400	-1,577286
-7,229263	5,706558	-1,612000
-7,238846	5,783173	-1,625168
-7,271164	5,863388	-1,658691
-7,293915	5,829865	-1,617981
-7,269974	5,790359	-1,500671
-7,323837	5,841843	-1,428848
-7,441147	5,902893	-1,386948
-7,447144	5,874161	-1,349838
-7,380096	5,843033	-1,283997
-7,369324	5,898102	-1,196609
-7,449524	5,934006	-1,127182
-7,448334	5,969925	-1,158295
-7,420807	5,936401	-1,283997
-7,348969	5,925629	-1,329483
-7,313065	5,959152	-1,395325
-7,305878	5,993866	-1,487503
-7,292709	6,009430	-1,501877
-7,352570	6,048935	-1,516235
-7,377701	6,054916	-1,516235
-7,338196	6,032181	-1,465958
-7,326233	6,044144	-1,413284
-7,337006	6,046539	-1,467148
-7,261581	6,035767	-1,486313
-7,171799	6,015411	-1,450394
-7,123917	6,035767	-1,513840
-7,088013	6,084854	-1,622772
-7,068848	6,057312	-1,748474
-7,064072	6,022598	-1,853821
-7,131104	6,069290	-1,850220
-7,236450	6,081253	-1,823883
-7,272354	5,987885	-1,717346
-7,398056	5,998657	-1,531799
-7,492630	6,038162	-1,355820
-7,502197	6,021408	-1,276810
-7,445938	5,949570	-1,230133
-7,365738	5,943588	-1,184631
-7,342987	5,977112	-1,143936
-7,303482	5,990280	-1,269638
-7,269974	5,906479	-1,251678
-7,226868	5,892120	-1,187027
-7,238846	5,913666	-1,183441
-7,253204	5,908875	-1,166687
-7,267578	5,922043	-1,169083
-7,307083	5,899292	-1,238510
-7,352570	5,906479	-1,236115
-7,374115	5,943588	-1,309143
-7,382492	5,924438	-1,345047
-7,346588	5,919647	-1,343857
-7,267578	5,902893	-1,410889
-7,188568	5,849014	-1,404907
-7,272354	5,870560	-1,434830
-7,279541	5,908875	-1,453979
-7,199341	5,871765	-1,408493
-7,198135	5,855011	-1,382156
-7,232849	5,874161	-1,426453
-7,285522	5,832260	-1,493484
-7,328629	5,804733	-1,553345
-7,292709	5,801132	-1,521027
-7,299896	5,835846	-1,413284
-7,308273	5,796341	-1,388138
-7,325027	5,785568	-1,410889
-7,342987	5,742477	-1,456375
-7,356155	5,719727	-1,330688
-7,327423	5,704163	-1,287582
-7,331024	5,698181	-1,240906
-7,380096	5,671844	-1,262451
-7,438751	5,653885	-1,242096
-7,533325	5,668259	-1,134354
-7,546494	5,716141	-1,068512
-7,503403	5,694595	-1,136749
-7,396866	5,682617	-1,194214
-7,334610	5,714951	-1,315125
-7,314255	5,771210	-1,456375
-7,277145	5,700577	-1,580872
-7,266373	5,695786	-1,609604
-7,280746	5,759232	-1,614395
-7,319046	5,816696	-1,625168
-7,305878	5,822678	-1,519821
-7,283127	5,826279	-1,442017
-7,253204	5,805923	-1,467148
-7,255600	5,802338	-1,449203
-7,257996	5,869370	-1,413284
-7,256805	5,898102	-1,397720
-7,231659	5,934006	-1,446808
-7,219681	5,942398	-1,476730
-7,198135	5,899292	-1,464752
-7,144272	5,948380	-1,370193
-7,133499	6,030975	-1,214569
-7,018570	5,937607	-1,213364
-7,103577	6,005844	-1,304352
-7,099976	6,040558	-1,312729
-7,164627	6,098022	-1,319916
-7,171799	6,065689	-1,262451
-7,120331	6,020203	-1,304352
-7,190964	6,076462	-1,347443
-7,252014	6,109985	-1,397720
-7,243637	6,070480	-1,363007
-7,207718	6,070480	-1,306747
-7,206512	6,084854	-1,323502
-7,212509	6,090836	-1,391739
-7,199341	6,165054	-1,479126
-7,176590	6,130341	-1,588058
-7,163422	6,072876	-1,604813
-7,190964	6,068085	-1,584473
-7,194550	6,011826	-1,515045
-7,134689	6,009430	-1,407303
-7,206512	6,080063	-1,212173
-7,255600	6,089630	-1,184631
-7,259186	6,050125	-1,257660
-7,305878	6,013016	-1,321106
-7,358551	6,035767	-1,286392
-7,329819	6,075272	-1,260056
-7,350174	6,052521	-1,325897
-7,333420	6,042953	-1,485107
-7,305878	6,014221	-1,591660
-7,262787	6,028580	-1,589264
-7,255600	6,059708	-1,543762
-7,231659	6,041748	-1,443207
-7,271164	5,999847	-1,368988
-7,231659	5,993866	-1,352234
-7,190964	6,002243	-1,306747
-7,189758	5,932816	-1,278015
-7,143066	5,904083	-1,287582
-7,223282	5,912460	-1,289978
-7,254410	5,857391	-1,316315
-7,235245	5,862183	-1,293579
-7,235245	5,832260	-1,273224
-7,278351	5,823883	-1,188232
-7,290314	5,850220	-1,157104
-7,353760	5,817902	-1,280411
-7,382492	5,791565	-1,374969
-7,380096	5,797546	-1,374969
-7,337006	5,771210	-1,355820
-7,365738	5,770004	-1,330688
-7,401642	5,823883	-1,449203
-7,420807	5,838242	-1,525818
-7,393265	5,802338	-1,504257
-7,345383	5,755646	-1,457581
-7,365738	5,743668	-1,414474
-7,435165	5,749664	-1,370193
-7,489029	5,759232	-1,455185
-7,451920	5,771210	-1,517426
-7,364532	5,749664	-1,414474
-7,291519	5,704163	-1,365402
-7,279541	5,711349	-1,357025
-7,295105	5,699387	-1,430038
-7,284332	5,704163	-1,505463
-7,256805	5,699387	-1,499481
-7,305878	5,661072	-1,418076
-7,260391	5,658676	-1,330688
-7,293915	5,650299	-1,311523
-7,327423	5,655090	-1,323502
-7,362137	5,613190	-1,359421
-7,410034	5,603607	-1,401306
-7,406433	5,595230	-1,412094
-7,436356	5,577271	-1,402512
-7,462692	5,494675	-1,461166
-7,493820	5,479111	-1,516235
-7,480652	5,458771	-1,507858
-7,505798	5,449188	-1,464752
-7,487839	5,424042	-1,382156
-7,532135	5,383347	-1,404907
-7,538116	5,337860	-1,468353
-7,581207	5,309128	-1,565323
-7,605148	5,291168	-1,591660
-7,589600	5,245682	-1,537781
-7,498611	5,239700	-1,487503
-7,875702	5,414474	-2,077682
-7,682968	5,093643	-1,621582
-7,444748	5,009857	-1,364197
-7,674591	5,280396	-1,495880
-7,698532	5,293564	-1,586868
-7,650650	5,128357	-1,612000
-7,669800	5,158295	-1,664673
-7,714096	5,258850	-1,614395
-7,703323	5,273209	-1,483917
-7,483047	5,202591	-1,244492
-7,447144	5,303146	-1,336670
-7,475861	5,368988	-1,451584
-7,448334	5,396515	-1,564117
-7,393265	5,406097	-1,619186
-7,214905	5,426437	-1,507858
-7,201736	5,517426	-1,334274
-7,173004	5,594040	-1,303146
-7,127518	5,626358	-1,324692
-7,095184	5,680222	-1,315125
-7,028152	5,785568	-1,288788
-6,935974	5,810715	-1,299561
-6,906052	5,839447	-1,396530
-6,890488	5,904083	-1,541367
-6,900055	5,930420	-1,634750
-6,885696	6,032181	-1,676651
-6,815063	6,090836	-1,633545
-6,765991	6,144699	-1,576096
-6,763596	6,190186	-1,480316
-6,743240	6,246460	-1,457581
-6,706131	6,305115	-1,515045
-6,657043	6,361374	-1,603622
-6,582825	6,411652	-1,696991
-6,487061	6,471512	-1,695801
-6,411652	6,558899	-1,708969
-6,330246	6,622345	-1,750870
-6,275177	6,654663	-1,676651
-6,165039	6,722900	-1,649109
-6,068069	6,780365	-1,610809
-5,984283	6,840225	-1,553345
-5,923233	6,847397	-1,541367
-5,895691	6,922821	-1,596436
-5,803513	6,945557	-1,647919
-5,695786	6,891693	-1,586868
-5,613174	6,901276	-1,380966
-5,554520	6,921616	-1,161896
-5,515015	6,941971	-1,115204
-5,550934	6,995834	-1,158295
-5,523392	6,982666	-1,123581
-5,462341	6,976685	-0,963181
-5,396500	6,999435	-0,841064
-5,313904	6,981476	-0,823120
-5,260040	6,989853	-0,782410
-5,237289	6,997040	-0,857834
-5,196594	7,026962	-0,848251
-5,103210	7,059296	-0,899734
-5,084061	7,049713	-0,946411
-5,049347	7,088013	-1,094849
-4,999069	7,119141	-1,129578
-4,929626	7,188568	-1,088867
-4,848236	7,274765	-0,990707
-4,727325	7,296310	-1,056549
-4,606415	7,275970	-1,052963
-4,550156	7,296310	-0,994293
-4,472336	7,351379	-0,933243
-4,359818	7,433975	-0,769241
-4,231720	7,423203	-0,644745
-4,150314	7,438766	-0,595657
-4,028214	7,478271	-0,703400
-3,925262	7,484253	-0,728546
-3,956390	7,484253	-0,545380
-3,886963	7,580032	-0,284424
-3,726547	7,612350	-0,131195
-3,744507	7,578827	-0,006683
-3,718170	7,608765	0,090271
-3,701416	7,666214	0,084290
-3,673874	7,734451	0,038803
-3,556564	7,784729	-0,004303
-3,505081	7,789520	-0,009079
-3,414108	7,750015	-0,067749
-3,409317	7,863739	-0,073730
-3,270447	7,931976	0,091476
-3,154327	7,940353	0,151321
-3,060959	7,957108	0,083099
-2,942444	7,964294	-0,071335
-2,792816	7,966690	-0,165909
-2,700638	7,979858	-0,126404
-2,776047	8,091187	-0,250900
-2,624023	7,975067	0,097458
-2,613251	7,981049	0,212372
-2,773651	8,104355	0,105835
-2,782028	8,084000	0,089081
-2,780838	8,030136	0,099854
-2,772461	8,057663	0,101044
-2,797592	8,092392	0,019653
-2,762878	8,085205	-0,050980
-2,692245	8,060059	0,029221
-2,616837	8,070831	0,157318
-2,614441	8,146255	0,181259
-2,497131	8,197723	0,293777
-2,173904	8,215683	0,430252
-1,860260	8,298294	0,481720
-1,532257	8,346176	0,510452
-1,266510	8,415604	0,560730
-0,994766	8,462296	0,760651
-0,738586	8,486237	0,986908
-0,536270	8,559250	1,161682
-0,424942	8,592773	1,332870
-0,324387	8,672974	1,454971
-0,271713	8,706497	1,652496
-0,177139	8,787903	1,785370
-0,071793	8,887268	1,767410
-0,017929	8,977051	1,519608
0,009598	9,016541	1,234711
0,019180	9,091965	0,958176
0,099380	9,141052	0,802551
0,191559	9,181747	0,715164
0,288528	9,170975	0,739105
0,331619	9,187729	0,763046
0,420212	9,296677	0,709183
0,557877	9,249985	0,660095
0,648849	9,239212	0,627777
0,709915	9,228439	0,539185
0,737442	9,234421	0,458984
0,860748	9,212875	0,450607
1,029541	9,170975	0,480530
1,114532	9,139847	0,427856
1,143265	9,096756	0,381165
1,126495	9,138657	0,346451
1,119324	9,194916	0,352432
1,125305	9,198502	0,441025
1,235428	9,170975	0,491302
1,344376	9,190125	0,579895
1,351547	9,220062	0,680450
1,394653	9,127884	0,812134
1,544281	9,034500	1,091049
1,744202	8,947113	1,375961
1,873489	8,894440	1,676437
2,001587	8,886063	1,940994
2,153610	8,870499	2,173233
2,416977	8,797485	2,248642
2,364304	8,866913	2,034363
2,576187	8,803467	2,465317
2,594147	8,801071	2,506027
2,504364	8,850143	2,355194
2,468445	8,833389	2,274979
2,583374	8,750793	2,547928
2,633652	8,754379	2,683197
2,569000	8,724457	2,670029
2,579773	8,647842	2,432999
2,663574	8,495804	2,580246
2,749771	8,482635	2,668823
2,755753	8,445526	2,636505
2,755753	8,338989	2,790939
2,798843	8,253998	3,104568
2,705475	8,192947	3,122528
2,785675	8,131897	3,452927
2,932922	8,056473	3,703125
3,082565	8,006195	3,847977
3,289658	8,063660	3,820435
3,477600	8,140274	3,820435
3,653580	8,179779	3,648056
3,744553	8,130692	3,463699
3,855896	8,075623	3,423004
4,010315	8,109146	3,530746
4,059402	8,178574	3,408646
4,119247	8,182175	3,134506
4,028275	8,198929	2,891495
4,027069	8,167801	2,902267
4,118057	8,097168	3,055496
4,125244	8,104355	3,253021
4,140793	8,042114	3,346390
4,205444	7,972672	3,383499
4,352692	7,927185	3,442154
4,503525	7,843384	3,518768
4,677094	7,738037	3,924591
4,782440	7,681778	4,100555
4,830322	7,635086	4,217880
4,841110	7,636292	4,331604
4,855469	7,562073	4,750595
4,770477	7,461517	4,963669
4,659149	7,459122	4,978043
4,672318	7,326248	5,240204
4,647171	7,275970	5,171967
4,485565	7,289139	4,790100
4,541824	7,162231	4,833191
4,680695	7,052109	5,078598
4,848282	6,970703	5,155212
4,933273	6,945557	5,205490
5,064957	6,882111	5,246185
5,225372	6,791138	5,380264
5,377411	6,733673	5,680740
5,424088	6,718109	5,924942
5,367828	6,639099	5,990784
5,336700	6,582840	6,199081
5,323532	6,513412	6,300827
5,258896	6,435593	6,232605
5,075729	6,404480	6,282883
5,045807	6,305115	6,483994
5,133194	6,198578	6,511520
5,202621	6,107590	6,501953
5,214600	6,028580	6,324783
5,147568	5,953171	6,146408
4,923706	5,969925	6,148804
4,679489	5,930420	6,275696
4,650757	5,758041	6,390610
5,299591	5,064911	6,527084
5,238541	4,887741	7,009521
5,252899	5,070908	7,790024
5,239731	5,215759	8,419708
5,033829	5,315109	8,765671
5,058975	5,249268	9,068527
5,055389	4,996689	9,109238
5,069748	4,866196	8,900940
5,075729	4,953583	8,484344
5,152344	5,003860	8,151550
5,238541	4,930847	7,920517
5,333115	4,778809	7,701447
5,262482	4,698608	7,648773
5,127213	4,689026	7,672714
5,060165	4,717758	7,620041
5,000320	4,665085	7,509903
4,933273	4,443619	7,524277
4,733368	4,435242	7,465607
4,703430	4,410110	7,807983
4,836319	4,277222	8,066559
4,863846	4,243713	8,182678
4,927292	4,206604	8,456818
4,935669	4,212585	8,522659
4,927292	4,095261	8,751297
5,012283	3,915695	9,078110
4,835114	3,924088	9,103241
4,693863	3,967178	9,105637
4,735764	3,819931	9,161911
4,809982	3,652344	9,263657
4,817154	3,645157	9,230133
4,873428	3,576920	9,421677
5,145172	3,476364	9,547379
5,300797	3,424896	9,365417
5,376205	3,417709	9,129578
5,315155	3,418900	8,899734
5,231354	3,332718	8,899734
5,058975	3,236938	8,973953
4,900955	3,126816	9,422867
4,760895	3,026260	9,817917
4,307190	3,084915	9,888550
4,009125	2,987946	10,072891
3,673935	2,908936	10,047760
3,495560	2,841904	10,161484
3,339935	2,761703	10,199799
3,308807	2,691071	10,289581
3,233398	2,655151	10,414078
3,135239	2,584518	10,527802
3,157974	2,434891	10,648697
3,239380	2,335526	10,706161
3,304031	2,345108	10,855804
3,393814	2,434891	10,927628
3,429718	2,493546	10,989883
3,406982	2,515091	11,159866
3,488373	2,463623	11,383728
3,633224	2,398972	11,487869
3,561401	2,472000	11,304718
3,332764	2,531845	10,922836
3,157974	2,466019	10,489487
2,946091	2,410950	10,203384
2,737793	2,427704	10,074097
2,564224	2,470795	9,838272
2,479218	2,432495	9,580887
2,474442	2,364258	9,416885
2,510345	2,361862	9,425262
2,572601	2,364258	9,416885
2,636047	2,330734	9,222961
2,625275	2,302002	8,993118
2,703079	2,196671	8,905731
2,772507	2,142792	9,014664
2,695892	2,068573	9,058960
2,449295	2,036255	9,400131
2,296066	1,973999	9,865799
2,103333	1,959641	10,113602
1,954895	1,867462	10,153107
1,762161	1,881821	10,092056
1,789688	1,772888	10,289581
1,659210	1,714233	10,114792
1,401825	1,696274	9,931641
1,289307	1,610092	9,804749
1,126495	1,634033	9,707779
1,127701	1,614868	9,856216
1,106155	1,541855	9,662292
0,957703	1,464035	9,567719
0,925385	1,340744	9,820312
0,816452	1,374252	9,935226
0,737442	1,410172	10,129166
0,796097	1,271301	10,416473
0,769760	1,261734	10,485901
0,568649	1,288071	10,392517
0,504013	1,230606	10,485901
0,410629	1,230606	10,430832
0,410629	1,207855	10,429642
0,428589	1,170746	10,398514
0,398666	1,137238	10,293167
0,360352	1,089340	10,193802
0,363953	1,035477	10,126770
0,357956	1,053436	10,092056
0,369934	0,999557	9,938828
0,258606	1,021118	9,850235
0,300507	0,900208	9,985504
0,271774	0,890625	9,974731
0,161636	0,934921	9,773621
0,175995	0,799652	9,876572
0,153259	0,796051	9,955582
-0,015533	0,811615	9,954391
-0,128067	0,812820	9,746094
-0,213058	0,717041	9,813126
-0,231018	0,622482	9,864609
-0,362701	0,597336	9,779602
-0,424942	0,593750	9,862213
-0,386642	0,618881	10,025009
-0,280090	0,567413	10,148315
-0,220245	0,521927	10,149506
-0,287277	0,537476	10,104019
-0,177139	0,505157	10,262039
-0,191513	0,536285	10,183029
-0,124466	0,531494	10,095642
-0,032288	0,529099	10,053741
0,033539	0,505157	9,979523
0,077835	0,474030	9,911285
0,068268	0,541077	9,898117
-0,038284	0,609314	9,722153
-0,126862	0,569809	9,568924
-0,150803	0,556641	9,465973
-0,147217	0,531494	9,519836
-0,167572	0,578186	9,556946
-0,152008	0,635651	9,621597
-0,153198	0,684723	9,572510
-0,211853	0,683533	9,556946
-0,256149	0,645218	9,620392
-0,257355	0,657196	9,647934
-0,301636	0,729019	9,671875
-0,329178	0,754150	9,586868
-0,293259	0,718246	9,609619
-0,157990	0,678741	9,601242
0,051498	0,702682	9,634766
0,288528	0,708664	9,732925
0,436966	0,784088	9,749680
0,514786	0,857101	9,713776
