-0,069397	1,507141	9,236130
-0,113693	1,529877	9,436035
-0,205872	1,502350	9,597656
-0,003571	1,412567	9,652710
0,156845	1,373062	9,500687
-0,004761	1,470032	9,492310
-0,017929	1,467636	9,568924
-0,008347	1,385025	9,680252
0,029953	1,397003	9,787994
0,037140	1,460449	9,837067
0,038330	1,487976	9,799957
0,071854	1,480804	9,736511
0,118546	1,479599	9,687439
0,149658	1,472412	9,638351
0,128113	1,493973	9,555756
0,159241	1,544250	9,503082
0,143677	1,589737	9,420471
0,110153	1,576569	9,410904
0,165222	1,511917	9,455200
0,199936	1,520309	9,499481
0,246628	1,545441	9,530609
0,270569	1,563400	9,541382
0,331619	1,535858	9,537796
0,332825	1,565796	9,537796
0,335220	1,566986	9,510254
0,363953	1,547836	9,515045
0,368729	1,538254	9,582092
0,353165	1,604095	9,608429
0,341202	1,625641	9,590469
0,342392	1,607697	9,566528
0,353165	1,543045	9,493500
0,409439	1,528687	9,527023
0,454926	1,540649	9,659897
0,484848	1,556213	9,716156
0,487244	1,550232	9,793976
0,514786	1,533478	9,781998
0,629700	1,537064	9,816727
0,656036	1,520309	9,747284
0,636887	1,561005	9,619202
0,569855	1,549026	9,507874
0,569855	1,489182	9,418091
0,606964	1,515518	9,360626
0,648849	1,531082	9,252884
0,713501	1,511917	9,193024
0,700333	1,498749	9,122406
0,792511	1,490372	9,105637
0,823639	1,516708	9,216965
0,832016	1,520309	9,331894
0,859543	1,436508	9,409698
0,827225	1,382629	9,391754
0,711105	1,418549	9,294785
0,651245	1,377853	9,292389
0,592590	1,294052	9,397736
0,547104	1,283279	9,535400
0,403458	1,301239	9,645538
0,304092	1,271301	9,650330
0,289719	1,224625	9,718552
0,372330	1,230606	9,906494
0,446548	1,234192	10,019028
0,506393	1,194687	10,041779
0,523163	1,203064	10,019028
0,499222	1,205460	9,981918
0,427399	1,180328	9,962769
0,347183	1,201874	9,834671
0,301697	1,193497	9,673065
0,287338	1,132446	9,735321
0,324448	1,095337	9,889740
0,292114	1,183914	9,973541
0,332825	1,177933	9,997482
0,442947	1,148010	10,016632
0,665619	0,950485	10,204575
0,519562	1,260529	9,934036
0,640472	1,264130	9,676651
0,739838	1,067795	9,924454
0,749405	0,988785	10,099228
0,711105	1,108505	9,990295
0,658432	1,164764	9,912491
0,630905	1,188705	9,832275
0,641678	1,191101	9,815521
0,706314	1,181519	9,814331
0,726669	1,144409	9,865799
0,821243	1,143219	10,020233
0,806870	1,153992	10,166275
0,689560	1,175537	10,203384
0,689560	1,170746	10,192612
0,729065	1,131241	10,260849
0,712296	1,173141	10,251266
0,708710	1,201874	10,185425
0,725464	1,207855	10,124374
0,821243	1,258133	10,107620
0,944534	1,253342	10,053741
1,090591	1,188705	9,934036
1,246216	1,218628	9,807144
1,306061	1,307220	9,659897
1,306061	1,341934	9,601242
1,307266	1,334747	9,477936
1,288101	1,350311	9,413300
1,150436	1,355103	9,370193
0,994812	1,386230	9,319916
0,879898	1,350311	9,410904
0,839188	1,302429	9,577301
0,890671	1,279678	9,737717
0,981644	1,274902	9,912491
1,083405	1,298843	10,050156
1,108536	1,322784	10,151901
1,124100	1,339539	10,227325
1,210297	1,301239	10,327881
1,259384	1,294052	10,325485
1,240219	1,380249	10,147125
1,231842	1,473618	9,920868
1,289307	1,424530	9,844254
1,359940	1,443695	9,764053
1,432953	1,477203	9,655106
1,482040	1,509521	9,598846
1,595764	1,517914	9,540192
1,629288	1,552628	9,588074
1,661606	1,595718	9,686234
1,600555	1,577759	9,653915
1,492813	1,544250	9,554550
1,374298	1,563400	9,558151
1,351547	1,611282	9,676651
1,423386	1,598114	9,758057
1,523941	1,570587	9,743698
1,565842	1,539459	9,655106
1,587387	1,526291	9,700607
1,623291	1,523895	9,875381
1,629288	1,541855	10,038177
1,612518	1,565796	10,156693
1,619705	1,582550	10,211761
1,646042	1,614868	10,271622
1,709488	1,638809	10,278793
1,709488	1,655579	10,168671
1,691528	1,707047	10,017838
1,681961	1,695084	9,945999
1,644836	1,710648	9,846649
1,581390	1,762115	9,740097
1,602951	1,753738	9,783203
1,595764	1,793243	9,896927
1,599350	1,833939	9,984314
1,660400	1,851898	10,054947
1,648438	1,868652	10,223740
1,668793	1,883026	10,380554
1,655624	1,890213	10,396118
1,634064	1,909363	10,360199
1,593369	1,889008	10,264435
1,577805	1,871048	10,244080
1,643646	1,863876	10,190216
1,704697	1,921326	10,105225
1,758575	1,960831	9,962769
1,843567	1,934494	9,825104
1,923767	1,999146	9,747284
1,957291	2,094910	9,722153
2,112915	2,134415	9,743698
2,154816	2,176315	9,695816
2,074600	2,177505	9,649124
1,996796	2,201447	9,732925
2,000381	2,143997	9,938828
2,011154	2,171524	10,111206
2,056641	2,173920	10,236908
2,142838	2,142792	10,323090
2,238602	2,175110	10,424850
2,294876	2,269684	10,333862
2,211075	2,316376	10,161484
2,220642	2,379822	10,005859
2,239807	2,408554	9,883759
2,292480	2,448059	9,826294
2,352325	2,491150	9,754471
2,358322	2,494736	9,761658
2,325989	2,540237	9,862213
2,317612	2,577347	9,914886
2,359512	2,560577	10,039383
2,467255	2,566574	10,227325
2,455276	2,649170	10,327881
2,418167	2,732971	10,313522
2,522324	2,689865	10,283585
2,618088	2,688675	10,187820
2,559433	2,776062	10,034592
2,531891	2,919708	9,985504
2,455276	2,973587	9,938828
2,379868	3,005905	9,906494
2,310425	3,051392	9,838272
2,233810	3,130402	9,712570
2,231430	3,143570	9,706589
2,373871	3,154343	9,817917
2,511551	3,160324	9,804749
2,552246	3,168716	9,756866
2,547455	3,197433	9,753265
2,493591	3,218994	9,811935
2,439713	3,246521	9,870590
2,472046	3,286026	9,965164
2,418167	3,336304	9,907700
2,334381	3,338699	9,621597
2,287689	3,373413	9,340271
2,382263	3,365036	9,224152
2,450485	3,433273	9,171478
2,458878	3,475174	9,051773
2,541473	3,478760	9,006287
2,643219	3,421295	9,064941
2,776108	3,382996	9,206192
2,749771	3,362640	9,282806
2,671951	3,433273	9,255280
2,638443	3,466782	9,240921
2,499573	3,494324	9,185852
2,420563	3,502701	9,228943
2,389435	3,490738	9,351044
2,308044	3,554184	9,521042
2,292480	3,621216	9,652710
2,372681	3,659515	9,722153
2,515137	3,702621	9,592865
2,536682	3,852249	9,427658
2,548660	3,950424	9,336685
2,548660	4,067734	9,288803
2,382263	4,200607	9,145142
2,158401	4,308350	8,812347
2,008759	4,443619	8,467590
1,920181	4,584885	8,183868
1,838776	4,722549	7,831924
1,801666	4,794373	7,481171
1,841171	4,882965	7,325546
1,812439	4,999084	7,227386
1,781311	5,064911	7,241760
1,884262	5,129562	7,257324
2,000381	5,151108	7,130432
2,033905	5,227722	7,019089
2,164383	5,269623	7,124435
2,331985	5,228928	7,280060
2,439713	5,234909	7,368652
2,413376	5,318710	7,438080
2,348740	5,361801	7,495544
2,314026	5,357010	7,579330
2,335571	5,374969	7,836716
2,258957	5,449188	8,308365
2,260147	5,541367	8,727356
2,231430	5,598831	8,759674
2,183533	5,647903	8,693832
2,280502	5,740082	8,686661
2,576187	5,723328	8,430481
2,812012	5,765228	7,790024
2,770111	5,919647	7,149582
2,667175	6,032181	6,831146
2,619278	6,100403	6,833542
2,559433	6,137527	6,883820
2,570206	6,161469	6,929306
2,466049	6,156677	6,901779
2,388245	6,203354	7,277664
2,432541	6,285965	7,921707
2,543869	6,284760	8,210205
2,579773	6,278778	8,189865
2,603729	6,301529	8,206619
2,711456	6,268005	8,411316
2,725830	6,314697	8,526245
2,673157	6,352997	8,356262
2,659988	6,308701	8,101273
2,670761	6,313492	7,916916
2,743790	6,435593	7,756516
2,812012	6,508621	7,424911
2,808426	6,578049	7,333939
2,754562	6,724106	7,509903
2,632446	6,822266	7,684677
2,473236	6,864166	7,605667
2,339157	6,975494	7,258514
2,239807	7,175400	6,847916
2,166779	7,263992	6,460052
2,252975	7,289139	5,962051
2,230225	7,369339	5,380264
2,069809	7,429199	4,968460
1,916580	7,490250	4,841568
1,746597	7,425598	5,015152
1,526337	7,467499	5,329987
1,373108	7,466309	5,552643
1,270157	7,453140	5,862701
1,286911	7,481857	6,251755
1,363525	7,468689	6,460052
1,448517	7,466309	6,523499
1,656815	7,479477	6,557007
1,970459	7,472290	6,494766
2,126083	7,576431	6,318787
2,048264	7,685379	6,061417
1,915390	7,699738	5,820801
1,782516	7,754807	5,600525
1,654419	7,948730	5,393433
1,540695	8,019363	5,063034
1,426971	8,028946	4,560242
1,420990	8,024155	4,162811
1,510773	8,151047	3,934158
1,558655	7,971481	3,935364
1,137268	8,402435	3,515182
1,302475	8,358139	3,603760
1,368317	8,143860	4,414200
1,273743	8,086395	4,836777
1,066650	8,182175	4,866714
0,981644	8,189346	4,967270
0,854752	8,145065	5,102539
0,707520	8,189346	5,137253
0,802078	8,206116	5,096558
0,981644	8,169006	4,899033
1,100159	8,201324	4,775726
1,176773	8,214493	4,766144
1,237823	8,291107	4,746994
1,243820	8,346176	4,525528
1,209106	8,304276	4,165207
1,043900	8,367722	3,671997
0,858353	8,421585	3,262589
0,585403	8,438354	3,109360
0,287338	8,514969	3,017181
0,069458	8,530518	3,065063
0,009598	8,577209	3,284134
0,038330	8,592773	3,461304
0,037140	8,576019	3,470886
0,037140	8,595169	3,377518
0,102982	8,598755	3,455322
0,278946	8,508972	3,752213
0,355560	8,538910	4,075424
0,329224	8,538910	4,259781
0,154449	8,546082	4,328018
0,062271	8,548477	4,317230
0,047913	8,607132	4,222672
-0,017929	8,671783	3,862335
-0,156799	8,625092	3,521164
-0,314804	8,614319	3,297302
-0,519516	8,641861	3,060287
-0,782883	8,592773	2,869949
-1,055817	8,595169	2,825653
-1,195877	8,625092	2,901062
-1,194687	8,576019	2,854385
-1,076172	8,504196	2,762207
-0,762527	8,440735	2,678406
-0,433319	8,463486	2,515594
-0,296860	8,542496	2,167252
-0,253754	8,482635	1,988876
-0,153198	8,471863	2,184006
-0,191513	8,530518	2,472504
-0,312408	8,560455	2,714325
-0,453674	8,566437	2,823257
-0,501556	8,609528	3,321243
-0,268127	8,651428	3,892273
-0,314804	8,664597	3,553482
-0,588943	8,641861	3,061478
-0,793655	8,621506	3,187180
-1,030670	8,634674	3,500809
-1,392197	8,785507	3,432587
-1,776474	8,896835	3,118942
-1,951248	8,889648	2,863953
-2,043427	8,912399	2,756226
-2,078140	9,006973	2,486877
-2,114059	8,960281	2,065491
-2,098495	8,999786	1,823669
-2,073349	9,060837	1,642914
-1,956039	9,131470	1,368774
-1,888992	9,131470	0,977325
-1,825546	9,144638	0,553558
-1,854279	9,199707	0,163300
-1,830338	9,185333	0,175262
-1,920120	9,200897	0,436234
-2,021881	9,244003	0,736710
-2,084122	9,240402	0,941406
-2,230179	9,254776	0,871979
-2,348679	9,217667	0,848038
-2,482758	9,198502	0,910294
-2,645569	9,190125	0,984512
-2,778442	9,113510	1,118591
-2,950821	9,026123	1,215546
-3,050186	9,016541	1,338852
-2,958008	8,913605	1,541168
-2,977158	8,822617	1,481308
-3,106445	8,785507	1,261032
-3,161514	8,718475	1,063522
-3,126801	8,640656	0,984512
-3,087296	8,595169	1,038376
-3,106445	8,570023	0,986908
-3,274048	8,585587	0,852829
-3,393753	8,513763	0,704391
-3,380585	8,343781	0,618195
-3,432068	8,263565	0,717560
-3,581696	8,194138	0,825302
-3,755280	8,093582	0,887543
-3,967163	8,025345	0,855225
-4,128769	7,914017	0,931839
-4,225739	7,811066	0,952194
-4,302353	7,765579	0,960571
-4,440018	7,754807	0,819305
-4,553741	7,679382	0,637344
-4,588455	7,508194	0,617004
-4,692612	7,432785	0,652908
-4,784790	7,380112	0,605026
-4,809921	7,375320	0,478134
-4,927246	7,340607	0,299774
-4,955963	7,265182	0,241104
-4,989487	7,218506	0,190826
-5,015823	7,182587	0,065140
-5,051743	7,139496	-0,044998
-5,017029	7,095200	-0,135971
-4,990692	6,982666	-0,067749
-4,982300	6,935989	0,034012
-5,015823	6,831833	0,072311
-4,948792	6,805496	0,048370
-4,860199	6,789948	0,110626
-4,886536	6,686996	0,201599
-4,976318	6,610382	0,237518
-5,045746	6,562485	0,158508
-5,123566	6,476303	0,156113
-5,285172	6,451157	0,383560
-5,388123	6,426025	0,778610
-5,507828	6,354202	1,041977
-5,649094	6,244064	1,070694
-5,831055	6,221313	1,020416
-6,098007	6,236877	1,073090
-6,318268	6,177017	1,067108
-6,436783	6,119568	0,995285
-6,491852	6,096817	0,979721
-6,487061	6,080063	0,834869
-6,556488	6,032181	0,597839
-6,671417	5,967529	0,383560
-6,831833	5,934006	0,250687
-6,928787	5,957962	0,117813
-6,952728	5,990280	-0,023453
-6,950333	6,022598	-0,217377
-6,913223	6,054916	-0,435257
-6,807892	6,059708	-0,598053
-6,775558	6,032181	-0,722549
-6,864151	5,986679	-0,839874
-6,983856	5,949570	-0,872192
-7,050903	5,889725	-0,772842
-7,155045	5,887329	-0,581299
-7,327423	5,878952	-0,463989
-7,443542	5,821487	-0,329910
-7,495026	5,754456	-0,170700
-7,459106	5,685013	-0,079712
-7,364532	5,659882	-0,121613
-7,332214	5,564102	-0,201813
-7,322632	5,509048	-0,444824
-7,321442	5,505447	-0,610031
-7,291519	5,480316	-0,608826
-7,356155	5,431229	-0,529831
-7,474670	5,408493	-0,514267
-7,563263	5,358215	-0,557358
-7,594376	5,283981	-0,537003
-7,611145	5,237305	-0,509476
-7,591980	5,169067	-0,587280
-7,449524	5,140335	-0,668686
-7,371719	5,151108	-0,683060
-7,214905	5,122375	-0,778824
-7,078430	5,092453	-0,933243
-7,132294	5,157089	-1,100845
-7,298691	5,178650	-1,141541
-7,413620	5,146317	-1,001480
-7,572830	5,184631	-0,723755
-7,650650	5,212158	-0,509476
-7,793106	5,212158	-0,432861
-7,952316	5,207367	-0,388565
-7,971466	5,263641	-0,335892
-7,899643	5,339050	-0,278427
-7,766769	5,353424	-0,425674
-7,685364	5,357010	-0,730942
-7,632690	5,378555	-1,096054
-7,534531	5,398911	-1,331879
-7,447144	5,459961	-1,447998
-7,400452	5,404892	-1,421661
-7,414810	5,377365	-1,465958
-7,493820	5,382156	-1,452789
-7,558472	5,365387	-1,346252
-7,442352	5,286377	-1,187027
-7,304688	5,275604	-1,125977
-7,257996	5,269623	-1,183441
-7,278351	5,304337	-1,279205
-7,265182	5,246872	-1,245697
-7,254410	5,160690	-1,142746
-7,308273	5,119980	-1,000290
-7,317856	5,121185	-0,843460
-7,314255	5,105621	-0,782410
-7,370529	5,052948	-0,692627
-7,460312	5,021820	-0,626785
-7,635086	5,018234	-0,612427
-7,691345	5,054138	-0,535812
-7,794296	5,078079	-0,584885
-7,827820	5,056534	-0,689041
-7,815842	5,026611	-0,850647
-7,741623	5,073303	-1,038589
-7,642258	5,094849	-1,263641
-7,516571	5,052948	-1,550949
-7,480652	5,043365	-1,820297
-7,416016	5,060135	-2,013031
-7,424393	5,038574	-2,062119
-7,461502	5,005066	-2,019012
-7,556076	4,969147	-1,881348
-7,753601	4,946411	-1,730515
-7,958298	4,915283	-1,440811
-8,107941	4,862610	-1,135559
-8,246796	4,863800	-0,843460
-8,249191	4,866196	-0,695023
-8,164200	4,825500	-0,635162
-8,111526	4,793182	-0,635162
-8,095963	4,776413	-0,690231
-8,058853	4,748886	-0,687836
-7,935547	4,739304	-0,711777
-7,869720	4,750076	-0,789597
-7,909225	4,788391	-0,932053
-7,993011	4,817123	-0,981125
-7,995407	4,794373	-0,891342
-7,989426	4,802750	-0,861420
-7,965485	4,817123	-0,851837
-7,958298	4,799164	-0,917679
-7,923584	4,778809	-1,036194
-7,887665	4,784790	-1,130768
-7,894852	4,720154	-1,123581
-7,864929	4,703400	-1,031403
-7,791901	4,740509	-0,983521
-7,829010	4,774017	-0,993103
-7,867325	4,781204	-1,037399
-7,834991	4,733322	-1,044571
-7,814651	4,756073	-1,043381
-7,934357	4,734512	-1,104431
-7,997803	4,715363	-1,128372
-8,082794	4,746490	-1,045776
-8,109131	4,795563	-0,933243
-8,109131	4,771622	-0,880569
-8,166595	4,760849	-0,836288
-8,261169	4,826691	-0,871002
-8,328201	4,795563	-0,841064
-8,304260	4,812332	-0,656723
-8,300674	4,897324	-0,746506
-8,264755	4,854233	-0,869797
-8,177368	4,885345	-0,908112
-8,142654	4,947601	-0,884171
-8,113922	4,963165	-0,815933
-8,125900	5,011047	-0,827896
-8,129486	5,015839	-0,826706
-8,105545	4,985916	-0,777618
-8,093567	5,015839	-0,716568
-8,037308	5,068512	-0,736923
-8,004990	5,082870	-0,793182
-7,952316	5,085266	-0,841064
-7,951111	5,074493	-0,920074
-7,979843	5,093643	-0,915283
-8,032516	5,063721	-0,868607
-8,101944	5,082870	-0,759674
-8,195328	5,082870	-0,693832
-8,208496	5,084076	-0,642349
-8,192932	5,076889	-0,617218
-8,141449	5,061325	-0,662704
-8,032516	5,086472	-0,732132
-7,893661	5,085266	-0,865005
-7,742828	5,057739	-0,994293
-7,633881	5,063721	-1,100845
-7,653046	5,084076	-1,167877
-7,732040	5,079285	-1,175064
-7,793106	5,055344	-1,130768
-7,805069	5,054138	-0,991898
-7,806274	5,025421	-0,909302
-7,800278	4,969147	-0,941620
-7,844574	4,995483	-1,115204
-7,884079	4,981125	-1,145126
-7,948715	4,995483	-1,012253
-7,989426	5,019424	-0,957184
-7,975052	5,014633	-0,857834
-7,964279	5,014633	-0,823120
-7,945129	5,001465	-0,857834
-7,945129	4,983521	-0,830292
-7,987030	5,002670	-0,671082
-7,976257	5,026611	-0,655518
-7,972672	4,994293	-0,665100
-7,919998	4,984711	-0,753677
-7,894852	4,958374	-0,738113
-7,892456	4,922470	-0,602844
-7,921188	4,977524	-0,559753
-8,003784	4,973938	-0,631577
-8,055267	4,927246	-0,746506
-8,080399	4,924850	-0,766846
-8,014557	4,987106	-0,885361
-7,973862	4,963165	-0,948807
-7,971466	4,951187	-1,055344
-7,991821	5,006256	-1,184631
-8,030121	5,015839	-1,182251
-8,063644	5,015839	-1,119995
-8,031326	5,009857	-0,999084
-8,069626	5,031403	-0,941620
-8,026535	5,032593	-0,995499
-7,963089	5,057739	-1,003876
-7,875702	5,037384	-0,987122
-7,860138	5,062531	-0,958389
-7,823029	5,032593	-0,967957
-7,845764	5,049362	-0,921280
-7,875702	5,029007	-0,823120
-7,855347	4,989502	-0,759674
-7,886475	4,934433	-0,672272
-7,931961	5,009857	-0,753677
-7,972672	5,018234	-0,754883
-7,963089	4,973938	-0,818329
-7,941544	4,983521	-0,940430
-8,004990	4,979919	-1,117599
-8,044495	5,037384	-1,184631
-7,995407	5,037384	-1,060135
-7,909225	5,030197	-0,939240
-7,851761	4,984711	-0,958389
-7,863724	4,964355	-0,978729
-7,867325	4,973938	-0,963181
-7,878098	4,989502	-0,952393
-7,910416	5,039780	-0,929657
-7,919998	5,025421	-0,899734
-7,922379	4,994293	-0,829102
-7,955902	4,982315	-0,818329
-7,930771	4,993088	-0,780014
-7,910416	5,012253	-0,880569
-7,911606	5,013443	-0,942825
-7,933167	5,006256	-0,932053
-7,936752	5,015839	-0,995499
-7,990616	5,027802	-0,982330
-7,996613	5,002670	-0,898529
-8,040894	5,003860	-0,845856
-8,075623	4,995483	-0,876984
-8,089981	5,003860	-0,856628
-8,072021	5,044571	-0,730942
-8,060059	5,069702	-0,665100
-8,073227	5,017029	-0,705795
-8,048080	4,970352	-0,836288
-8,086395	4,976334	-0,745300
-8,033722	4,981125	-0,710587
-7,973862	4,975128	-0,718964
-7,931961	4,952393	-0,777618
-7,885269	4,961960	-0,851837
-7,857742	4,959579	-0,995499
-7,925980	4,985916	-1,119995
-7,971466	5,002670	-1,106827
-7,990616	5,005066	-1,003876
-8,009781	5,050552	-0,936844
-7,997803	5,054138	-1,026627
-7,958298	5,050552	-1,073303
-7,918793	5,056534	-1,068512
-7,924774	5,096039	-1,035004
-7,953506	5,093643	-1,005066
-7,975052	5,136749	-0,988312
-8,010971	5,129562	-0,867401
-7,989426	5,099640	-0,727341
-8,010971	5,104416	-0,734528
-7,981049	5,097244	-0,728546
-7,857742	5,058929	-0,655518
-7,757187	5,105621	-0,680664
-7,754791	5,136749	-0,825500
-7,819443	5,088867	-0,923676
-7,769150	5,108017	-0,860229
-7,819443	5,137939	-0,809952
-7,880493	5,140335	-0,782410
-7,923584	5,090057	-0,776428
-8,020554	5,121185	-0,734528
-8,068436	5,188217	-0,736923
-7,948715	5,092453	-0,800369
-7,856552	5,066116	-0,813538
-7,830215	5,079285	-0,831497
-7,824219	5,066116	-0,902115
-7,799088	5,070908	-0,947617
-7,764374	5,067307	-0,985916
-7,734436	5,088867	-0,972748
-7,760773	5,070908	-0,990707
-7,806274	5,076889	-0,941620
-7,880493	5,097244	-0,897339
-7,981049	5,127167	-0,863815
-8,007385	5,113998	-0,848251
-8,048080	5,090057	-0,738113
-8,095963	5,098434	-0,727341
-8,056458	5,067307	-0,747696
-7,976257	5,039780	-0,791992
-7,921188	5,055344	-0,838669
-7,898438	5,064911	-0,882965
-7,855347	5,067307	-0,928452
-7,858932	5,043365	-0,874588
-7,870911	5,025421	-0,829102
-7,878098	5,002670	-0,825500
-7,851761	4,984711	-0,903320
-7,885269	5,002670	-0,914093
-7,903229	5,009857	-0,872192
-7,881683	4,979919	-0,868607
-7,937943	5,017029	-0,908112
-7,941544	5,000275	-0,850647
-7,976257	4,970352	-0,820724
-8,034912	5,015839	-0,772842
-8,087585	5,086472	-0,772842
-8,056458	5,058929	-0,768051
-8,044495	5,024216	-0,865005
-8,038498	5,024216	-0,927261
-8,079208	5,021820	-0,875778
-8,062454	4,982315	-0,871002
-8,086395	4,982315	-0,806351
-8,097168	4,983521	-0,760864
-8,080399	4,971542	-0,735718
-8,073227	4,916473	-0,752487
-8,131882	4,915283	-0,849457
-8,177368	4,934433	-0,862625
-8,141449	4,941620	-0,892548
-8,066040	4,930847	-0,892548
-7,952316	4,927246	-0,990707
-7,896057	4,969147	-1,167877
-7,869720	5,013443	-1,293579
-7,833801	5,038574	-1,351028
-7,832611	5,099640	-1,364197
-7,867325	5,154694	-1,298355
-7,885269	5,206177	-1,187027
-7,884079	5,220535	-1,057739
-7,863724	5,309128	-0,963181
-7,813446	5,349823	-0,973953
-7,797882	5,313919	-0,899734
-7,773941	5,298355	-0,844666
-7,767960	5,293564	-0,812332
-7,782318	5,288773	-0,817123
-7,821823	5,293564	-0,716568
-7,899643	5,317505	-0,611221
-7,870911	5,293564	-0,621994
-7,757187	5,274414	-0,606445
-7,744019	5,275604	-0,703400
-7,706909	5,258850	-0,888947
-7,704514	5,240891	-1,007462
-7,718872	5,200195	-1,055344
-7,735641	5,225327	-1,024231
-7,772751	5,227722	-0,939240
-7,783524	5,178650	-0,915283
-7,795486	5,212158	-0,886566
-7,814651	5,196594	-0,801559
-7,801483	5,148712	-0,692627
-7,797882	5,130753	-0,673477
-7,767960	5,125977	-0,657913
-7,744019	5,106812	-0,621994
-7,736832	5,128357	-0,509476
-7,738037	5,130753	-0,423279
-7,710495	5,093643	-0,343079
-7,709305	5,097244	-0,327515
-7,726059	5,056534	-0,288010
-7,766769	5,057739	-0,282028
-7,802673	5,024216	-0,333496
-7,818237	5,029007	-0,277237
-7,830215	5,070908	-0,298782
-7,829010	5,046967	-0,457993
-7,813446	5,052948	-0,526230
-7,788315	5,090057	-0,607635
-7,791901	5,090057	-0,763260
-7,813446	5,112808	-0,881775
-7,863724	5,123581	-0,967957
-7,862534	5,170258	-0,958389
-7,867325	5,187027	-0,964371
-7,925980	5,177444	-0,967957
-8,008575	5,165482	-0,983521
-8,057663	5,184631	-0,827896
-8,122299	5,153503	-0,723755
-8,189346	5,141525	-0,718964
-8,159409	5,105621	-0,672272
-8,092377	5,079285	-0,639954
-8,032516	5,055344	-0,632767
-7,909225	5,029007	-0,666290
-7,794296	5,007462	-0,780014
-7,742828	4,993088	-0,849457
-7,759583	4,996689	-0,979935
-7,790710	4,976334	-1,075699
-7,830215	5,001465	-1,139145
-7,887665	5,034988	-1,128372
-7,963089	5,057739	-1,027817
-8,068436	5,070908	-0,916489
-8,088776	5,087662	-0,820724
-8,106735	5,087662	-0,781219
-8,045685	5,139145	-0,764450
-7,948715	5,176254	-0,797974
-7,852951	5,210968	-0,819519
-7,783524	5,238495	-0,884171
-7,769150	5,270813	-1,000290
-7,782318	5,272018	-0,966766
-7,801483	5,295959	-0,929657
-7,801483	5,407288	-0,953598
-7,738037	5,378555	-0,983521
-7,724869	5,347427	-1,015854
-7,730850	5,377365	-0,960785
-7,760773	5,406097	-0,888947
-7,704514	5,380951	-0,827896
-7,667404	5,385742	-0,787201
-7,629089	5,371368	-0,814728
-7,621918	5,409683	-0,878174
-7,585999	5,351028	-0,933243
-7,533325	5,335464	-0,978729
-7,553680	5,376160	-1,009857
-7,599167	5,398911	-1,044571
-7,648254	5,391724	-1,011063
-7,659027	5,402496	-0,973953
-7,678177	5,409683	-0,922470
-7,709305	5,408493	-0,894943
-7,656631	5,392929	-0,868607
-7,668594	5,398911	-0,875778
-7,708099	5,422852	-0,832687
-7,717682	5,425247	-0,777618
-7,704514	5,388138	-0,778824
-7,708099	5,433624	-0,863815
-7,693741	5,425247	-0,900925
-7,684158	5,436020	-0,969162
-7,723663	5,437210	-1,002686
-7,702118	5,440811	-0,993103
-7,672195	5,415665	-0,927261
-7,637482	5,370178	-0,910507
-7,607544	5,391724	-0,984726
-7,659027	5,408493	-1,074509
-7,665009	5,327087	-1,056549
-7,714096	5,287582	-0,997894
-7,766769	5,279205	-0,994293
-7,840988	5,304337	-0,938034
-7,867325	5,251663	-0,891342
-7,908020	5,207367	-0,845856
-7,891266	5,203781	-0,800369
-7,855347	5,191818	-0,811142
-7,784714	5,176254	-0,897339
-7,787109	5,159485	-0,964371
-7,829010	5,134354	-0,935638
-7,861328	5,133148	-0,900925
-7,946335	5,109207	-0,824310
-7,988220	5,128357	-0,861420
-8,066040	5,091248	-0,815933
-8,004990	5,064911	-0,752487
-8,031326	5,100830	-0,838669
-7,983444	5,043365	-0,920074
-7,908020	5,073303	-0,976349
-7,799088	5,051743	-1,006271
-7,781128	5,056534	-1,006271
-7,814651	5,070908	-1,018234
-7,819443	5,080475	-0,976349
-7,821823	5,067307	-0,934448
-7,761978	5,081680	-0,914093
-7,754791	5,073303	-0,954788
-7,771545	5,051743	-0,898529
-7,797882	5,039780	-0,839874
-7,842178	5,029007	-0,815933
-7,902039	5,038574	-0,808746
-7,953506	5,005066	-0,795578
-7,963089	4,957184	-0,815933
-7,964279	4,957184	-0,835083
-8,012161	4,979919	-0,890152
-8,058853	4,983521	-0,890152
-8,085190	4,928452	-0,908112
-8,123505	4,916473	-0,876984
-8,086395	4,885345	-0,813538
-8,027725	4,886551	-0,876984
-7,991821	4,838669	-0,944016
-7,995407	4,878174	-0,973953
-7,966675	4,839859	-1,014648
-7,929565	4,820709	-1,036194
-7,933167	4,813522	-1,001480
-7,917603	4,809937	-0,946411
-7,919998	4,809937	-0,906906
-7,912811	4,787186	-0,939240
-7,941544	4,790787	-0,869797
-7,979843	4,808731	-0,835083
-8,064835	4,806351	-0,799164
-8,125900	4,823105	-0,766846
-8,163010	4,835068	-0,736923
-8,137863	4,862610	-0,789597
-8,025330	4,885345	-0,983521
-7,981049	4,938019	-1,187027
-7,966675	4,999084	-1,293579
-7,923584	5,040970	-1,361801
-7,905624	5,080475	-1,470749
-7,900833	5,104416	-1,537781
-7,909225	5,139145	-1,515045
-7,923584	5,147522	-1,486313
-7,904434	5,147522	-1,449203
-7,894852	5,130753	-1,363007
-7,894852	5,175049	-1,280411
-7,863724	5,135544	-1,269638
-7,781128	5,129562	-1,238510
-7,716492	5,159485	-1,219360
-7,711700	5,181030	-1,201401
-7,705704	5,170258	-1,183441
-7,681763	5,160690	-1,087677
-7,655426	5,213364	-1,037399
-7,588394	5,278000	-0,984726
-7,545303	5,239700	-0,950012
-7,527344	5,249268	-0,939240
-7,601562	5,313919	-0,932053
-7,641068	5,390533	-0,950012
-7,651840	5,446793	-0,885361
-7,577621	5,443207	-0,899734
-7,545303	5,501862	-1,066132
-7,459106	5,572495	-1,117599
-7,328629	5,607208	-1,143936
-7,240036	5,634735	-1,188232
-7,163422	5,651505	-1,203796
-7,162231	5,726913	-1,206192
-7,182571	5,847824	-1,175064
-7,183777	5,866974	-1,137955
-7,146667	5,875351	-1,033798
-7,098785	5,875351	-1,007462
-6,979065	5,937607	-0,971558
-6,795914	5,961548	-1,001480
-6,684586	6,007034	-1,007462
-6,636703	5,978302	-1,003876
-6,552902	5,993866	-0,906906
-6,536148	6,090836	-0,868607
-6,531357	6,127945	-0,802765
-6,528961	6,143509	-0,686646
-6,558884	6,150696	-0,635162
-6,595993	6,232086	-0,632767
-6,591217	6,254837	-0,604050
-6,475098	6,270401	-0,576508
-6,412842	6,297928	-0,641159
-6,366150	6,283569	-0,738113
-6,331436	6,344620	-0,702209
-6,278763	6,348206	-0,598053
-6,267990	6,373352	-0,542999
-6,242859	6,385315	-0,552567
-6,147079	6,439194	-0,593277
-6,105194	6,477493	-0,580109
-6,075256	6,539749	-0,480743
-5,936401	6,612762	-0,508270
-5,779572	6,609177	-0,544189
-5,554520	6,619949	-0,594467
-5,372559	6,653473	-0,610031
-5,233704	6,655869	-0,583694
-5,172638	6,681000	-0,495102
-5,109192	6,762405	-0,477158
-5,037369	6,806702	-0,429260
-5,001465	6,835434	-0,501099
-4,959564	6,919220	-0,568130
-4,932022	7,036545	-0,577713
-4,898514	7,165833	-0,570526
-4,841049	7,320251	-0,541794
-4,728516	7,460312	-0,436447
-4,571701	7,566864	-0,406525
-4,430450	7,651855	-0,270050
-4,378967	7,813461	-0,124008
-4,266434	7,933167	0,051971
-4,125183	8,036118	0,247101
-4,028214	8,128296	0,351242
-4,030609	8,231247	0,371597
-4,022232	8,365326	0,326111
-3,965973	8,416794	0,376389
-3,890549	8,475464	0,397934
-3,845062	8,560455	0,357224
-3,828308	8,599960	0,268646
-3,818726	8,625092	0,250687
-3,902527	8,639465	0,180054
-3,931259	8,651428	0,097458
-4,023422	8,657425	0,069931
-4,135956	8,627487	0,034012
-4,186234	8,607132	0,008865
-4,246094	8,567642	0,059143
-4,279602	8,540100	0,034012
-4,310730	8,522141	-0,076126
-4,236511	8,500595	-0,242523
-4,135956	8,426376	-0,285614
-4,126373	8,423981	-0,428070
-4,177856	8,426376	-0,521439
-4,212570	8,446732	-0,481934
-4,277206	8,440735	-0,611221
-4,387344	8,397644	-0,781219
-4,503464	8,398849	-0,683060
-4,643524	8,427582	-0,337097
-4,724930	8,416794	-0,127594
-4,778793	8,360535	-0,076126
-4,744080	8,319839	-0,006683
-4,666275	8,237228	0,147736
-4,540573	8,204910	0,233932
-4,428055	8,248016	0,154922
-4,299957	8,237228	0,059143
-4,121597	8,125900	0,023239
-3,969559	8,069641	0,073517
-3,857025	8,075623	0,190826
-3,797180	8,118729	0,244705
-3,784012	8,091187	0,261459
-3,695419	8,045700	0,279419
-3,556564	8,032532	0,393143
-3,454803	8,044495	0,237518
-3,353058	8,003799	0,227936
-3,339890	7,963104	0,417084
-3,381790	8,014572	0,535599
-3,372208	8,039719	0,496094
-3,306366	8,060059	0,438629
-3,245316	8,133087	0,232727
-3,258484	8,188156	-0,022247
-3,178268	8,219284	0,042389
-3,063354	8,222870	0,172882
-3,054977	8,333008	0,177658
-3,044205	8,414413	0,235123
-2,983154	8,417999	0,476944
-2,829926	8,396454	0,789383
-2,691055	8,409622	0,916275
-2,609650	8,479050	0,945007
-2,511490	8,461090	1,022812
-2,396576	8,453903	1,086258
-2,439667	8,572418	1,158081
-2,488739	8,585587	1,176041
-2,454025	8,596359	1,192810
-2,410934	8,712479	1,168869
-2,324738	8,839371	1,012039
-2,234955	8,847763	0,706787
-2,154755	8,863312	0,526016
-2,029053	8,920776	0,425461
-1,929703	8,961487	0,383560
-1,912933	9,003387	0,370392
-1,898575	8,991409	0,514053
-1,821960	9,014160	0,746292
-1,742950	9,063232	0,925858
-1,674713	9,046478	1,126968
-1,638809	8,984222	1,415466
-1,581345	8,960281	1,733887
-1,528671	8,927963	2,061905
-1,491562	8,912399	2,315689
-1,357483	8,919586	2,413849
-1,179123	8,985428	2,404266
-1,072571	9,053665	2,156464
-0,916946	9,099152	1,824875
-0,817596	9,148224	1,505249
-0,845123	9,248779	1,165268
-0,871460	9,302658	1,019226
-0,914551	9,364899	0,989304
-1,013916	9,418777	0,948593
-1,009125	9,463074	0,939026
-0,904984	9,530106	0,946198
-0,780487	9,575592	0,822906
-0,660767	9,610306	0,733124
-0,543457	9,549255	0,839661
-0,444092	9,498978	1,126968
-0,343536	9,510956	1,470535
-0,319595	9,497787	1,657272
-0,231018	9,423569	1,871567
-0,162781	9,422363	1,998459
-0,114899	9,370895	2,040359
-0,047852	9,305054	2,315689
0,015594	9,264343	2,602997
-0,003571	9,288284	2,683197
0,035934	9,259552	2,683197
0,110153	9,282303	2,722702
0,148468	9,285889	2,678406
0,130508	9,251175	2,591019
0,059875	9,202103	2,424622
-0,067017	9,193726	2,146896
-0,162781	9,198502	1,998459
-0,299255	9,188934	1,870361
-0,367477	9,166183	1,769806
-0,408188	9,085983	1,756638
-0,471634	9,070419	1,873962
-0,402191	9,028519	2,091827
-0,234604	8,973450	2,234283
-0,050247	8,986618	2,168442
0,172409	8,939926	2,065491
0,490845	8,842972	1,991272
0,690750	8,881271	2,008026
0,711105	8,907608	2,006836
0,756592	8,787903	2,036758
0,794907	8,747208	2,155273
0,796097	8,829803	2,288147
0,909821	8,893250	2,313293
1,033127	8,895645	2,257034
1,011581	8,983032	1,969727
0,978058	9,024933	1,765015
1,003204	8,984222	1,885925
1,079819	8,965073	2,346817
1,253387	8,937546	2,850784
1,420990	8,950714	3,214706
1,521545	9,020142	3,497223
1,717865	8,898041	3,786926
2,232620	8,712479	4,069443
2,847931	8,678970	4,208298
3,295639	8,731644	4,468079
3,538651	8,730438	4,464478
3,537460	8,801071	4,189148
3,323181	8,870499	3,844376
2,999969	8,882477	3,725876
2,719833	8,857330	3,670807
2,426544	8,845367	3,474472
2,069809	8,918381	3,185974
1,813629	8,853745	2,936981
1,698715	8,699310	2,780167
1,689133	8,560455	2,917831
1,770538	8,407227	3,341599
1,953690	8,304276	3,869522
2,201492	8,250397	4,408218
2,367889	8,137878	4,721863
2,636047	7,966690	4,830795
2,959259	7,947540	4,903824
3,150803	8,112732	4,921768
3,163971	8,172592	4,861923
3,119675	8,164215	4,739807
3,023911	8,182175	4,557861
2,907791	8,194138	4,366318
2,899399	8,153442	4,299286
2,891022	8,164215	4,199921
2,722229	8,195343	3,935364
2,564224	8,080414	3,747421
2,644424	7,892471	3,857544
2,777298	7,909225	4,237030
2,868286	7,924789	4,557861
2,983200	7,807480	4,681152
3,094528	7,681778	4,725449
3,153198	7,696152	4,974442
3,117279	7,702133	5,310837
2,960464	7,595596	5,513138
2,777298	7,528549	5,538284
2,662384	7,554886	5,479630
2,592941	7,611145	5,298859
2,547455	7,655441	5,082184
2,486404	7,632706	4,702698
2,460068	7,528549	4,414200
2,675552	7,419617	4,465683
2,867081	7,439972	4,662003
3,046646	7,398071	4,870300
3,463242	7,145477	5,001984
4,079742	6,951553	5,151611
4,584930	7,024567	5,318008
4,909332	6,958725	5,522720
5,215790	6,743256	5,946487
5,296005	6,718109	6,343933
5,171509	6,758820	6,652786
4,849487	6,731277	6,873047
4,339523	6,737274	7,021484
3,896591	6,797119	7,084930
3,514709	6,836624	7,035858
3,290863	6,854584	6,905365
3,078964	6,817474	6,821579
2,901794	6,794724	6,759323
2,707870	6,745651	6,753342
2,543869	6,683395	6,711441
2,713852	6,531372	6,649185
3,318390	6,368561	6,485184
4,033066	6,285965	6,521103
4,924896	6,181808	6,764114
5,512680	6,070480	6,744965
5,572525	5,974716	6,627640
5,391769	5,871765	6,657578
5,041016	5,932816	6,929306
4,580139	5,979507	7,272873
4,042633	5,954361	7,324356
3,515915	5,930420	7,378220
3,189102	5,894516	7,569763
2,972427	5,947174	7,661942
2,774902	5,917252	7,602081
2,638443	5,852615	7,458435
2,609711	5,760437	7,501526
2,659988	5,628754	7,499130
2,958069	5,365387	7,302811
3,569778	5,106812	7,131622
4,137207	5,110413	7,315979
4,475983	5,102036	7,718201
4,564575	4,991898	8,153946
4,364655	4,865005	8,547791
4,033066	4,788391	8,823120
3,586548	4,825500	8,938049
3,173538	4,849442	8,856644
2,770111	4,823105	8,698624
2,566605	4,808731	8,577713
2,492386	4,768036	8,392166
2,479218	4,760849	8,161133
2,525909	4,753677	7,858261
2,427750	4,680649	7,411743
2,371490	4,550171	7,191483
2,499573	4,410110	7,309982
2,825180	4,252090	7,520676
3,229813	4,114426	7,697845
3,604492	4,036606	8,101273
3,910950	4,042587	8,896149
4,094116	4,039001	9,531815
4,051010	3,954010	9,834671
3,634430	3,964783	9,779602
3,187912	3,988724	9,736511
2,859894	3,936050	9,744888
2,574997	3,968369	9,662292
2,348740	4,000702	9,426468
2,145233	3,974365	9,116409
1,986023	3,916901	8,868622
1,774124	3,864227	8,792007
1,629288	3,809158	8,648346
1,865112	3,640366	8,440048
2,367889	3,532623	8,070145
2,905396	3,495514	7,760101
3,308807	3,432068	7,858261
3,479996	3,369827	8,265274
3,414154	3,337509	8,589691
3,149597	3,217789	8,590881
2,841949	3,118439	8,607651
2,595337	3,081329	8,777634
2,294876	3,068161	8,880585
1,916580	3,043015	8,941635
1,574219	2,947250	9,182251
1,227051	2,851486	9,486313
1,092987	2,732971	9,874176
1,121704	2,647964	10,557724
1,344376	2,541428	10,901291
1,637665	2,425308	10,921646
1,863907	2,384613	11,101212
1,895035	2,416931	11,278381
1,865112	2,363068	11,296341
1,762161	2,340317	11,277176
1,634064	2,389404	11,188599
1,550278	2,381012	10,845032
1,525131	2,309189	10,408081
1,430557	2,309189	10,196198
1,420990	2,327148	10,171066
1,449722	2,371445	10,054947
1,343170	2,394180	9,765244
1,156433	2,340317	9,487518
0,964890	2,257721	9,372589
0,926590	2,165543	9,515045
1,058258	2,006332	9,650330
1,284515	1,940491	9,749680
1,579010	1,874649	9,835876
1,679565	1,733383	9,979523
1,665192	1,661560	10,216553
1,480835	1,738174	10,549347
1,218674	1,765701	10,855804
0,918198	1,715424	11,065292
0,536331	1,632828	10,939606
0,259796	1,613678	10,821091
0,187973	1,616074	10,718140
0,159241	1,553818	10,592438
0,174805	1,481995	10,636734
0,228668	1,484390	10,732498
0,256210	1,419739	10,633148
0,228668	1,395798	10,555328
0,343597	1,313202	10,507446
0,590195	1,265320	10,429642
0,732651	1,319183	10,421249
0,812866	1,347916	10,481110
0,927780	1,304825	10,528992
0,925385	1,320389	10,414078
0,794907	1,349121	10,178238
0,571045	1,340744	9,906494
0,371124	1,322784	9,778412
0,239441	1,280884	9,641937
0,173615	1,264130	9,530609
0,187973	1,250961	9,564133
0,283737	1,177933	9,725739
0,320847	1,192291	9,698212
0,344788	1,151596	9,603638
0,419006	1,059418	9,595261
0,464508	1,007950	9,700607
0,457321	1,055832	9,677856
0,391479	1,072586	9,603638
0,306488	1,061813	9,548569
0,185577	0,970840	9,584488
0,158051	0,906189	9,658707
0,354370	0,866684	9,862213
0,549500	0,882248	9,850235
0,644073	0,903793	9,724548
0,584213	0,896606	9,638351
0,462112	0,817612	9,610825
0,318451	0,779297	9,511459
0,207123	0,818802	9,498291
0,172409	0,780487	9,544983
0,197556	0,724228	9,574905
0,262192	0,688324	9,650330
0,356766	0,633255	9,781998
0,320847	0,651215	9,787994
0,263382	0,666763	9,789185
0,313675	0,622482	9,973541
0,304092	0,548264	10,071701
0,197556	0,560226	10,027405
0,107773	0,608109	9,954391
0,170013	0,587753	9,910095
0,322052	0,553040	9,978333
0,386688	0,529099	9,968750
0,398666	0,530304	9,947205
0,343597	0,521927	10,004669
0,283737	0,483612	10,078888
0,229874	0,494385	10,084869
0,149658	0,503967	9,980728
0,154449	0,496780	9,920868
0,187973	0,484818	9,875381
0,219101	0,508759	9,779602
0,265778	0,503967	9,692215
0,353165	0,524307	9,650330
0,442947	0,551849	9,675461
0,492035	0,599731	9,634766
0,385498	0,578186	9,501877
0,378311	0,491989	9,570114
0,380707	0,537476	9,714966
0,357956	0,575790	9,771225
0,369934	0,531494	9,839462
0,486053	0,523117	9,930450
0,603363	0,585373	9,929245
0,638077	0,677536	9,948395
0,611740	0,666763	9,926849
0,585403	0,622482	9,887344
0,521957	0,676346	9,932831
0,501617	0,718246	9,871780
0,472885	0,737396	9,786789
0,450134	0,770920	9,706589
0,460907	0,780487	9,746094
0,492035	0,754150	9,911285
0,553085	0,731415	9,911285
0,590195	0,825989	9,923264
0,574631	0,902603	10,021423
0,509995	0,877457	10,071701
0,448944	0,867889	10,104019
0,379501	0,867889	9,980728
0,415421	0,921753	9,777222
0,476471	0,970840	9,612015
0,476471	1,054626	9,516251
0,624908	1,021118	9,564133
0,735046	0,854721	9,418091
0,750610	0,743378	9,325912
0,695541	0,629654	9,408508
0,627304	0,570999	9,495895
0,523163	0,539871	9,677856
0,529144	0,513535	9,896927
0,544708	0,486008	10,266830
0,598572	0,390244	10,594833
