0,767365	0,442917	10,083679
0,908630	0,361511	10,262039
0,940948	0,411789	10,345840
0,918198	0,573395	10,214157
0,866730	0,600922	9,971146
0,857147	0,519531	9,810730
0,804474	0,603317	9,658707
0,890671	0,660782	9,541382
1,027145	0,669159	9,386963
1,176773	0,638046	9,333084
1,231842	0,638046	9,427658
1,234238	0,638046	9,652710
1,152832	0,729019	9,834671
1,139664	0,696701	9,947205
1,207901	0,681137	10,094452
1,333603	0,642822	10,315903
1,318039	0,640427	10,445190
1,166000	0,786484	10,394913
1,045090	0,825989	10,232117
1,019958	0,815216	10,042969
1,137268	0,808029	10,070511
1,292892	0,782883	10,115997
1,435349	0,705078	10,139938
1,647232	0,744583	10,284790
1,674774	0,864288	10,335068
1,629288	0,906189	10,025009
1,696320	0,829575	9,724548
1,701111	0,878662	9,489914
1,696320	0,992386	9,459976
1,620895	1,016327	9,403717
1,563446	0,919357	9,339081
1,559845	0,932526	9,518646
1,567032	0,978012	9,741302
1,671173	0,962448	9,913681
1,729843	0,915771	10,068115
1,750183	0,948090	10,272812
1,794479	0,887039	10,445190
1,786102	0,883438	10,640320
1,646042	0,878662	10,651093
1,461685	0,821198	10,489487
1,418594	0,800842	10,515823
1,471268	0,837952	10,755249
1,471268	0,875061	10,733704
1,521545	0,939713	10,484695
1,644836	0,950485	10,178238
1,769348	0,975616	9,850235
1,924973	0,981613	9,714966
2,147629	1,013931	9,760452
2,268539	1,036667	9,699402
2,219452	1,085754	9,627579
2,099747	1,106110	9,744888
2,035095	1,067795	10,066910
1,920181	1,185120	10,246475
1,813629	1,228210	10,301544
1,800461	1,186310	10,400909
1,857925	1,225815	10,640320
1,994400	1,222229	10,722931
2,044678	1,267715	10,687012
2,044678	1,274902	10,724121
2,196701	1,265320	10,865387
2,315216	1,382629	10,798340
2,261353	1,484390	10,386536
2,302048	1,461639	10,005859
2,384659	1,510727	10,026215
2,499573	1,596924	10,125565
2,634842	1,628036	9,973541
2,608505	1,659164	9,617996
2,659988	1,600510	9,525818
2,661179	1,738174	9,674271
2,712662	1,868652	9,692215
2,798843	1,896194	9,522232
2,807236	1,936890	9,354645
2,724625	1,947662	9,292389
2,588165	2,045822	9,295975
2,476822	2,076950	9,288803
2,517532	2,001541	9,394150
2,533096	1,988373	9,570114
2,572601	2,025482	9,815521
2,664780	2,032669	10,163879
2,747375	2,006332	10,330276
2,800049	2,032669	10,393723
2,864685	2,037445	10,373367
2,877853	2,018295	10,169861
2,806030	2,124832	10,077682
2,807236	2,133224	10,007065
3,022705	2,147583	10,011841
3,204666	2,189484	10,081284
3,296844	2,214615	10,026215
3,274094	2,266098	10,081284
3,179520	2,349899	10,209366
3,128052	2,360672	10,239288
3,117279	2,336731	10,254852
3,059814	2,352295	10,337463
3,088547	2,450455	10,373367
3,185516	2,562973	10,227325
3,312408	2,625229	9,996277
3,409378	2,697052	9,748489
3,398590	2,784439	9,585678
3,481201	2,771271	9,492310
3,524292	2,833527	9,349854
3,391418	2,991547	9,244507
3,296844	2,942459	9,318726
3,177139	2,959213	9,517441
3,116074	2,946045	9,825104
3,029892	2,934082	10,059738
2,942505	2,923309	10,077682
3,002350	2,908936	10,038177
3,202271	2,886200	10,211761
3,329163	2,893372	10,491882
3,259735	2,940063	10,635529
3,179520	2,971191	10,645111
3,172348	2,980759	10,579269
3,190308	3,020264	10,484695
3,222626	3,054993	10,503860
3,286072	3,145966	10,376968
3,256134	3,240540	10,074097
3,266922	3,278839	9,531815
3,286072	3,276443	9,018250
3,281281	3,317154	8,833893
3,269302	3,518265	8,848267
3,330368	3,541016	8,853058
3,304031	3,581711	8,644760
3,264526	3,643967	8,381393
3,159180	3,696625	8,329926
3,089752	3,751694	8,514267
3,138824	3,842682	8,654327
3,371063	3,833099	8,792007
3,561401	3,916901	8,964386
3,600906	3,932465	8,948822
3,381836	3,934860	8,730942
3,172348	4,011475	8,796783
3,007141	4,052170	8,821930
2,840744	4,128784	8,752502
2,735397	4,253281	8,819534
2,655197	4,290390	8,920090
2,656387	4,352646	9,050568
2,742584	4,485519	8,996704
2,731812	4,547775	8,698624
2,736603	4,496292	8,587296
2,686325	4,550171	8,739334
2,843140	4,632767	9,006287
3,174744	4,699799	9,026627
3,259735	4,800354	8,617218
3,154388	4,865005	8,199432
2,982010	4,898514	8,098877
2,773712	4,930847	8,128799
2,604919	4,959579	8,310760
2,507950	5,056534	8,510681
2,501968	5,070908	8,683060
2,564224	5,103226	8,698624
2,642029	5,179840	8,624405
2,675552	5,222931	8,562164
2,698288	5,255264	8,606445
2,725830	5,346237	8,593277
2,788071	5,415665	8,495117
2,867081	5,475525	8,419708
2,835953	5,610794	8,025864
2,806030	5,690994	7,568558
2,820404	5,844238	7,313583
2,899399	5,975906	7,248932
2,943695	6,023788	7,145981
2,991577	6,032181	6,997543
3,049042	6,060913	7,076553
3,143616	6,102798	7,454834
3,088547	6,206955	7,870239
2,870682	6,216522	8,186264
2,622879	6,285965	8,370621
2,400208	6,381729	8,486740
2,432541	6,360184	8,349075
2,509155	6,386520	8,195847
2,566605	6,515808	7,933685
2,628860	6,573273	7,697845
2,822784	6,633118	7,551804
3,017914	6,715714	7,622437
3,131638	6,769592	7,537445
3,077774	6,854584	7,180710
2,826385	6,975494	6,837128
2,670761	7,074844	6,700668
2,727020	7,157455	6,931702
2,640839	7,235260	6,756927
2,468445	7,247238	6,470825
2,359512	7,370529	6,292450
2,305649	7,454330	6,267319
2,340363	7,416031	6,294846
2,281708	7,469894	6,269714
2,202698	7,566864	6,260132
2,130859	7,539322	6,281677
2,060242	7,539322	6,276886
2,062637	7,576431	6,158386
2,000381	7,642273	6,100922
2,059036	7,676987	6,257736
2,240997	7,669815	6,245773
2,211075	7,730865	5,703476
2,015945	7,825439	5,234222
1,841171	7,881699	5,047470
1,766953	7,919998	4,957687
1,616119	7,940353	4,913391
1,491608	8,002609	5,022324
1,546677	8,074432	5,161194
1,644836	8,032532	4,841568
1,598160	8,064850	4,221466
1,466476	8,130692	3,834808
1,362335	8,119919	3,609756
1,194733	8,101959	3,689957
1,021149	8,177383	3,877899
0,869125	8,238434	4,004791
0,691956	8,269562	4,090988
0,559067	8,246811	4,102951
0,474075	8,182175	4,033524
0,590195	8,182175	3,894669
0,775742	8,231247	3,628906
0,877502	8,130692	3,348785
0,927780	8,113937	3,172806
1,015167	8,109146	3,092606
0,849976	8,113937	2,877121
0,537521	8,099564	2,726288
0,233459	8,110336	2,842407
-0,094543	8,178574	2,995636
-0,317200	8,129501	3,010010
-0,526703	8,078018	2,798111
-0,712250	8,111542	2,513214
-0,866669	8,164215	2,385117
-0,883438	8,233643	2,461731
-0,858292	8,180969	2,436600
-0,963638	8,079224	2,381531
-1,119263	8,074432	2,415039
-1,133621	8,116333	2,428207
-1,192291	8,106750	2,203156
-1,328751	8,093582	1,755447
-1,461639	8,089996	1,381943
-1,544235	8,135483	0,989304
-1,423325	8,068451	0,915070
-1,404175	8,142670	0,597839
-1,417343	8,166611	0,157318
-1,414948	8,030136	0,080704
-1,492752	8,064850	0,308151
-1,698654	8,143860	0,520035
-1,920120	8,061264	0,614609
-2,081726	8,006195	0,654114
-2,139191	8,006195	0,639740
-2,103271	8,043304	0,622986
-2,103271	8,118729	0,488907
-2,232559	8,130692	0,269836
-2,347488	8,045700	0,056763
-2,463608	8,012177	0,013657
-2,674301	8,061264	0,183655
-2,894562	8,058868	0,336884
-3,041809	7,983444	0,348846
-3,157928	7,945145	0,364410
-3,212997	7,972672	0,339279
-3,297989	8,038513	0,249496
-3,369812	7,959503	0,165695
-3,421280	7,937958	-0,015076
-3,439240	7,953522	-0,253296
-3,410507	7,909225	-0,418488
-3,315948	7,888885	-0,420883
-3,266861	7,854156	-0,241318
-3,156723	7,788330	-0,205414
-3,133987	7,712906	-0,313141
-3,221375	7,662628	-0,479538
-3,374603	7,618332	-0,393356
-3,527832	7,570450	-0,135971
-3,710983	7,558472	0,170486
-3,815140	7,522568	0,312943
-3,891754	7,407639	0,283005
-3,969559	7,358566	0,165695
-4,175461	7,362152	0,035202
-4,418472	7,417221	-0,001907
-4,570511	7,400467	0,025635
-4,671066	7,307083	-0,030640
-4,803940	7,273575	-0,145554
-4,936813	7,269974	-0,120422
-5,012238	7,265182	-0,124008
-5,094833	7,289139	-0,305969
-5,072083	7,307083	-0,583694
-5,007446	7,265182	-0,815933
-5,024200	7,258011	-1,068512
-4,982300	7,249634	-1,216965
-4,809921	7,234070	-1,068512
-4,600433	7,274765	-0,872192
-4,387344	7,275970	-0,885361
-4,350235	7,260406	-1,063736
-4,435226	7,228073	-1,274414
-4,544174	7,250824	-1,282806
-4,617188	7,249634	-1,091263
-4,710571	7,236465	-0,879379
-4,863800	7,240051	-0,722549
-5,021805	7,156250	-0,618408
-5,160675	7,175400	-0,582489
-5,216934	7,145477	-0,266464
-5,203766	7,121536	-0,030640
-5,165466	7,127518	0,123795
-5,221725	7,120346	0,071121
-5,384537	7,101181	0,012466
-5,497055	7,131119	-0,023453
-5,560501	7,125122	-0,194641
-5,719727	7,107178	-0,424484
-5,764008	7,078445	-0,510666
-5,784363	7,017395	-0,595657
-5,872955	6,999435	-0,760864
-6,003433	7,019791	-0,984726
-6,163849	6,998230	-1,171463
-6,296722	6,958725	-1,266037
-6,344604	7,013794	-1,438416
-6,337418	6,965912	-1,416870
-6,356583	6,955139	-1,313919
-6,408051	6,921616	-1,351028
-6,309891	6,958725	-1,456375
-6,235672	6,963516	-1,524612
-6,212921	6,933594	-1,537781
-6,217712	6,922821	-1,598831
-6,202148	6,880920	-1,679047
-6,210526	6,907257	-1,691010
-6,271591	6,968307	-1,807129
-6,309891	6,958725	-1,962753
-6,357773	6,924011	-2,028595
-6,412842	6,903671	-1,955566
-6,308701	6,894089	-1,816711
-6,258423	6,932388	-1,667068
-6,308701	6,908447	-1,567703
-6,379318	6,867752	-1,537781
-6,448761	6,777969	-1,456375
-6,451157	6,785156	-1,358215
-6,491852	6,783951	-1,275620
-6,500229	6,761215	-1,403702
-6,479874	6,721710	-1,543762
-6,470306	6,700165	-1,596436
-6,455933	6,721710	-1,554535
-6,506210	6,683395	-1,476730
-6,520584	6,684601	-1,425262
-6,514603	6,701355	-1,347443
-6,591217	6,696564	-1,275620
-6,672607	6,667831	-1,368988
-6,628326	6,605591	-1,566513
-6,637894	6,581650	-1,646713
-6,619934	6,598404	-1,608414
-6,592407	6,597214	-1,656296
-6,601990	6,587631	-1,807129
-6,624725	6,570877	-1,809525
-6,627121	6,587631	-1,692215
-6,586426	6,576859	-1,566513
-6,561279	6,550522	-1,532990
-6,562485	6,551712	-1,511444
-6,593597	6,536148	-1,430038
-6,599594	6,524185	-1,398926
-6,595993	6,491867	-1,404907
-6,588821	6,473907	-1,306747
-6,520584	6,513412	-1,129578
-6,530151	6,519394	-1,099640
-6,579239	6,524185	-1,155914
-6,532547	6,518204	-1,125977
-6,451157	6,572067	-1,208572
-6,423615	6,631927	-1,348648
-6,414032	6,677414	-1,462372
-6,473892	6,745651	-1,482712
-6,481079	6,745651	-1,512650
-6,464310	6,703751	-1,681427
-6,410446	6,686996	-1,730515
-6,352982	6,728882	-1,714951
-6,373337	6,786346	-1,688614
-6,336227	6,769592	-1,638336
-6,271591	6,738464	-1,610809
-6,283554	6,732483	-1,534195
-6,283554	6,709732	-1,479126
-6,241653	6,707336	-1,443207
-6,230881	6,726501	-1,553345
-6,232086	6,739655	-1,590454
-6,258423	6,819870	-1,657486
-6,194977	6,805496	-1,643127
-6,161453	6,791138	-1,548553
-6,275177	6,834229	-1,553345
-6,374542	6,864166	-1,456375
-6,513397	6,867752	-1,420471
-6,675003	6,882111	-1,506653
-6,748032	6,864166	-1,597641
-6,646271	6,870148	-1,456375
-6,488266	6,890503	-1,329483
-6,420029	6,940781	-1,343857
-6,339813	6,941971	-1,360611
-6,224899	6,900070	-1,361801
-6,204544	6,861771	-1,291183
-6,229691	6,878525	-1,275620
-6,290741	6,885712	-1,227737
-6,345810	6,861771	-1,165482
-6,372147	6,902466	-1,165482
-6,384109	6,918030	-1,230133
-6,344604	6,904861	-1,222946
-6,273972	6,906052	-1,270828
-6,246445	6,932388	-1,377365
-6,252426	6,914444	-1,461166
-6,203354	6,950348	-1,482712
-6,126740	6,976685	-1,503067
-6,105194	6,988663	-1,506653
-6,185394	7,000626	-1,515045
-6,222504	7,031754	-1,628769
-6,214127	7,056900	-1,577286
-6,187790	7,050903	-1,495880
-6,166245	7,059296	-1,548553
-6,179413	7,073654	-1,425262
-6,260803	7,105972	-1,396530
-6,336227	7,115555	-1,515045
-6,319473	7,084427	-1,512650
-6,306305	7,078445	-1,501877
-6,351791	7,056900	-1,483917
-6,440369	7,082031	-1,459976
-6,367355	7,070068	-1,495880
-6,228485	7,022171	-1,509048
-6,063293	6,995834	-1,471939
-6,071671	7,026962	-1,470749
-6,180603	6,982666	-1,532990
-6,206940	6,991058	-1,534195
-6,172226	6,959930	-1,465958
-6,265594	7,024567	-1,396530
-6,354187	7,036545	-1,394135
-6,521774	7,078445	-1,535385
-6,594803	7,099991	-1,643127
-6,465515	7,024567	-1,594040
-6,374542	7,037735	-1,524612
-6,349396	7,041336	-1,614395
-6,326645	7,046127	-1,735306
-6,341019	6,995834	-1,687424
-6,288345	6,988663	-1,588058
-6,246445	6,987457	-1,485107
-6,276367	6,974289	-1,372589
-6,356583	6,941971	-1,298355
-6,429596	6,918030	-1,285187
-6,422424	6,918030	-1,280411
-6,317078	6,859375	-1,202591
-6,224899	6,861771	-1,135559
-6,288345	6,891693	-1,224136
-6,364960	6,896484	-1,282806
-6,374542	6,934784	-1,315125
-6,358978	6,901276	-1,336670
-6,364960	6,885712	-1,372589
-6,317078	6,916840	-1,366592
-6,291931	6,922821	-1,383362
-6,318268	6,888107	-1,386948
-6,290741	6,834229	-1,359421
-6,269196	6,845001	-1,263641
-6,315872	6,877335	-1,249283
-6,405655	6,909653	-1,310333
-6,421219	6,898880	-1,378571
-6,448761	6,840225	-1,416870
-6,408051	6,763611	-1,431244
-6,414032	6,823456	-1,366592
-6,394882	6,828247	-1,331879
-6,338623	6,804306	-1,328293
-6,287140	6,811493	-1,359421
-6,267990	6,829437	-1,421661
-6,258423	6,831833	-1,471939
-6,297928	6,860565	-1,459976
-6,341019	6,886902	-1,464752
-6,344604	6,871338	-1,480316
-6,349396	6,876129	-1,463562
-6,347000	6,874939	-1,525818
-6,380524	6,925217	-1,585663
-6,372147	6,962326	-1,566513
-6,400864	7,004227	-1,609604
-6,426010	7,035339	-1,673050
-6,469101	6,994644	-1,668274
-6,483475	6,955139	-1,592850
-6,442764	6,953949	-1,536591
-6,362564	6,921616	-1,433640
-6,297928	6,957535	-1,493484
-6,364960	6,906052	-1,525818
-6,256027	6,924011	-1,415680
-6,282364	6,943176	-1,360611
-6,341019	6,890503	-1,471939
-6,296722	6,855774	-1,532990
-6,301514	6,894089	-1,455185
-6,326645	6,930008	-1,395325
-6,367355	6,931198	-1,395325
-6,429596	6,925217	-1,404907
-6,463120	6,902466	-1,445602
-6,511002	6,909653	-1,357025
-6,520584	6,925217	-1,276810
-6,453537	6,916840	-1,266037
-6,325455	6,856979	-1,266037
-6,214127	6,831833	-1,325897
-6,174622	6,810287	-1,415680
-6,199753	6,856979	-1,406097
-6,296722	6,867752	-1,275620
-6,369751	6,811493	-1,166687
-6,409256	6,834229	-1,114014
-6,458328	6,839020	-1,085281
-6,524170	6,849792	-1,035004
-6,600784	6,877335	-1,084076
-6,584030	6,849792	-1,122391
-6,487061	6,810287	-1,157104
-6,461929	6,856979	-1,187027
-6,494247	6,870148	-1,275620
-6,512207	6,853394	-1,315125
-6,503815	6,858170	-1,299561
-6,493042	6,841415	-1,276810
-6,460724	6,781555	-1,242096
-6,417633	6,781555	-1,252869
-6,339813	6,833038	-1,220551
-6,281158	6,774384	-1,279205
-6,248840	6,721710	-1,377365
-6,251236	6,799515	-1,400116
-6,293137	6,824661	-1,531799
-6,402069	6,849792	-1,761642
-6,469101	6,877335	-1,783188
-6,374542	6,908447	-1,676651
-6,342209	6,907257	-1,600037
-6,321869	6,904861	-1,626373
-6,339813	6,919220	-1,650314
-6,350586	6,943176	-1,620377
-6,314682	6,967117	-1,543762
-6,267990	6,964722	-1,469543
-6,258423	6,938385	-1,516235
-6,329041	6,935989	-1,451584
-6,354187	7,019791	-1,392929
-6,263199	7,022171	-1,364197
-6,139908	7,013794	-1,396530
-6,077652	7,052109	-1,537781
-6,090820	7,103577	-1,766434
-6,056107	7,114349	-1,770020
-6,069275	7,078445	-1,628769
-6,102798	7,101181	-1,565323
-6,200958	7,105972	-1,576096
-6,258423	7,134705	-1,564117
-6,263199	7,146683	-1,548553
-6,236862	7,144287	-1,529404
-6,208145	7,131119	-1,473145
-6,167435	7,182587	-1,451584
-6,099197	7,161041	-1,540176
-6,087234	7,097595	-1,562927
-6,103989	7,085617	-1,434830
-6,124344	7,082031	-1,295975
-6,185394	7,077240	-1,210968
-6,226089	7,055695	-1,195404
-6,308701	7,043732	-1,228928
-6,327850	7,048508	-1,237305
-6,269196	7,071259	-1,313919
-6,226089	7,048508	-1,323502
-6,184189	7,046127	-1,430038
-6,153076	7,062881	-1,500671
-6,086029	7,032959	-1,499481
-6,144684	7,011398	-1,511444
-6,252426	7,009003	-1,482712
-6,364960	7,016190	-1,455185
-6,488266	7,050903	-1,391739
-6,454742	6,988663	-1,275620
-6,386505	6,991058	-1,303146
-6,291931	6,994644	-1,336670
-6,259613	6,983871	-1,263641
-6,221298	6,956345	-1,178650
-6,229691	6,946762	-1,222946
-6,287140	6,934784	-1,385757
-6,369751	6,935989	-1,437225
-6,370941	6,902466	-1,428848
-6,337418	6,867752	-1,461166
-6,399673	6,830643	-1,597641
-6,455933	6,819870	-1,604813
-6,451157	6,805496	-1,610809
-6,414032	6,775574	-1,628769
-6,399673	6,756424	-1,625168
-6,451157	6,719315	-1,680237
-6,544525	6,683395	-1,749664
-6,673813	6,647491	-1,777206
-6,757614	6,619949	-1,820297
-6,752823	6,568481	-1,783188
-6,828232	6,495453	-1,744888
-6,918015	6,482285	-1,747269
-6,938370	6,497849	-1,773605
-6,961121	6,454758	-1,907684
-6,888092	6,406876	-2,063309
-6,827042	6,382919	-2,016617
-6,761200	6,376938	-1,828674
-6,775558	6,321869	-1,724533
-6,811478	6,256027	-1,744888
-6,848587	6,206955	-1,766434
-6,822250	6,206955	-1,616791
-6,817459	6,214142	-1,585663
-6,922806	6,160263	-1,629959
-6,922806	6,143509	-1,675446
-6,815063	6,133926	-1,647919
-6,777954	6,141113	-1,694595
-6,763596	6,126740	-1,771210
-6,816269	6,160263	-1,808334
-6,815063	6,150696	-1,829880
-6,743240	6,199768	-1,753265
-6,658249	6,269196	-1,776001
-6,579239	6,297928	-1,809525
-6,560089	6,330261	-1,920853
-6,531357	6,351807	-1,907684
-6,505020	6,386520	-1,859802
-6,460724	6,484680	-1,785583
-6,378128	6,542145	-1,784378
-6,275177	6,548126	-1,931625
-6,196167	6,585236	-2,014221
-6,143494	6,637909	-1,957962
-6,018997	6,696564	-1,882553
-5,983078	6,736069	-1,862198
-6,047729	6,761215	-1,902893
-6,081238	6,769592	-1,791565
-6,095612	6,817474	-1,541367
-6,112366	6,904861	-1,449203
-6,062088	6,920425	-1,419266
-6,021393	6,848602	-1,424057
-5,954346	6,877335	-1,361801
-5,876541	7,091614	-1,374969
-5,852600	6,971893	-1,307938
-5,814285	6,880920	-1,254074
-5,759232	6,944366	-1,102036
-5,822678	6,965912	-1,030212
-5,857391	6,962326	-0,900925
-5,894501	6,935989	-0,735718
-5,942383	7,011398	-0,602844
-5,979492	7,052109	-0,581299
-5,928009	7,035339	-0,659103
-5,898087	7,076050	-0,656723
-5,862183	7,053299	-0,637558
-5,795135	7,085617	-0,629181
-5,710144	7,086823	-0,619614
-5,582047	7,056900	-0,578903
-5,500656	7,055695	-0,448425
-5,436005	7,058090	-0,345474
-5,364182	7,041336	-0,261673
-5,282776	7,117950	-0,248505
-5,187012	7,173019	-0,182663
-5,124756	7,156250	-0,060562
-5,093643	7,127518	0,018448
-5,109192	7,190964	0,062744
-5,079269	7,279556	0,158508
-5,017029	7,313080	0,224350
-4,938019	7,365753	0,219559
-4,779999	7,427994	0,212372
-4,626770	7,523758	0,180054
-4,517838	7,609955	0,138153
-4,516632	7,746429	0,135757
-4,509445	7,833817	0,133377
-4,468750	7,922394	0,110626
-4,414886	8,061264	0,103439
-4,381363	8,190552	0,053162
-4,307144	8,282730	-0,152740
-4,214966	8,456299	-0,419693
-4,048569	8,510178	-0,714172
-3,920471	8,554474	-0,914093
-3,762466	8,645447	-0,979935
-3,652328	8,659805	-0,961975
-3,578110	8,670593	-0,893738
-3,550568	8,675369	-0,709381
-3,497894	8,700516	-0,589676
-3,503891	8,663406	-0,533417
-3,440445	8,653824	-0,420883
-3,414108	8,671783	-0,185059
-3,382980	8,676575	-0,056976
-3,317139	8,638260	0,092667
-3,344666	8,631088	0,277023
-3,342285	8,605942	0,397934
-3,355453	8,645447	0,395538
-3,275238	8,652634	0,328491
-3,132782	8,663406	0,283005
-3,084900	8,783112	0,248291
-3,013077	8,756775	0,153717
-3,057373	8,744812	0,099854
-3,040604	8,795090	0,154922
-3,032227	8,801071	0,263855
-3,010681	8,743607	0,396729
-3,009491	8,704102	0,388351
-3,032227	8,647842	0,383560
-3,110046	8,701706	0,433838
-3,089691	8,759171	0,563126
-2,955612	8,759171	0,522430
-2,807175	8,731644	0,397934
-2,677887	8,735229	0,317719
-2,592896	8,738815	0,298569
-2,501907	8,751984	0,323715
-2,384598	8,698120	0,442215
-2,304398	8,661011	0,542786
-2,297211	8,610733	0,530807
-2,316360	8,543686	0,728333
-2,302002	8,452713	1,004852
-2,290024	8,377289	1,235901
-2,274460	8,279129	1,442993
-2,199051	8,182175	1,529190
-2,116440	8,113937	1,593826
-1,996735	8,074432	1,593826
-1,893784	8,072037	1,590240
-1,900970	8,070831	1,517212
-1,940475	8,154633	1,437012
-1,851883	8,255188	1,395111
-1,759705	8,292297	1,372375
-1,665146	8,419189	1,305328
-1,661545	8,525742	1,220337
-1,703445	8,582001	1,156891
-1,681900	8,635864	1,258652
-1,578949	8,707703	1,348434
-1,464020	8,815430	1,368774
-1,385025	8,863312	1,331665
-1,248550	8,854935	1,377151
-1,114471	8,851349	1,518417
-1,083344	8,932755	1,510040
-1,064194	8,967468	1,344833
-1,004333	8,983032	1,258652
-0,936111	8,986618	1,217941
-0,894211	9,044083	1,113800
-0,806824	9,095551	1,034790
-0,780487	9,119492	0,947403
-0,821182	9,111115	0,898315
-0,798431	9,089569	0,927048
-0,647598	9,097946	1,034790
-0,532684	9,099152	1,022812
-0,539871	9,078796	0,881561
-0,605713	8,998596	0,785797
-0,585358	8,933945	1,001266
-0,526703	8,835785	1,300537
-0,402191	8,759171	1,653687
-0,278900	8,688538	1,871567
-0,208267	8,616714	1,972122
-0,196304	8,514969	2,133728
-0,245377	8,492218	2,421036
-0,316010	8,487427	2,708328
-0,330368	8,471863	2,921417
-0,337555	8,412018	2,926208
-0,140030	8,354553	2,947754
-0,010742	8,383286	2,799316
0,040726	8,331802	2,622147
-0,016739	8,370117	2,428207
-0,090958	8,368912	2,503632
-0,143631	8,295898	2,715515
-0,058624	8,264771	2,811279
0,075439	8,291107	2,795715
0,144882	8,297089	2,781357
0,170013	8,297089	2,795715
0,183182	8,306671	2,853180
0,292114	8,243225	2,932190
0,387894	8,103165	3,170410
0,453735	8,048096	3,316467
0,580627	8,086395	3,318863
0,651245	7,884094	3,406250
0,536331	7,818253	3,697144
0,417816	7,839798	4,047897
0,385498	7,697342	4,347168
0,347183	7,572845	4,573410
0,380707	7,495026	4,798477
0,381897	7,511795	5,054657
0,312469	7,499817	5,194717
0,360352	7,408844	5,284500
0,579422	7,241241	5,256958
0,828415	7,152664	5,304840
1,017563	7,141891	5,492798
1,229446	7,055695	5,599335
1,480835	6,986267	5,653198
1,648438	7,028168	5,875870
1,786102	7,035339	6,100922
1,830399	7,053299	6,262527
1,837570	7,013794	6,354706
2,057846	6,969513	6,524689
2,257767	7,047318	6,712631
2,300858	7,103577	6,688690
2,182343	7,128723	6,454056
2,013550	7,076050	6,163162
1,831589	7,064072	6,109299
1,878281	6,970703	6,270905
2,122482	6,909653	6,583344
2,440918	6,878525	6,715027
2,582169	6,803116	6,742569
2,579773	6,744446	6,895798
2,610901	6,673828	7,208237
2,740189	6,579254	7,518280
2,891022	6,524185	7,696655
2,956863	6,501434	7,725388
2,982010	6,429611	7,879807
2,965240	6,398483	8,113251
2,834763	6,412857	8,243729
2,619278	6,424820	8,252106
2,387039	6,429611	8,271255
2,246979	6,424820	8,351471
2,324799	6,307510	8,377808
2,516327	6,191391	8,368225
2,620483	6,183014	8,408936
2,596542	6,171036	8,371811
2,558228	6,123154	8,455612
2,531891	6,075272	8,638779
2,571396	6,020203	8,782425
2,734207	5,910065	8,875793
2,950882	5,776001	8,738129
3,114883	5,843033	8,548996
3,141220	5,880142	8,467590
3,122070	5,853806	8,484344
2,930527	5,850220	8,424484
2,747375	5,843033	8,387375
2,592941	5,831070	8,490326
2,437332	5,799942	8,572937
2,439713	5,723328	8,681870
2,518723	5,679031	8,650742
2,583374	5,577271	8,422104
2,604919	5,598831	8,185074
2,440918	5,645508	8,194641
2,203888	5,619171	8,279648
2,088974	5,558121	8,296402
2,264938	5,394119	8,647156
2,452881	5,343842	8,863831
2,456482	5,331879	8,868622
2,373871	5,257645	8,740524
2,353531	5,244476	8,752502
2,452881	5,187027	8,953613
2,522324	5,142731	9,108032
2,570206	5,091248	9,009872
2,621674	5,048157	8,857834
2,631256	4,976334	8,774048
2,552246	4,938019	8,668701
2,440918	4,899719	8,691437
2,372681	4,860214	8,831512
2,349930	4,807541	8,892563
2,373871	4,730927	8,936844
2,266144	4,642334	8,940445
2,074600	4,625580	8,990723
1,892639	4,547775	9,185852
1,853134	4,468765	9,389359
1,784912	4,429260	9,404922
1,726242	4,381378	9,389359
1,661606	4,302368	9,433640
1,680756	4,185043	9,497086
1,680756	4,089279	9,613205
1,655624	3,943237	9,665878
1,618515	3,912109	9,694611
1,652023	3,865417	9,707779
1,705902	3,801971	9,820312
1,781311	3,792404	9,890945
1,859131	3,748108	9,856216
1,839966	3,748108	9,774826
1,751389	3,797195	9,631165
1,705902	3,787613	9,444427
1,656815	3,705017	9,258865
1,509567	3,695435	9,189438
1,349167	3,724167	9,224152
1,237823	3,639175	9,317535
1,103760	3,533829	9,420471
1,007980	3,515869	9,518646
0,985245	3,429672	9,488708
1,114532	3,339890	9,483932
1,261765	3,269272	9,516251
1,362335	3,189056	9,559341
1,382675	3,156738	9,662292
1,216278	3,133987	9,674271
1,061859	3,145966	9,634766
0,997208	3,107651	9,732925
1,009186	3,017868	9,966354
0,978058	2,969986	10,108810
1,016373	2,968796	10,138733
1,017563	2,997528	10,143524
1,049881	2,990341	10,005859
1,019958	2,943649	9,673065
0,914612	2,967590	9,339081
0,852356	2,960419	9,048187
0,879898	2,894577	8,900940
0,948135	2,864639	8,947617
1,075027	2,817963	9,049377
1,137268	2,777252	9,007477
1,137268	2,700638	8,973953
1,047485	2,650360	9,045792
0,924194	2,633606	9,099655
0,790115	2,555801	9,152328
0,744629	2,443268	9,118805
0,730255	2,431290	9,208588
0,810471	2,311584	9,335480
0,884689	2,226593	9,531815
0,873917	2,249344	9,656311
0,876312	2,185898	9,734116
0,769760	2,138000	9,650330
0,514786	2,153564	9,525818
0,311279	2,176315	9,404922
0,226273	2,091324	9,414490
0,211914	2,032669	9,404922
0,192764	2,044632	9,349854
0,250229	1,982376	9,395340
0,441757	1,854294	9,491104
0,569855	1,807602	9,623993
0,658432	1,847107	9,594055
0,646469	1,762115	9,317535
0,599777	1,787262	9,237320
0,664413	1,807602	9,263657
0,793701	1,768097	9,232529
0,830811	1,820770	9,106842
0,726669	1,806412	9,158310
0,602173	1,831543	9,243301
0,579422	1,827957	9,323517
0,568649	1,762115	9,500687
0,465698	1,802811	9,631165
0,378311	1,766907	9,632370
0,342392	1,758530	9,621597
0,359161	1,759720	9,705383
0,361557	1,806412	9,886154
0,383102	1,765701	9,918472
0,387894	1,740570	9,923264
0,365143	1,776489	9,904114
0,420212	1,740570	9,894531
0,444153	1,766907	9,905304
0,371124	1,781265	9,919662
0,300507	1,790848	9,896927
0,294510	1,789658	9,930450
0,374725	1,758530	9,986710
0,538727	1,734589	10,015442
0,687164	1,756134	10,086060
0,791306	1,736984	10,302750
0,839188	1,711838	10,458359
0,756592	1,814789	10,550537
0,664413	1,831543	10,441605
0,462112	1,787262	10,275208
0,329224	1,745361	10,173462
0,201141	1,668747	10,241684
0,096985	1,620865	10,311127
0,028763	1,614868	10,373367
0,041931	1,576569	10,390137
0,093399	1,594528	10,481110
0,217896	1,581360	10,648697
0,305283	1,528687	10,648697
0,456116	1,497559	10,551743
0,560272	1,511917	10,523010
0,626114	1,510727	10,500259
0,568649	1,507141	10,461960
0,466904	1,551422	10,539764
0,385498	1,553818	10,623566
0,338806	1,528687	10,760040
0,486053	1,501144	10,839050
0,630905	1,516708	10,777985
0,714691	1,553818	10,654694
0,709915	1,528687	10,610397
0,621323	1,529877	10,518219
0,541122	1,547836	10,363800
0,575836	1,508331	10,150711
0,679977	1,473618	10,082474
0,750610	1,527481	10,184235
0,881088	1,533478	10,162674
0,973267	1,498749	9,980728
0,943344	1,531082	9,841858
0,912216	1,516708	9,784393
0,847580	1,485580	9,767639
0,866730	1,499954	9,864609
0,932571	1,513123	9,996277
0,919403	1,503540	10,094452
0,907425	1,458054	10,166275
0,845184	1,440094	10,198593
0,769760	1,436508	10,347031
0,784134	1,455658	10,448792
0,900253	1,412567	10,472733
0,945740	1,385025	10,333862
1,053482	1,328766	10,113602
1,069031	1,297638	10,124374
0,970871	1,388626	10,199799
0,887085	1,397003	10,099228
0,767365	1,376648	10,038177
0,684769	1,426926	9,953186
0,629700	1,450867	9,892136
0,660828	1,382629	9,947205
0,729065	1,382629	10,117188
0,750610	1,327576	10,210571
0,754196	1,349121	10,262039
0,695541	1,377853	10,282394
0,645264	1,343124	10,208176
0,630905	1,317993	10,048950
0,664413	1,326370	9,992691
0,677582	1,322784	10,008255
0,672791	1,346725	10,027405
0,648849	1,303635	10,034592
0,630905	1,352707	9,997482
0,559067	1,375458	9,887344
0,470490	1,307220	9,813126
0,410629	1,333557	9,752075
0,445343	1,313202	9,772430
0,501617	1,353912	9,695816
0,507599	1,322784	9,649124
0,481262	1,280884	9,538986
0,385498	1,326370	9,386963
0,304092	1,335953	9,246902
0,193954	1,341934	9,078110
0,192764	1,385025	8,989517
