0,201141	2,038651	9,348648
0,223892	2,055405	9,555756
0,302887	2,005127	9,623993
0,331619	1,995544	9,653915
0,287338	2,013504	9,656311
0,195160	2,090118	9,629974
0,251419	2,055405	9,507874
0,255005	2,030273	9,434845
0,256210	2,011108	9,388153
0,249023	2,024277	9,369003
0,204727	2,049423	9,322311
0,158051	2,100891	9,285202
0,196350	2,056610	9,341476
0,246628	2,044632	9,347458
0,313675	2,019501	9,311539
0,234665	2,045822	9,323517
0,092209	2,088928	9,402527
-0,076584	2,133224	9,461182
-0,264526	2,201447	9,558151
-0,485992	2,268494	9,565323
-0,483597	2,177505	9,542587
-0,383041	2,064987	9,507874
-0,433319	2,129623	9,723343
-0,441696	2,203842	9,899323
-0,373474	2,230179	9,991501
-0,324387	2,257721	10,065720
-0,259750	2,262512	10,145920
-0,231018	2,310394	10,287186
-0,229813	2,395386	10,368576
-0,305237	2,445663	10,434418
-0,360306	2,501923	10,520615
-0,356705	2,479187	10,883331
-0,216644	2,489960	11,279572
-0,171158	2,580933	11,527374
-0,185516	2,651566	11,818268
-0,238190	2,798813	12,018188
-0,219040	2,920914	12,215714
-0,149612	3,069351	12,388092
-0,153198	3,210602	12,528152
-0,131653	3,354263	12,520966
-0,150803	3,521851	12,670609
-0,152008	3,670288	12,942352
-0,077789	3,807968	13,212891
-0,015533	4,046188	13,516953
0,055099	4,266449	13,818634
0,085022	4,182648	14,014954
0,173615	4,213776	13,909607
0,368729	4,219772	13,864120
0,423798	4,325104	14,053253
0,428589	4,466370	14,062836
0,417816	4,601639	14,315430
0,432175	4,849442	14,648224
0,490845	5,043365	14,896011
0,608154	5,096039	15,095932
0,780533	5,105621	15,297043
1,010376	5,163086	15,446686
1,180374	5,248077	15,506546
1,231842	5,306732	15,275497
1,175583	5,317505	14,828979
0,823639	5,438416	13,775528
-0,113693	5,961548	12,437180
-1,519089	6,913239	12,186981
-2,621628	7,539322	12,661026
-2,488739	7,392075	12,914810
-1,695068	6,971893	13,364929
-1,091736	6,584045	13,931152
-0,633240	6,348206	14,156204
-0,157990	6,190186	14,207687
0,250229	6,115967	14,236420
0,556686	6,098022	14,230423
0,701523	6,335037	14,218460
1,112137	6,266800	14,206482
1,470062	6,095627	14,116699
1,795685	5,916061	13,793488
2,008759	5,858597	13,704895
2,048264	5,821487	13,360138
2,127274	5,700577	12,566467
2,426544	5,281586	11,829041
2,600128	5,060135	11,182617
2,164383	5,354614	10,386536
1,092987	6,268005	9,225357
0,855957	6,619949	7,966003
1,573013	6,246460	7,544617
2,050659	5,875351	7,357880
2,014755	5,878952	7,052612
1,770538	6,115967	7,010712
1,839966	6,108795	7,227386
2,086578	6,064499	7,277664
2,305649	6,109985	7,288437
2,306839	6,252441	7,167542
2,226639	6,263214	6,772491
2,382263	5,875351	6,748550
2,650406	5,239700	6,618073
1,385071	5,979507	5,544266
0,551895	6,634323	5,149216
0,737442	6,629532	5,115707
0,401062	6,979080	5,201889
0,454926	6,616364	5,453293
0,877502	5,705368	5,423355
0,830811	5,499466	5,121689
0,442947	5,904083	4,731430
0,220291	6,285965	4,396240
0,132904	6,434402	4,050278
0,144882	6,448761	3,666016
0,195160	6,362579	3,432587
0,162827	6,263214	3,339203
0,168823	6,283569	2,995636
0,088608	6,360184	2,699951
0,147278	6,428421	2,573059
0,353165	6,368561	2,591019
0,574631	6,349411	2,678406
0,594986	6,380539	2,714325
0,560272	6,414047	2,600601
0,562668	6,354202	2,504822
0,572235	6,235687	2,327652
0,556686	6,192581	2,154083
0,547104	6,179413	2,014023
0,535126	6,175827	1,821289
0,590195	6,154282	1,634537
0,651245	6,093231	1,365189
0,699127	6,036957	1,064713
0,790115	6,014221	0,865997
0,876312	5,967529	0,697205
0,881088	5,925629	0,547562
0,875107	5,896896	0,448212
0,706314	5,917252	0,413498
0,512390	5,811905	0,406311
0,444153	5,664673	0,377579
0,419006	5,449188	0,359619
0,404648	5,318710	0,360825
0,342392	5,278000	0,275818
0,299301	5,245682	0,151321
0,228668	5,164276	0,115417
0,128113	5,009857	-0,240128
0,029953	4,923660	-0,467575
-0,053848	4,855423	-0,600449
-0,041870	4,753677	-1,079300
-0,209473	4,738113	-1,023026
-0,265732	4,708176	-1,397720
0,098190	4,569321	-2,320694
0,219101	4,556152	-3,152664
-0,055038	4,686630	-3,399277
-0,372269	4,771622	-3,286743
-0,160385	4,262863	-3,890091
-0,193909	4,088089	-4,412018
-0,335159	4,139557	-4,785522
-0,355515	4,217377	-4,942337
-0,470428	4,250885	-5,032120
-0,578171	4,267654	-5,198517
-0,623657	4,246094	-5,223663
-0,652390	4,056961	-4,957901
-0,563812	3,831909	-4,887268
-0,247772	3,587692	-5,129089
-0,283691	3,458405	-5,187744
-0,459656	3,318344	-5,253586
-0,550644	3,155548	-5,380478
-0,612885	3,092102	-5,572006
-0,764923	3,228561	-5,527725
-0,946884	3,406937	-5,301468
-0,993561	3,507492	-5,014160
-1,064194	3,556564	-4,710098
-1,133621	3,550583	-4,394058
-1,122849	3,524246	-4,115143
-1,084549	3,569733	-3,790726
-1,120453	3,724167	-3,605179
-1,116867	3,863022	-3,322662
-1,169540	3,955200	-2,968323
-1,243759	3,985138	-2,789948
-1,314392	4,077316	-2,630737
-1,399384	4,195816	-2,555313
-1,520294	4,335876	-2,537369
-1,605286	4,424469	-2,452362
-1,560989	4,437637	-2,378143
-1,369461	4,502274	-2,198578
-1,238968	4,649521	-1,675446
-1,132431	4,815918	-1,634750
-1,057007	5,046967	-1,409698
-1,001953	5,291168	-1,143936
-0,899002	5,367783	-0,967957
-0,729004	5,276810	-0,921280
-0,542267	5,358215	-0,752487
-0,881042	5,552139	0,473343
-0,927719	5,759232	0,272232
-0,214249	5,762833	-0,132385
0,258606	6,010620	0,110626
0,508789	6,289551	0,537994
0,541122	6,469116	0,904297
0,623718	6,527771	1,395111
0,683578	6,566086	1,591446
0,793701	6,706146	1,689606
0,927780	6,817474	1,839233
0,951721	6,964722	1,729111
0,961304	7,133514	1,526794
1,049881	7,249634	1,444199
0,981644	7,497421	1,167664
0,843979	7,829025	0,964157
0,828415	8,100769	0,661285
0,930176	8,210892	0,377579
0,942139	8,274353	0,174072
0,884689	8,367722	0,144150
0,761383	8,552078	0,249496
0,551895	8,803467	0,369202
0,468094	8,985428	0,577499
0,683578	9,040497	0,777405
0,684769	9,185333	0,942612
0,518372	9,473846	1,270615
0,487244	9,668961	1,664459
0,578232	9,659393	1,742279
0,822433	9,658188	1,943390
1,035522	9,770721	2,100204
1,118118	9,933533	2,042740
1,249802	10,078369	2,173233
1,230652	10,388428	2,432999
1,470062	10,469833	2,775375
1,873489	10,455460	2,764603
1,855530	10,539261	3,085419
1,867508	10,874451	3,247025
2,274521	11,104294	3,164429
2,414581	11,039642	2,446167
2,117706	10,984589	2,340820
1,784912	11,130630	2,465317
1,848358	11,287445	2,028381
1,787292	11,359268	1,709946
1,650833	11,475388	1,689606
1,666397	11,599884	1,288574
1,715469	11,602280	0,839661
1,859131	11,723190	0,757065
1,981232	11,993744	0,915070
2,121292	12,270264	0,921066
2,156006	12,413925	0,712769
2,233810	12,452225	0,688828
2,507950	12,490540	0,655304
2,711456	12,542007	0,602631
2,742584	12,740723	0,533203
2,891022	12,937057	0,436234
3,089752	12,995712	0,347656
3,463242	13,090286	0,367996
3,757721	13,146545	0,158508
4,089325	13,336884	0,401520
4,383804	13,560745	0,687622
4,636398	13,770233	0,983307
4,936874	13,824112	1,105423
5,415710	13,675659	1,069504
5,759277	13,557144	1,043167
6,021439	13,551163	1,071899
6,208191	13,628983	1,129364
6,436844	13,657715	1,225128
6,782806	13,530823	1,414261
7,162277	13,439835	1,659668
7,489090	13,403915	1,994858
7,702179	13,429062	2,300125
7,820694	13,443420	2,574265
7,959549	13,435043	2,805298
8,103210	13,444626	3,001617
8,072083	13,426666	3,110565
7,955963	13,405121	3,055496
7,869766	13,372803	3,047119
7,844635	13,280624	3,014786
7,760834	13,227951	2,998032
7,580063	13,178864	2,994446
7,359802	13,122604	2,983673
7,144318	12,962189	2,873535
7,031799	12,806564	2,716721
6,898926	12,625809	2,610168
6,630768	12,538422	2,647278
6,386566	12,422302	2,653275
6,272842	12,273865	2,735870
6,198608	12,047607	2,831635
6,132782	11,907547	3,020782
6,092072	11,789032	3,300903
6,066940	11,633408	3,476868
6,040604	11,550812	3,576233
5,948425	11,487366	3,613342
5,789200	11,428711	3,632492
5,743713	11,331741	3,619324
5,714981	11,162949	3,552292
5,735336	10,996552	3,530746
5,754486	10,905579	3,543915
5,662308	10,832550	3,610947
5,509079	10,797836	3,673203
5,339096	10,704468	3,680374
5,331909	10,546448	3,666016
5,354660	10,421951	3,778549
5,197845	10,382446	3,979660
5,048203	10,382446	4,098175
5,023056	10,249557	4,125702
4,982361	10,149002	4,183167
4,909332	10,116684	4,203506
4,802795	10,053238	4,198730
4,703430	9,962265	4,302872
4,559784	9,805435	4,284912
4,461624	9,715652	4,207108
4,362259	9,623474	4,043106
4,187485	9,516937	3,875504
4,103683	9,400818	3,628906
3,956451	9,313431	3,361954
3,774490	9,283508	3,151260
3,603302	9,238007	2,957336
3,417755	9,228439	2,762207
3,320786	9,137451	2,646088
3,359085	8,907608	2,638901
2,974823	9,106323	2,641296
2,741394	9,111115	2,531158
2,646820	8,950714	2,432999
2,503159	8,856140	2,407867
2,335571	8,790298	2,423431
2,139252	8,725647	2,401871
1,936935	8,736420	2,367157
1,754974	8,779526	2,284561
1,573013	8,777130	2,252243
1,508377	8,753189	2,209137
1,444931	8,663406	2,193588
1,255783	8,661011	2,146896
1,094177	8,689743	2,143295
1,041504	8,616714	2,204361
0,932571	8,513763	2,185196
0,881088	8,395248	2,148087
0,851166	8,273148	2,072678
0,681183	8,163010	1,988876
0,527954	8,111542	1,828461
0,351974	8,116333	1,635727
0,222687	8,069641	1,433426
0,004822	8,140274	1,186813
-0,232208	8,214493	0,941406
-0,496765	8,299484	0,798965
-0,689499	8,292297	0,643341
-0,792450	8,237228	0,512848
-0,963638	8,264771	0,414688
-1,103699	8,291107	0,351242
-1,264114	8,248016	0,263855
-1,450851	8,176178	0,153717
-1,599304	8,045700	0,067535
-1,784851	8,066055	0,069931
-1,993149	8,137878	0,135757
-2,146378	8,172592	0,172882
-2,234955	8,062454	0,126190
-2,378616	7,939163	-0,042603
-2,583313	7,870926	-0,217377
-2,750916	7,843384	-0,384979
-2,886185	7,697342	-0,584885
-3,075317	7,597977	-0,735718
-3,179474	7,566864	-0,912903
-3,173492	7,396866	-1,079300
-3,185455	7,256805	-1,295975
-3,339890	7,173019	-1,528198
-3,531418	7,149063	-1,809525
-3,634369	7,121536	-2,127960
-3,757675	7,049713	-2,476303
-3,874985	6,944366	-2,827057
-3,927658	6,791138	-3,082047
-4,013855	6,760010	-3,325058
-4,213760	6,827057	-3,480682
-4,307144	6,815079	-3,687775
-4,347839	6,835434	-4,056488
-4,396927	6,833038	-4,322235
-4,389740	6,719315	-4,501801
-4,313126	6,581650	-4,686157
-4,276016	6,495453	-4,844177
-4,259262	6,508621	-4,927979
-4,270035	6,592422	-4,951920
-4,328690	6,698959	-4,918396
-4,297562	6,763611	-4,836990
-4,361008	6,831833	-4,766357
-4,384949	6,849792	-4,809464
-4,435226	6,825851	-4,762772
-4,498672	6,771988	-4,801086
-4,460373	6,695374	-4,863327
-4,408890	6,593613	-4,844177
-4,380157	6,514603	-4,842972
-4,327499	6,414047	-4,792694
-4,219757	6,265610	-4,734039
-4,054550	6,137527	-4,595184
-3,892944	6,036957	-4,398849
-3,766052	6,005844	-4,203720
-3,621201	6,011826	-4,030151
-3,549377	6,070480	-3,945160
-3,520645	6,136322	-3,957123
-3,546982	6,228500	-4,092392
-3,629578	6,317093	-4,300690
-3,696625	6,364975	-4,538910
-3,813934	6,435593	-4,766357
-3,946808	6,522980	-4,954315
-3,922867	6,599594	-5,107544
-3,846252	6,628326	-5,222458
-3,766052	6,654663	-5,215271
-3,781616	6,804306	-5,076416
-3,836685	7,105972	-4,973465
-3,857025	7,392075	-4,923187
-3,912094	7,602768	-4,875305
-3,930054	7,761993	-4,846573
-3,902527	7,899658	-4,765167
-3,886963	8,073227	-4,667007
-3,914490	8,264771	-4,528137
-3,971954	8,350967	-4,339005
-3,939636	8,356949	-4,208511
-3,772034	8,265961	-4,013382
-3,661911	8,230057	-3,645874
-3,580505	8,218079	-3,207733
-3,434448	8,225266	-2,743256
-3,368622	8,233643	-2,370972
-3,289612	8,255188	-2,099228
-3,208206	8,271957	-1,863388
-3,195038	8,368912	-1,718552
-3,187851	8,585587	-1,698196
-3,178268	8,736420	-1,649109
-3,130386	8,778320	-1,675446
-3,033432	8,771149	-1,753265
-2,956818	8,803467	-1,816711
-2,954422	8,856140	-1,898117
-2,946045	8,955490	-2,038177
-2,822739	9,109924	-2,087250
-2,674301	9,303848	-2,059723
-2,671906	9,562424	-1,995071
-2,689865	9,762344	-1,945999
-2,632401	9,916763	-1,919662
-2,554581	10,080765	-1,822693
-2,554581	10,244766	-1,714951
-2,548599	10,424332	-1,598831
-2,468399	10,545242	-1,434830
-2,292419	10,566788	-1,260056
-1,983566	10,492569	-1,086472
-1,717819	10,408783	-0,800369
-1,538254	10,352509	-0,546585
-1,380234	10,242386	-0,355042
-1,151581	10,127457	-0,100067
-1,043839	10,143021	0,159714
-1,048630	10,273499	0,387161
-1,066589	10,478210	0,613403
-0,992371	10,595520	0,854019
-0,901382	10,655380	1,004852
-0,804428	10,686508	1,166473
-0,739777	10,731995	1,362793
-0,681122	10,891205	1,595032
-0,718231	11,054016	1,841629
-0,775696	11,286255	2,091827
-0,725418	11,455048	2,292938
-0,592545	11,488556	2,430603
-0,396210	11,481384	2,612564
-0,264526	11,513702	2,927399
-0,050247	11,484970	3,247025
0,214310	11,463425	3,493637
0,531540	11,427505	3,701935
0,816452	11,393997	3,906631
0,927780	11,404770	3,988037
1,046295	11,411942	4,022751
1,177979	11,350891	3,924591
1,248596	11,310196	3,711502
1,380280	11,244354	3,443359
1,587387	11,180908	3,178802
1,823212	11,087540	2,996841
2,122482	11,010925	2,856781
2,358322	11,063583	2,719101
2,613297	11,061203	2,630524
2,818008	11,109085	2,592209
2,891022	11,207245	2,573059
3,004745	11,251541	2,551514
3,068192	11,166534	2,480881
3,159180	11,027679	2,346817
3,199875	10,833740	2,229492
3,197479	10,662567	2,146896
3,198685	10,515320	2,161255
3,254944	10,424332	2,108582
3,327972	10,307022	2,055908
3,561401	10,133438	2,046341
3,773285	9,989792	2,043945
3,893005	9,877258	2,005630
4,072571	9,736008	1,906281
4,248535	9,572006	1,763824
4,381424	9,345749	1,567490
4,381424	9,173370	1,275406
4,278473	9,033310	0,929443
4,110870	8,912399	0,548767
3,921722	8,842972	0,147736
3,736176	8,830994	-0,162308
3,616470	8,815430	-0,322723
3,615265	8,734039	-0,333496
3,623657	8,665802	-0,211395
3,609283	8,605942	-0,088089
3,683502	8,543686	0,063934
3,863068	8,470673	0,248291
4,037842	8,354553	0,388351
4,261703	8,242020	0,470947
4,432892	8,171402	0,487717
4,665131	8,122314	0,411102
4,942856	8,069641	0,202805
5,074539	8,062454	-0,082108
5,193054	8,060059	-0,353851
5,357056	8,028946	-0,618408
5,615631	7,979858	-0,928452
5,791595	7,858948	-1,283997
5,768860	7,849380	-1,553345
5,675476	7,878098	-2,001068
5,677872	7,839798	-2,438004
5,658722	7,724869	-2,968323
5,584503	7,569260	-3,386108
5,443237	7,522568	-3,746429
5,301987	7,473480	-3,966705
5,242126	7,442368	-4,051697
5,212204	7,413635	-4,112747
5,123611	7,390884	-4,010986
5,050598	7,338211	-4,246826
5,222977	7,115555	-4,337799
5,146362	7,147873	-4,340195
5,044617	7,165833	-4,403641
4,973984	7,127518	-4,425186
4,768082	7,189774	-4,329422
4,747726	7,163437	-4,748413
4,796814	7,026962	-4,772354
4,613647	7,024567	-4,761581
4,367050	7,062881	-4,664612
4,253326	7,157455	-4,583206
4,201859	7,158646	-4,482651
4,085739	7,152664	-4,382095
3,970810	7,141891	-4,329422
3,960037	7,110764	-4,160629
3,931305	7,141891	-3,976273
3,829559	7,201736	-3,830231
3,714630	7,263992	-3,626724
3,693085	7,250824	-3,461517
3,645203	7,231674	-3,305893
3,624847	7,286743	-3,151474
3,526688	7,422012	-2,993454
3,363876	7,613541	-2,867767
3,270508	7,741638	-2,777985
3,142410	7,797897	-2,868958
3,041855	7,899658	-3,018600
3,004745	7,984650	-3,054504
2,922150	8,109146	-3,004227
2,881454	8,174988	-2,882126
2,857513	8,178574	-2,756424
2,989182	8,101959	-2,525391
3,093338	8,141464	-2,300339
3,061020	8,251602	-2,063309
3,068192	8,309067	-1,899307
3,101715	8,426376	-1,853821
3,084961	8,476654	-1,882553
3,062210	8,471863	-1,943604
3,019119	8,427582	-1,984299
3,039459	8,432358	-2,020218
3,064606	8,390457	-2,051346
3,101715	8,356949	-2,009445
3,105301	8,402435	-1,905289
3,124466	8,459900	-1,784378
3,086151	8,457504	-1,701782
3,028687	8,480240	-1,603622
2,934128	8,488632	-1,437225
2,815613	8,471863	-1,365402
2,765335	8,447922	-1,274414
2,710266	8,423981	-1,193024
2,602524	8,462296	-1,054153
2,403809	8,517365	-1,025421
2,239807	8,519745	-0,993103
2,133255	8,441940	-0,958389
1,999191	8,434753	-0,921280
1,838776	8,439545	-0,802765
1,729843	8,416794	-0,677063
1,604141	8,421585	-0,598053
1,455704	8,437149	-0,477158
1,325211	8,395248	-0,388565
1,212692	8,356949	-0,216187
1,139664	8,309067	-0,070129
1,049881	8,230057	0,065140
0,878693	8,176178	0,156113
0,778137	8,130692	0,259064
0,772156	8,045700	0,317719
0,762573	8,010986	0,323715
0,786530	8,048096	0,364410
0,802078	8,070831	0,468552
0,772156	8,101959	0,540390
0,830811	8,177383	0,611008
0,840393	8,303070	0,715164
0,785324	8,408417	0,773819
0,756592	8,441940	0,775009
0,703918	8,525742	0,754669
0,628510	8,603546	0,717560
0,490845	8,661011	0,670868
0,278946	8,743607	0,543976
0,159241	8,813034	0,378769
0,301697	8,725647	0,273438
0,338806	8,686142	0,209991
0,379501	8,690933	0,253082
0,694351	8,528137	0,439835
0,826019	8,567642	0,619400
0,926590	8,526932	0,893524
1,139664	8,444336	1,184418
1,307266	8,421585	1,482498
1,519150	8,267166	1,861984
1,729843	8,159424	2,261810
1,833984	8,115128	2,642487
1,891449	8,119919	3,030350
2,045868	8,001404	3,322449
1,968063	8,044495	3,624115
1,775330	8,103165	3,850372
1,628082	8,188156	4,040710
1,579010	8,121109	4,215485
1,375504	8,152237	4,414200
1,224655	8,188156	4,567429
1,164810	8,270752	4,630875
1,233047	8,221680	4,752975
1,151642	8,240829	4,884659
1,039108	8,298294	5,006775
0,934967	8,282730	4,994797
0,761383	8,342575	5,029510
0,660828	8,222870	5,074997
0,645264	7,977463	5,238998
0,415421	7,925995	5,436523
0,239441	7,924789	5,541870
0,034744	7,960709	5,642426
-0,084961	7,942749	5,698685
-0,208267	8,028946	5,737000
-0,027512	7,766769	5,757355
0,059875	7,586014	5,781296
0,027557	7,547699	5,843536
-0,062225	7,663818	5,825592
0,162827	7,528549	5,756149
0,423798	7,217300	5,709473
0,391479	7,150269	5,760941
0,357956	7,198151	5,813614
0,357956	7,196960	5,764526
0,632095	6,799515	5,726227
0,793701	6,509811	5,867477
0,846375	6,355392	6,142822
0,800888	6,294342	6,419342
0,665619	6,331451	6,590530
0,993622	5,941193	6,893402
0,996017	5,732895	7,240555
0,858353	5,701782	7,476379
0,772156	5,676636	7,632004
0,810471	5,536575	7,863052
1,025940	5,240891	8,219788
1,012772	5,291168	8,578918
1,167206	5,228928	9,109238
1,522736	5,088867	9,609619
1,386276	5,309128	10,047760
1,209106	5,518616	10,625961
1,181564	5,597626	11,046143
1,221069	5,603607	11,311905
1,353943	5,612000	11,564484
1,662796	5,473129	11,611176
1,745407	5,436020	11,456741
1,722656	5,322296	11,262817
1,641251	5,283981	11,035370
1,474854	5,292374	10,856995
1,242615	5,325882	10,695389
1,066650	5,431229	10,538574
0,930176	5,501862	10,495468
0,798492	5,488693	10,518219
0,762573	5,380951	10,573288
0,811661	5,166672	10,594833
0,677582	5,163086	10,628357
0,550690	5,167862	10,677429
0,438171	5,147522	10,655884
0,369934	5,091248	10,584061
0,385498	5,070908	10,466751
0,568649	5,036194	10,396118
0,664413	5,038574	10,278793
0,885880	4,934433	10,131561
0,946930	4,915283	10,074097
0,883484	4,839859	9,983109
0,806870	4,789581	9,936432
0,668015	4,744095	9,932831
0,563858	4,706985	9,985504
0,460907	4,629181	10,014236
0,390289	4,538193	10,038177
0,381897	4,484329	10,094452
0,404648	4,435242	10,153107
0,392670	4,416092	10,269226
0,272964	4,463974	10,282394
0,243042	4,392151	10,268021
0,350784	4,206604	10,205780
0,307678	4,213776	10,172256
0,225082	4,232925	9,991501
0,219101	4,201813	9,796371
0,244232	4,201813	9,641937
0,271774	4,182648	9,473145
0,286133	4,135971	9,289993
0,290924	4,112030	9,111633
0,183182	4,162308	8,922485
0,383102	3,942032	8,817139
0,421402	3,892960	8,879395
0,389084	3,882187	9,069733
0,386688	3,833099	9,230133
0,353165	3,805573	9,306747
0,379501	3,762466	9,384567
0,413025	3,760071	9,534210
0,435776	3,742126	9,586868
0,459717	3,643967	9,554550
0,389084	3,660721	9,546173
0,271774	3,679871	9,535400
0,294510	3,659515	9,523422
0,403458	3,529037	9,516251
0,398666	3,585297	9,511459
0,456116	3,611633	9,469559
0,573441	3,568542	9,432449
0,664413	3,507492	9,376190
0,673996	3,502701	9,279221
0,591400	3,562561	9,242111
0,550690	3,580521	9,240921
0,482452	3,548187	9,205002
0,465698	3,478760	9,133179
0,459717	3,439255	9,158310
0,444153	3,445236	9,252884
0,410629	3,393768	9,434845
0,435776	3,386581	9,546173
0,492035	3,338699	9,677856
0,591400	3,295609	9,834671
0,691956	3,314758	9,908890
0,725464	3,336304	9,855026
0,650055	3,388977	9,719757
0,709915	3,366226	9,556946
0,700333	3,372223	9,457596
0,738632	3,343491	9,341476
0,723083	3,355453	9,173874
0,636887	3,354263	8,995514
0,604568	3,376999	8,894958
0,617737	3,382996	8,831512
0,610550	3,354263	8,825516
0,597382	3,308777	8,892563
0,533936	3,278839	8,972763
0,440567	3,247726	9,063736
0,377121	3,235748	9,179855
0,324448	3,212997	9,275635
0,323242	3,222580	9,292389
0,372330	3,190262	9,279221
0,462112	3,195053	9,244507
0,512390	3,174698	9,196625
0,549500	3,154343	9,183456
0,656036	3,100479	9,201416
0,731461	3,081329	9,195419
0,689560	3,180679	9,208588
0,688354	3,214203	9,334290
0,691956	3,162720	9,456390
0,662018	3,088501	9,554550
0,650055	3,020264	9,694611
0,530350	3,057373	9,758057
0,446548	3,096878	9,867004
0,433380	3,095688	9,954391
0,519562	3,056183	9,941223
0,521957	3,065765	9,962769
0,554291	3,071747	9,962769
0,758987	2,975983	9,799957
0,803284	3,039429	9,789185
0,836807	3,064560	9,744888
0,841583	3,080124	9,594055
0,810471	3,139984	9,476746
0,767365	3,114838	9,342667
0,755402	3,089706	9,279221
0,727859	3,088501	9,210983
0,720688	3,132797	9,161911
0,753006	3,138779	9,167892
0,794907	3,099274	9,147537
0,821243	3,105270	9,088882
0,857147	3,128006	9,024231
0,876312	3,129211	8,959595
0,966095	3,094498	8,942841
0,986435	3,086105	9,020645
0,949326	3,089706	9,182251
0,889481	3,098083	9,299576
0,855957	3,087311	9,353439
0,788910	3,056183	9,324707
0,809265	3,057373	9,254074
0,766174	3,062164	9,189438
0,744629	3,075333	9,193024
0,749405	3,068161	9,210983
0,741028	3,034637	9,220566
0,806870	3,002319	9,205002
0,820038	2,979568	9,166687
0,816452	3,019073	9,066132
0,805679	3,016678	8,966782
0,802078	3,015488	8,976349
