4,073976	-3,231414	-12,949593
3,844186	-3,097370	-12,624058
2,647366	-2,408002	-9,043172
2,838857	-2,676090	-9,751690
2,800559	-2,819708	-9,703817
2,810133	-2,944177	-9,655944
2,800559	-2,589919	-9,541050
2,752686	-2,743112	-9,675094
2,733537	-2,714388	-9,818711
2,714388	-3,011199	-9,847435
2,704813	-3,030348	-9,818711
2,666515	-2,656940	-9,703817
2,599493	-2,781410	-9,799562
2,551620	-2,829283	-9,799562
2,465449	-3,126094	-9,789989
2,427151	-3,489927	-9,780414
2,350555	-3,480353	-9,837861
2,321831	-3,279287	-9,789989
2,283533	-3,135669	-9,636795
2,130340	-3,193116	-9,521900
1,996296	-3,518651	-9,541050
2,005870	-3,939932	-9,655944
1,929274	-3,978230	-9,579348
1,862252	-3,825037	-9,368708
1,785655	-3,844186	-9,177217
1,728208	-4,064401	-9,320834
1,642037	-4,150572	-9,483603
1,584590	-4,303765	-9,407005
1,527142	-4,054826	-9,205940
1,316502	-4,054826	-9,368708
1,182458	-4,562278	-9,655944
1,182458	-4,696322	-9,378282
0,990967	-4,571853	-9,158067
0,837774	-4,715471	-9,253813
0,761178	-4,581427	-9,244238
0,636708	-4,552703	-9,148493
0,483515	-4,677173	-8,947427
0,282450	-4,696322	-8,966576
0,081384	-4,993133	-9,033598
0,014362	-5,299519	-8,995299
-0,129257	-5,251647	-8,746361
-0,339897	-5,002708	-8,794233
-0,368621	-5,222923	-8,870831
-0,493090	-5,289945	-8,631466
-0,770752	-5,548458	-8,660190
-0,876072	-5,835695	-8,631466
-1,010116	-5,653778	-8,526146
-1,278204	-5,682502	-8,468699
-1,402673	-5,845269	-8,124015
-1,383524	-5,558033	-7,788905
-1,546291	-5,912291	-7,731458
-1,852677	-6,659107	-7,788905
-2,111191	-6,793150	-7,712308
-2,704813	-6,812300	-7,769756
-3,643120	-7,453795	-8,258059
-1,048414	-6,668681	-6,132506
-1,929274	-5,835695	-5,519734
-3,758015	-7,089962	-5,873993
-3,049498	-6,697405	-6,276124
-3,231414	-7,214431	-5,730374
-3,576098	-7,453795	-5,385690
-3,633546	-7,616563	-5,270795
-3,767590	-7,779330	-5,146326
-3,892059	-7,674010	-4,792068
-4,140997	-7,616563	-4,591002
-4,361212	-7,750607	-4,389936
-4,504831	-7,635712	-4,150572
-4,744195	-7,597414	-3,930357
-4,820791	-7,846352	-3,777164
-5,060155	-7,721883	-3,451629
-5,213348	-7,329326	-3,126094
-5,491010	-7,271879	-3,106945
-5,634629	-7,338901	-3,030348
-5,739949	-7,444221	-2,599493
-5,883567	-7,224006	-2,369704
-6,065484	-7,214431	-2,283533
-6,228251	-6,812300	-1,967572
-6,467616	-6,601659	-1,728208
-6,649532	-6,572936	-1,469695
-6,745278	-6,343146	-1,239906
-6,821874	-6,266550	-0,923945
-6,908045	-6,218677	-0,607985
-7,051664	-5,969738	-0,531388
-7,156984	-5,625054	-0,378195
-7,300602	-5,299519	-0,157980
-7,405922	-5,251647	-0,090958
-7,425072	-4,964410	0,148406
-7,492094	-4,591002	0,387770
-7,606988	-4,763344	0,301599
-7,664436	-4,543129	0,521814
-7,741032	-3,997379	0,789901
-7,855927	-3,767590	0,895221
-8,076141	-3,566524	0,981392
-8,152739	-3,394182	1,077138
-8,104865	-3,317585	1,230331
-8,171887	-2,944177	1,440971
-8,267632	-2,589919	1,440971
-8,267632	-2,206936	1,259055
-8,267632	-2,187787	1,527142
-8,439975	-1,977147	1,670761
-8,420826	-1,728208	1,804805
-8,506997	-1,584590	1,938848
-8,612317	-1,479270	2,015445
-8,669765	-1,211182	1,938848
-8,583593	-0,904796	2,111191
-8,660190	-0,789901	2,178212
-8,679339	-0,560112	2,254809
-8,679339	-0,301599	2,283533
-8,698488	-0,177129	2,283533
-8,669765	-0,205853	2,254809
-8,669765	0,062235	2,360129
-8,736787	0,397344	2,293107
-8,688913	0,454792	2,379278
-8,641041	0,502664	2,513322
-8,641041	0,675007	2,417577
-8,526146	0,770752	2,388853
-8,487848	1,077138	2,465449
-8,439975	1,249480	2,580344
-8,478273	1,345226	2,618642
-8,487848	1,450546	2,570770
-8,545295	1,651612	2,666515
-8,497422	1,804805	2,599493
-8,545295	1,718634	2,494173
-8,468699	1,843103	2,714388
-8,459125	2,034594	2,771835
-8,439975	1,890976	2,723963
-8,478273	2,216511	2,647366
-8,401677	2,206936	2,570770
-8,363379	2,293107	2,695239
-8,372953	2,379278	2,628217
-8,411251	2,388853	2,522897
-8,344230	2,532471	2,532471
-8,363379	2,599493	2,618642
-8,315506	2,819708	2,609068
-8,334655	2,877155	2,618642
-8,325080	2,896305	2,551620
-8,325080	3,030348	2,455875
-8,267632	2,915454	2,408002
-8,277207	2,925028	2,618642
-8,401677	2,953752	2,637791
-8,420826	2,915454	2,561195
-8,411251	2,829283	2,800559
-8,535721	2,905879	2,743112
-8,535721	2,915454	2,723963
-8,526146	2,790984	2,676090
-8,583593	2,704813	2,647366
-8,574018	2,695239	2,704813
-8,583593	2,695239	2,723963
-8,621892	2,781410	2,637791
-8,593168	2,666515	2,522897
-8,535721	2,656940	2,522897
-8,554870	2,723963	2,484598
-8,487848	2,723963	2,475024
-8,459125	2,723963	2,408002
-8,420826	2,695239	2,427151
-8,411251	2,695239	2,436726
-8,430401	2,810133	2,503747
-8,439975	2,877155	2,599493
-8,459125	2,896305	2,589919
-8,459125	2,829283	2,637791
-8,430401	2,877155	2,733537
-8,487848	2,848432	2,723963
-8,487848	2,896305	2,685664
-8,516571	2,992050	2,618642
-8,526146	2,896305	2,637791
-8,583593	2,915454	2,656940
-8,526146	2,896305	2,666515
-8,535721	2,915454	2,656940
-8,564445	2,886730	2,723963
-8,564445	2,896305	2,676090
-8,564445	2,858006	2,628217
-8,554870	2,867581	2,465449
-8,526146	2,925028	2,551620
-8,516571	2,829283	2,522897
-8,449550	2,810133	2,551620
-8,497422	2,886730	2,532471
-8,535721	2,925028	2,494173
-8,487848	2,838857	2,455875
-8,478273	2,867581	2,542046
-8,478273	2,790984	2,494173
-8,478273	2,877155	2,513322
-8,487848	2,925028	2,503747
-8,478273	2,886730	2,599493
-8,468699	2,819708	2,589919
-8,497422	2,934603	2,561195
-8,497422	2,905879	2,561195
-8,487848	2,925028	2,628217
-8,526146	2,858006	2,532471
-8,545295	2,896305	2,494173
-8,487848	2,925028	2,589919
-8,516571	2,810133	2,522897
-8,564445	2,867581	2,503747
-8,516571	2,925028	2,436726
-8,468699	2,934603	2,494173
-8,449550	2,925028	2,542046
-8,545295	2,877155	2,532471
-8,506997	2,896305	2,570770
-8,506997	2,867581	2,580344
-8,535721	2,915454	2,475024
-8,478273	2,867581	2,436726
-8,487848	2,982476	2,570770
-8,506997	2,886730	2,666515
-8,516571	2,838857	2,599493
-8,478273	2,886730	2,542046
-8,554870	2,800559	2,503747
-8,535721	2,790984	2,436726
-8,478273	2,858006	2,561195
-8,506997	2,848432	2,503747
-8,497422	2,848432	2,484598
-8,516571	2,829283	2,589919
-8,583593	2,800559	2,561195
-8,564445	2,781410	2,484598
-8,535721	2,925028	2,522897
-8,554870	2,896305	2,513322
-8,545295	2,953752	2,570770
-8,545295	2,963326	2,494173
-8,516571	2,848432	2,455875
-8,545295	2,819708	2,570770
-8,574018	2,867581	2,503747
-8,516571	2,896305	2,417577
-8,487848	2,905879	2,484598
-8,564445	2,858006	2,417577
-8,526146	2,829283	2,446300
-8,487848	2,781410	2,551620
-8,516571	2,743112	2,436726
-8,497422	2,743112	2,446300
-8,526146	2,896305	2,561195
-8,526146	2,762261	2,494173
-8,526146	2,829283	2,484598
-8,516571	2,848432	2,446300
-8,535721	2,867581	2,408002
-8,526146	2,867581	2,436726
-8,545295	2,867581	2,436726
-8,526146	2,915454	2,455875
-8,468699	2,867581	2,446300
-8,487848	2,810133	2,475024
-8,583593	2,762261	2,561195
-8,545295	2,829283	2,570770
-8,526146	2,714388	2,561195
-8,545295	2,704813	2,494173
-8,497422	2,589919	2,609068
-8,554870	2,704813	2,628217
-8,487848	2,580344	2,676090
-8,526146	2,618642	2,542046
-8,506997	2,513322	2,494173
-8,506997	2,465449	2,475024
-8,487848	2,360129	2,570770
-8,459125	2,484598	2,503747
-8,430401	2,427151	2,369704
-8,535721	2,197362	2,408002
-8,545295	2,235660	2,542046
-8,526146	2,092041	2,503747
-8,506997	2,015445	2,494173
-8,554870	1,881401	2,503747
-8,554870	1,737783	2,551620
-8,545295	1,680335	2,628217
-8,516571	1,613313	2,513322
-8,554870	1,479270	2,532471
-8,602742	1,373949	2,647366
-8,535721	1,287778	2,580344
-8,459125	1,125011	2,446300
-8,325080	0,981392	2,293107
-8,200611	0,876072	2,379278
-8,229335	0,684581	2,436726
-8,267632	0,416493	2,446300
-8,229335	0,282450	2,436726
-8,315506	0,043086	2,484598
-8,497422	-0,129257	2,580344
-8,660190	-0,359046	2,810133
-8,746361	-0,531388	2,925028
-8,736787	-0,770752	2,925028
-8,794233	-0,933520	2,953752
-8,813383	-1,000542	2,925028
-8,813383	-1,125011	2,790984
-8,727212	-1,412248	2,762261
-8,583593	-1,555866	2,790984
-8,574018	-1,709059	2,743112
-8,506997	-1,910125	2,685664
-8,411251	-2,015445	2,599493
-8,286782	-2,139914	2,704813
-8,171887	-2,360129	2,676090
-8,095291	-2,685664	2,427151
-7,980396	-2,771835	2,360129
-7,999545	-2,886730	2,340980
-7,980396	-3,087796	2,245234
-7,922949	-3,288862	2,111191
-7,846352	-3,432480	2,005870
-7,769756	-3,652695	1,919699
-7,693159	-3,901634	1,852677
-7,559115	-4,026103	1,938848
-7,559115	-4,121848	1,967572
-7,530392	-4,409085	1,833528
-7,358050	-4,677173	1,938848
-7,224006	-5,165475	1,862252
-6,994216	-5,385690	1,680335
-6,955918	-5,653778	1,890976
-6,869747	-5,739949	1,871827
-6,706980	-6,094208	1,756932
-6,534637	-6,189953	1,728208
-6,391019	-6,525063	1,651612
-6,218677	-6,802725	1,479270
-6,065484	-7,214431	1,517568
-5,988888	-7,176133	1,546291
-5,845269	-7,396348	1,498419
-5,759098	-7,252729	1,421822
-5,586756	-7,291028	1,335651
-5,356966	-7,415497	1,067564
-5,165475	-7,587839	0,722879
-4,897388	-7,903800	0,301599
-4,648449	-8,152739	0,406919
-4,485682	-7,961247	0,512239
-4,428234	-8,085716	0,244151
-4,332489	-8,344230	0,071809
-4,294190	-8,765511	-0,349471
-3,930357	-9,119769	-0,426068
-3,710142	-9,311260	-0,435643
-3,528225	-9,474028	-0,569686
-3,480353	-9,263388	-0,837774
-3,365458	-9,234664	-1,019691
-3,221840	-9,464453	-1,393099
-3,020774	-9,675094	-1,460120
-2,915454	-9,646370	-1,575015
-2,714388	-9,541050	-1,776081
-2,570770	-9,426155	-2,092041
-2,455875	-9,330409	-2,072892
-2,350555	-9,110194	-2,522897
-2,111191	-9,502751	-2,762261
-1,871827	-9,387856	-2,972901
-1,823954	-9,301685	-3,250563
-1,622888	-9,196365	-3,384607
-1,565441	-9,091045	-3,920783
-1,507993	-9,244238	-3,978230
-1,287778	-9,024023	-4,045252
-1,125011	-8,870831	-4,255892
-1,077138	-8,957002	-4,389936
-0,828200	-8,727212	-4,342063
-0,607985	-8,296356	-4,610151
-0,607985	-7,606988	-6,812300
-0,483515	-8,286782	-7,587839
-0,052660	-8,621892	-5,893142
0,196278	-7,472944	-5,079304
0,148406	-7,549541	-5,404840
0,100533	-7,405922	-7,051664
0,349471	-7,434646	-7,989971
0,780327	-7,855927	-7,118686
0,828200	-7,348475	-6,706980
0,876072	-6,448466	-6,659107
1,038840	-6,352721	-7,051664
1,211182	-6,371870	-8,468699
1,728208	-6,678256	-8,009120
1,642037	-6,199528	-8,104865
0,665432	-6,046335	-9,579348
1,086713	-6,017611	-9,272962
1,737783	-4,993133	-9,272962
1,938848	-5,414414	-9,148493
1,833528	-5,433563	-9,167642
1,776081	-4,447383	-9,359133
1,890976	-4,083550	-10,153821
2,063318	-4,246317	-9,857010
1,996296	-3,968655	-9,416580
2,139914	-3,566524	-9,521900
2,235660	-3,509076	-9,636795
2,168638	-3,336734	-9,703817
2,302682	-3,202690	-9,617646
2,427151	-2,867581	-9,608071
2,542046	-2,877155	-9,751690
2,561195	-2,886730	-9,684668
2,513322	-2,752686	-9,636795
2,561195	-2,570770	-9,780414
2,666515	-2,494173	-9,981480
2,723963	-2,522897	-9,904882
2,666515	-2,417577	-9,809137
2,599493	-2,379278	-9,665519
2,752686	-2,283533	-9,876159
2,781410	-2,436726	-9,818711
2,695239	-2,178212	-9,646370
2,676090	-2,111191	-9,694242
2,714388	-2,379278	-9,962330
2,743112	-2,216511	-10,029352
2,743112	-2,092041	-10,019777
2,762261	-2,053743	-9,636795
2,733537	-1,900550	-9,435729
2,743112	-1,948423	-9,474028
2,762261	-1,938848	-9,617646
2,781410	-2,082467	-9,761265
2,819708	-2,178212	-9,560199
2,915454	-1,881401	-9,320834
2,867581	-1,785655	-9,359133
2,905879	-2,072892	-9,617646
2,992050	-2,340980	-9,636795
3,030348	-2,206936	-9,579348
2,953752	-2,130340	-9,665519
2,915454	-2,178212	-9,837861
2,886730	-2,178212	-9,761265
2,877155	-2,273958	-9,684668
2,848432	-2,331405	-9,684668
2,790984	-1,833528	-9,521900
2,714388	-1,747357	-9,531475
2,599493	-1,900550	-9,560199
2,618642	-1,699484	-9,397431
2,714388	-1,527142	-9,119769
2,666515	-1,546291	-9,081470
2,618642	-1,814379	-9,426155
2,656940	-2,053743	-9,780414
2,733537	-2,034594	-9,981480
2,666515	-1,785655	-9,904882
2,561195	-1,785655	-9,828286
2,551620	-1,785655	-9,713391
2,580344	-1,718634	-9,608071
2,570770	-1,996296	-9,608071
2,436726	-1,871827	-9,627220
2,484598	-1,843103	-9,732541
2,542046	-2,044169	-9,866585
2,532471	-1,890976	-9,770839
2,513322	-1,814379	-9,579348
2,465449	-2,034594	-9,588923
2,503747	-2,072892	-9,598496
2,589919	-1,977147	-9,569773
2,522897	-1,814379	-9,550624
2,436726	-1,977147	-9,588923
2,532471	-2,005870	-9,493176
2,542046	-1,766506	-9,349558
2,427151	-1,938848	-9,512326
2,494173	-2,149489	-9,636795
2,542046	-1,967572	-9,636795
2,513322	-2,159063	-9,703817
