3,308011	-4,389936	-14,740036
2,245234	-3,499502	-10,153821
2,082467	-3,509076	-9,569773
2,168638	-3,643120	-9,770839
2,111191	-3,384607	-9,789989
2,168638	-3,719717	-9,464453
2,092041	-3,892059	-9,531475
1,977147	-3,978230	-9,675094
1,862252	-4,131423	-9,646370
1,776081	-4,303765	-9,512326
1,699484	-4,504831	-9,349558
1,546291	-4,370787	-9,263388
1,469695	-4,638875	-9,081470
1,383524	-4,686748	-9,043172
1,259055	-4,753769	-9,215514
1,153735	-5,242072	-9,110194
1,048414	-5,270795	-8,880404
0,914371	-5,232497	-8,803808
0,780327	-5,108028	-8,794233
0,665432	-5,213348	-8,832532
0,483515	-5,414414	-8,679339
0,406919	-5,663352	-8,439975
0,272875	-5,538883	-8,210186
0,215428	-5,672927	-8,305931
0,234577	-6,151655	-8,315506
0,071809	-5,941015	-8,459125
-0,215428	-5,625054	-8,593168
-0,397344	-5,615479	-8,305931
-0,598410	-5,768672	-7,731458
-0,761178	-5,883567	-7,760181
-1,000542	-6,314423	-7,817628
-1,067564	-6,716554	-7,463370
-1,096287	-6,477190	-7,492094
-1,393099	-6,247401	-7,674010
-1,632463	-6,429317	-7,597414
-1,795230	-6,391019	-7,482519
-2,025020	-6,649532	-7,348475
-2,120765	-6,975067	-7,271879
-2,312256	-6,908045	-7,118686
-2,580344	-6,802725	-7,319751
-2,781410	-6,955918	-7,080388
-2,915454	-6,955918	-6,812300
-3,470778	-6,955918	-7,156984
-4,772918	-9,205940	-7,846352
-1,393099	-9,521900	-7,137835
-3,576098	-1,594164	-1,986721
-3,106945	-7,319751	-4,906962
-4,418660	-9,541050	-6,304848
-3,997379	-6,448466	-4,447383
-3,911208	-6,821874	-4,188870
-4,275041	-8,152739	-4,121848
-4,370787	-7,951673	-3,815462
-4,322914	-8,152739	-3,738866
-4,552703	-7,855927	-3,375033
-4,830366	-7,472944	-3,126094
-5,069730	-7,195282	-2,685664
-5,328243	-6,917620	-2,388853
-5,481436	-7,291028	-2,168638
-5,558033	-7,291028	-1,709059
-5,644203	-7,252729	-1,498419
-5,893142	-6,908045	-1,278204
-6,161230	-6,362296	-1,125011
-6,410168	-6,697405	-1,057989
-6,601659	-6,505914	-0,732454
-6,553787	-6,611234	-0,339897
-6,697405	-6,304848	-0,454792
-6,927195	-5,969738	-0,234577
-6,994216	-5,950589	-0,090958
-7,099536	-5,806971	0,157980
-7,156984	-5,567607	0,426068
-7,214431	-5,337818	0,493090
-7,243155	-5,385690	0,627134
-7,262304	-5,175050	0,933520
-7,329326	-4,782493	0,770752
-7,530392	-4,456958	0,579261
-7,626137	-4,035677	0,761178
-7,616563	-3,690993	0,933520
-7,693159	-4,169721	0,981392
-7,865501	-3,978230	1,077138
-7,999545	-3,662269	1,220756
-7,999545	-3,671844	1,172884
-8,066567	-3,614397	1,335651
-8,037844	-3,384607	1,421822
-8,095291	-3,442055	1,555866
-8,162313	-3,202690	1,555866
-8,219760	-2,925028	1,651612
-8,258059	-2,800559	1,804805
-8,248484	-2,656940	2,025020
-8,200611	-2,245234	1,890976
-8,325080	-2,283533	1,737783
-8,325080	-1,948423	2,178212
-8,133589	-1,488844	2,446300
-8,286782	-1,402673	2,273958
-8,334655	-1,048414	2,465449
-8,344230	-0,856923	2,379278
-8,497422	-0,694156	2,340980
-8,506997	-0,406919	2,829283
-8,439975	-0,272875	2,905879
-8,593168	-0,071809	3,020774
-8,593168	0,225002	3,231414
-8,602742	0,483515	3,173967
-8,574018	0,397344	3,116519
-8,554870	0,560112	3,308011
-8,506997	0,722879	3,240989
-8,545295	0,885647	2,886730
-8,593168	1,019691	2,838857
-8,468699	1,115436	2,905879
-8,439975	1,019691	2,829283
-8,439975	0,885647	2,752686
-8,420826	0,665432	2,762261
-8,497422	0,732454	2,762261
-8,545295	0,770752	2,676090
-8,564445	0,751603	2,647366
-8,535721	0,655857	2,858006
-8,468699	0,569686	3,001625
-8,545295	0,483515	2,848432
-8,621892	0,550537	2,877155
-8,660190	0,770752	2,704813
-8,698488	0,617559	2,790984
-8,698488	0,617559	2,972901
-8,755936	0,799476	2,781410
-8,803808	0,703730	2,743112
-8,698488	0,607985	2,886730
-8,813383	0,675007	2,925028
-8,909128	0,856923	2,838857
-8,889979	0,770752	2,877155
-8,822957	0,789901	2,953752
-8,803808	0,789901	3,001625
-8,755936	0,732454	2,925028
-8,727212	0,684581	2,982476
-8,755936	0,722879	2,934603
-8,813383	0,799476	2,762261
-8,794233	0,713305	2,790984
-8,698488	0,732454	2,886730
-8,736787	0,713305	2,762261
-8,755936	0,694156	2,790984
-8,698488	0,684581	2,819708
-8,765511	0,627134	2,704813
-8,765511	0,703730	2,666515
-8,717637	0,828200	2,867581
-8,755936	0,655857	2,810133
-8,803808	0,646283	2,867581
-8,755936	0,761178	2,800559
-8,794233	0,770752	2,781410
-8,794233	0,742028	2,838857
-8,803808	0,751603	2,810133
-8,813383	0,732454	2,790984
-8,775084	0,761178	2,944177
-8,775084	0,703730	2,848432
-8,784659	0,732454	2,838857
-8,775084	0,713305	2,972901
-8,794233	0,703730	2,925028
-8,794233	0,617559	2,944177
-8,755936	0,617559	2,934603
-8,736787	0,607985	2,867581
-8,803808	0,722879	2,666515
-8,813383	0,856923	2,628217
-8,794233	0,866498	2,695239
-8,832532	0,550537	2,915454
-8,803808	0,569686	2,925028
-8,842107	0,550537	2,695239
-8,880404	0,675007	2,714388
-8,842107	0,636708	2,733537
-8,909128	0,464366	2,714388
-8,899554	0,627134	2,819708
-8,813383	0,598410	2,867581
-8,822957	0,473941	2,848432
-8,889979	0,579261	2,771835
-8,889979	0,636708	2,790984
-8,813383	0,713305	2,838857
-8,765511	0,684581	2,896305
-8,717637	0,598410	2,944177
-8,755936	0,655857	2,714388
-8,736787	0,665432	2,676090
-8,803808	0,923945	2,609068
-8,755936	0,837774	2,609068
-8,746361	0,531388	2,810133
-8,794233	0,569686	2,781410
-8,813383	0,521814	2,704813
-8,870831	0,454792	2,656940
-8,861256	0,665432	2,704813
-8,842107	0,540963	2,714388
-8,842107	0,560112	2,771835
-8,803808	0,646283	2,781410
-8,822957	0,607985	2,762261
-8,813383	0,627134	2,723963
-8,832532	0,617559	2,733537
-8,794233	0,780327	2,752686
-8,746361	0,751603	2,704813
-8,775084	0,665432	2,733537
-8,765511	0,751603	2,762261
-8,755936	0,617559	2,829283
-8,813383	0,598410	2,848432
-8,794233	0,521814	2,848432
-8,842107	0,493090	2,771835
-8,851681	0,521814	2,695239
-8,870831	0,445217	2,685664
-8,851681	0,454792	2,743112
-8,822957	0,454792	2,733537
-8,909128	0,426068	2,723963
-8,909128	0,502664	2,609068
-8,861256	0,502664	2,685664
-8,861256	0,588835	2,666515
-8,813383	0,521814	2,752686
-8,822957	0,569686	2,743112
-8,794233	0,560112	2,714388
-8,765511	0,598410	2,685664
-8,746361	0,665432	2,676090
-8,755936	0,732454	2,618642
-8,746361	0,588835	2,666515
-8,755936	0,473941	2,829283
-8,775084	0,454792	2,819708
-8,784659	0,368621	2,666515
-8,851681	0,282450	2,685664
-8,822957	0,378195	2,867581
-8,784659	0,406919	2,800559
-8,803808	0,378195	2,771835
-8,803808	0,473941	2,752686
-8,842107	0,301599	2,628217
-8,832532	0,272875	2,618642
-8,813383	0,263300	2,609068
-8,822957	0,196278	2,656940
-8,842107	0,263300	2,637791
-8,813383	0,225002	2,647366
-8,832532	0,253726	2,542046
-8,813383	0,157980	2,427151
-8,822957	0,263300	2,446300
-8,822957	0,110107	2,455875
-8,861256	-0,033511	2,542046
-8,861256	-0,167555	2,427151
-8,851681	-0,100533	2,436726
-8,918703	-0,023936	2,408002
-8,842107	-0,272875	2,398427
-8,813383	-0,473941	2,599493
-8,813383	-0,454792	2,475024
-8,861256	-0,521814	2,465449
-8,842107	-0,263300	2,293107
-8,813383	-0,359046	2,273958
-8,775084	-0,550537	2,388853
-8,708063	-0,722879	2,321831
-8,698488	-0,914371	2,235660
-8,755936	-0,818625	2,206936
-8,755936	-0,885647	2,044169
-8,717637	-1,125011	2,063318
-8,554870	-1,057989	2,120765
-8,497422	-1,326077	2,072892
-8,449550	-1,450546	2,034594
-8,258059	-1,460120	1,996296
-8,181462	-1,555866	1,948423
-8,267632	-1,718634	1,833528
-8,420826	-1,929274	1,795230
-8,420826	-2,139914	1,776081
-8,439975	-2,321831	1,843103
-8,363379	-2,494173	1,948423
-8,325080	-2,800559	1,929274
-8,439975	-3,001625	1,823954
-8,430401	-3,116519	1,747357
-8,382527	-3,212265	1,603739
-8,401677	-3,499502	1,728208
-8,296356	-3,432480	1,795230
-8,143164	-3,748441	1,689910
-8,143164	-3,796313	1,584590
-8,104865	-3,710142	1,507993
-8,133589	-3,786739	1,431397
-8,009120	-4,217594	1,479270
-8,028269	-4,370787	1,546291
-8,056993	-4,466532	1,412248
-7,903800	-4,696322	1,460120
-7,788905	-4,715471	1,402673
-7,760181	-4,859089	1,326077
-7,683585	-5,175050	1,220756
-7,645287	-5,213348	1,134585
-7,492094	-5,423988	1,010116
-7,319751	-5,625054	1,077138
-7,233581	-5,749524	0,971818
-7,319751	-5,730374	0,780327
-7,243155	-5,873993	0,789901
-7,061238	-5,979313	0,770752
-6,879322	-6,084633	0,722879
-6,687830	-6,103782	0,540963
-6,563361	-6,189953	0,253726
-6,687830	-6,199528	0,253726
-6,525063	-6,304848	0,234577
-6,276124	-6,601659	0,062235
-6,122931	-6,697405	0,100533
-5,998462	-6,754852	-0,052660
-6,036760	-6,965493	-0,148406
-5,931440	-6,927195	-0,330322
-5,778247	-7,099536	-0,531388
-5,711226	-7,185708	-0,464366
-5,500585	-7,300602	-0,512239
-5,491010	-7,425072	-0,655857
-5,500585	-7,329326	-0,713305
-5,270795	-7,195282	-0,789901
-5,079304	-7,233581	-0,847349
-4,897388	-7,377199	-0,923945
-4,658024	-7,587839	-1,057989
-4,495256	-7,549541	-1,335651
-4,370787	-7,779330	-1,479270
-4,179296	-8,037844	-1,546291
-4,045252	-8,028269	-1,642037
-3,930357	-8,191036	-2,216511
-3,844186	-8,516571	-2,408002
-3,700568	-8,430401	-2,427151
-3,518651	-8,535721	-2,666515
-3,327160	-8,784659	-3,068647
-3,279287	-8,870831	-3,470778
-3,173967	-8,889979	-3,882484
-2,982476	-9,205940	-4,006954
-2,733537	-9,301685	-4,284616
-2,599493	-9,330409	-4,562278
-2,522897	-9,110194	-4,820791
-2,398427	-9,033598	-5,002708
-2,283533	-9,052747	-5,079304
-2,159063	-8,794233	-5,117602
-2,111191	-8,602742	-5,060155
-1,957998	-8,602742	-5,347392
-1,862252	-8,631466	-5,452712
-1,747357	-8,420826	-5,471861
-1,555866	-8,363379	-5,376116
-1,402673	-8,219760	-5,519734
-1,364375	-8,143164	-5,711226
-1,297353	-8,018694	-5,969738
-1,153735	-8,085716	-5,931440
-1,010116	-7,884651	-6,180379
-0,933520	-8,028269	-6,180379
-0,876072	-7,884651	-6,113357
-0,799476	-7,463370	-6,419743
-0,703730	-7,549541	-6,793150
-0,675007	-7,559115	-6,774002
-0,627134	-7,310177	-6,410168
-0,531388	-7,281453	-6,553787
-0,445217	-7,482519	-6,793150
-0,368621	-7,396348	-6,726129
-0,320748	-7,070813	-6,831449
-0,225002	-7,128260	-7,032515
-0,090958	-7,137835	-6,965493
-0,014362	-6,879322	-6,869747
0,023936	-6,678256	-7,195282
0,071809	-6,783576	-7,377199
0,148406	-6,802725	-7,252729
0,349471	-6,678256	-7,176133
0,464366	-6,620809	-7,511243
0,512239	-6,362296	-7,482519
0,540963	-5,845269	-7,817628
0,617559	-5,586756	-7,865501
0,684581	-5,663352	-8,076141
0,732454	-5,586756	-8,325080
0,780327	-5,510159	-8,516571
0,904796	-5,280370	-8,392102
1,029265	-5,184625	-8,267632
1,412248	-4,543129	-7,760181
0,971818	-3,901634	-9,167642
0,426068	-5,136752	-10,211268
1,287778	-5,529309	-9,215514
1,402673	-4,275041	-9,253813
1,402673	-4,093124	-9,263388
1,335651	-4,045252	-9,205940
1,364375	-3,576098	-9,617646
1,345226	-3,250563	-9,971905
1,440971	-3,576098	-9,512326
1,527142	-3,470778	-9,407005
1,488844	-3,384607	-9,426155
1,440971	-3,260138	-9,876159
1,555866	-3,240989	-9,809137
1,584590	-2,992050	-9,876159
1,651612	-2,723963	-9,943181
1,699484	-2,666515	-9,895308
1,718634	-2,599493	-9,914457
1,795230	-2,800559	-9,732541
1,843103	-2,771835	-9,809137
1,938848	-2,771835	-9,732541
1,890976	-2,580344	-9,952756
1,948423	-2,312256	-9,770839
1,977147	-2,312256	-9,579348
1,977147	-2,331405	-9,655944
2,025020	-2,273958	-9,770839
2,053743	-2,264384	-9,799562
2,005870	-2,321831	-9,684668
2,034594	-2,072892	-9,521900
2,063318	-2,082467	-9,627220
2,168638	-1,957998	-9,789989
2,159063	-2,034594	-9,895308
2,149489	-2,101616	-9,847435
2,159063	-1,977147	-9,675094
2,159063	-1,843103	-9,665519
2,139914	-1,785655	-9,742115
2,197362	-1,823954	-9,904882
2,197362	-1,910125	-9,751690
2,206936	-1,967572	-9,675094
2,254809	-1,957998	-9,732541
2,235660	-1,957998	-9,847435
2,254809	-1,967572	-9,751690
2,321831	-1,881401	-9,703817
2,321831	-1,948423	-9,703817
2,331405	-2,101616	-9,904882
2,388853	-2,187787	-9,837861
2,388853	-2,216511	-9,780414
2,408002	-2,302682	-9,713391
2,408002	-2,273958	-9,646370
2,436726	-2,360129	-9,866585
2,475024	-2,408002	-10,000628
2,408002	-2,331405	-9,933606
2,369704	-2,139914	-9,837861
2,312256	-1,852677	-9,541050
2,245234	-1,594164	-9,320834
2,226085	-1,527142	-9,081470
2,264384	-1,575015	-9,043172
2,398427	-2,101616	-9,205940
2,446300	-2,350555	-9,598496
2,484598	-2,312256	-9,933606
2,408002	-2,168638	-10,115523
2,283533	-1,967572	-10,172971
2,264384	-1,833528	-10,077225
2,283533	-1,900550	-9,933606
2,216511	-1,871827	-9,703817
2,101616	-1,642037	-9,550624
2,120765	-1,709059	-9,521900
2,197362	-1,756932	-9,617646
2,226085	-1,910125	-9,608071
2,216511	-2,025020	-9,665519
2,216511	-1,977147	-9,636795
2,245234	-1,996296	-9,608071
2,206936	-1,957998	-9,512326
2,226085	-1,986721	-9,454879
