1,919699	-0,292024	-10,144247
1,881401	-0,253726	-10,211268
1,948423	-0,368621	-10,268716
1,910125	-0,339897	-10,316589
1,833528	-0,560112	-10,460207
1,833528	-0,809050	-10,565528
1,814379	-1,163309	-10,757019
1,862252	-1,412248	-10,555953
1,881401	-1,067564	-10,326163
1,795230	-1,125011	-10,421909
1,776081	-0,952669	-10,412334
1,642037	-1,469695	-10,584677
1,565441	-2,044169	-10,709146
1,565441	-2,264384	-10,699572
1,527142	-2,216511	-10,153821
1,536717	-1,900550	-9,962330
1,498419	-2,101616	-10,058076
1,383524	-2,168638	-10,125097
1,259055	-2,714388	-10,010203
1,134585	-3,126094	-9,885734
1,134585	-3,394182	-10,144247
1,134585	-3,758015	-9,991054
1,038840	-3,815462	-10,115523
0,971818	-4,571853	-10,048501
0,971818	-4,093124	-9,033598
1,048414	-4,160147	-9,158067
0,732454	-4,916537	-9,857010
0,110107	-5,146326	-9,703817
0,023936	-5,356966	-8,851681
0,244151	-5,644203	-8,755936
0,043086	-5,653778	-8,468699
-0,186704	-5,586756	-8,363379
-0,330322	-6,228251	-8,210186
-0,349471	-6,371870	-8,229335
-0,521814	-6,869747	-8,219760
-0,646283	-6,429317	-7,855927
-0,866498	-6,180379	-7,846352
-1,105862	-6,908045	-7,970821
-1,182458	-7,195282	-7,750607
-1,326077	-7,329326	-7,626137
-1,498419	-7,741032	-7,817628
-1,709059	-7,741032	-7,587839
-2,092041	-7,606988	-7,185708
-2,858006	-8,238910	-7,693159
-7,156984	-8,794233	-10,862339
-0,483515	-8,650616	-3,250563
3,365458	-3,853760	-3,700568
-5,548458	-7,358050	-3,786739
-3,901634	-8,842107	-4,485682
-2,283533	-7,559115	-3,959081
-4,016528	-7,980396	-3,853760
-3,825037	-8,851681	-3,662269
-3,805888	-9,062322	-3,432480
-4,045252	-8,258059	-2,532471
-4,322914	-7,425072	-2,168638
-4,619725	-8,641041	-2,503747
-4,849515	-8,688913	-2,101616
-4,820791	-8,478273	-1,268629
-5,098454	-7,855927	-1,000542
-5,510159	-8,076141	-1,220756
-5,471861	-8,238910	-0,952669
-5,567607	-7,252729	-0,177129
-5,806971	-6,841023	-0,138831
-6,008037	-7,118686	-0,454792
-6,209103	-7,300602	-0,320748
-6,209103	-6,965493	0,234577
-6,295273	-6,458041	0,473941
-6,381444	-5,768672	0,713305
-6,572936	-5,653778	0,588835
-6,639958	-5,414414	0,588835
-6,812300	-5,136752	0,569686
-6,975067	-5,309094	0,780327
-6,994216	-5,165475	1,077138
-7,070813	-4,504831	1,440971
-7,128260	-4,073976	1,498419
-7,367624	-4,169721	1,373949
-7,434646	-3,968655	1,421822
-7,511243	-3,710142	1,326077
-7,539967	-3,978230	1,383524
-7,635712	-3,834611	1,680335
-7,626137	-3,489927	2,063318
-7,597414	-3,365458	2,044169
-7,808054	-3,106945	1,948423
-7,903800	-2,723963	2,063318
-7,942098	-2,695239	1,919699
-8,018694	-2,666515	1,900550
-7,999545	-2,408002	2,350555
-8,009120	-2,178212	2,551620
-8,114440	-1,977147	2,666515
-8,056993	-1,584590	2,637791
-8,114440	-1,507993	2,580344
-8,104865	-1,220756	2,475024
-8,200611	-0,981392	2,484598
-8,066567	-0,655857	2,714388
-8,143164	-0,770752	2,580344
-8,181462	-0,636708	2,465449
-8,124015	-0,234577	2,503747
-8,076141	0,110107	2,417577
-8,047418	0,100533	2,369704
-7,999545	0,272875	2,465449
-8,018694	0,378195	2,159063
-8,095291	0,454792	2,168638
-7,894225	0,751603	2,676090
-7,922949	0,837774	2,762261
-8,009120	0,799476	2,743112
-7,970821	0,904796	2,800559
-7,932523	0,761178	2,992050
-8,047418	0,828200	3,106945
-8,162313	0,876072	3,183541
-8,229335	0,713305	3,078221
-8,286782	0,627134	3,164392
-8,353804	0,694156	3,308011
-8,420826	0,569686	3,317585
-8,487848	0,684581	3,384607
-8,612317	0,665432	3,260138
-8,650616	0,617559	3,231414
-8,574018	0,703730	3,288862
-8,688913	0,646283	3,135669
-8,688913	0,627134	3,030348
-8,612317	0,770752	3,097370
-8,650616	0,828200	3,126094
-8,631466	0,904796	3,231414
-8,593168	1,010116	3,221840
-8,612317	0,923945	3,164392
-8,516571	1,019691	3,145243
-8,497422	1,172884	3,068647
-8,506997	1,096287	3,202690
-8,401677	1,134585	3,231414
-8,516571	1,057989	3,212265
-8,430401	1,105862	3,269712
-8,449550	1,125011	3,260138
-8,478273	1,125011	3,193116
-8,449550	1,134585	3,106945
-8,468699	1,067564	3,059072
-8,411251	1,029265	3,126094
-8,430401	0,943094	3,154818
-8,535721	0,885647	3,068647
-8,535721	0,847349	3,020774
-8,516571	0,761178	2,963326
-8,545295	0,818625	2,915454
-8,564445	0,818625	2,953752
-8,593168	0,847349	2,992050
-8,554870	0,789901	3,011199
-8,535721	0,847349	3,020774
-8,583593	0,971818	2,934603
-8,468699	1,019691	2,867581
-8,430401	0,933520	2,858006
-8,411251	1,086713	2,915454
-8,411251	1,010116	2,819708
-8,468699	1,010116	2,944177
-8,506997	0,981392	3,078221
-8,593168	0,866498	3,193116
-8,574018	0,856923	3,183541
-8,612317	0,828200	3,126094
-8,641041	0,904796	3,183541
-8,631466	0,904796	3,097370
-8,631466	0,904796	3,068647
-8,612317	0,962243	3,116519
-8,660190	0,847349	3,097370
-8,679339	0,885647	3,126094
-8,641041	0,981392	3,097370
-8,641041	0,962243	3,039923
-8,602742	0,933520	3,020774
-8,574018	0,876072	2,972901
-8,554870	0,962243	2,982476
-8,487848	1,000542	3,049498
-8,535721	0,990967	2,925028
-8,478273	0,981392	3,001625
-8,439975	1,029265	3,030348
-8,420826	0,962243	2,934603
-8,420826	0,914371	2,982476
-8,439975	1,048414	2,877155
-8,468699	0,971818	2,944177
-8,459125	1,000542	3,011199
-8,497422	0,885647	3,030348
-8,526146	0,799476	2,982476
-8,564445	0,828200	3,059072
-8,574018	0,799476	3,059072
-8,641041	0,751603	3,078221
-8,650616	0,856923	3,173967
-8,679339	0,866498	3,068647
-8,669765	0,761178	2,992050
-8,650616	0,847349	3,202690
-8,650616	0,799476	3,106945
-8,679339	0,856923	3,049498
-8,621892	0,914371	3,097370
-8,621892	0,895221	2,992050
-8,545295	0,799476	2,905879
-8,487848	0,923945	3,039923
-8,535721	1,010116	2,982476
-8,506997	0,933520	2,963326
-8,478273	0,952669	2,944177
-8,439975	0,943094	2,972901
-8,392102	0,952669	3,001625
-8,344230	0,971818	2,944177
-8,305931	0,914371	3,001625
-8,277207	0,971818	2,953752
-8,277207	0,876072	2,877155
-8,181462	1,010116	2,982476
-8,095291	1,029265	2,925028
-8,076141	0,971818	2,848432
-7,932523	0,990967	2,733537
-7,999545	1,019691	2,695239
-8,056993	0,904796	2,762261
-8,066567	1,048414	2,867581
-8,171887	0,646283	2,829283
-8,181462	0,607985	2,915454
-8,229335	0,416493	2,953752
-8,258059	0,225002	3,020774
-8,325080	0,090958	3,078221
-8,315506	-0,215428	3,030348
-8,325080	-0,502664	3,068647
-8,248484	-0,646283	3,020774
-8,277207	-0,904796	2,867581
-8,286782	-1,105862	2,838857
-8,095291	-1,230331	2,896305
-8,028269	-1,575015	2,695239
-7,970821	-1,661186	2,494173
-7,855927	-1,967572	2,379278
-7,846352	-2,130340	2,283533
-7,808054	-2,398427	2,264384
-7,635712	-2,570770	2,235660
-7,721883	-2,848432	2,005870
-7,721883	-3,068647	1,919699
-7,654861	-3,336734	1,881401
-7,549541	-3,595248	1,852677
-7,453795	-3,748441	1,747357
-7,405922	-3,911208	1,488844
-7,281453	-4,064401	1,440971
-7,252729	-4,217594	1,373949
-7,233581	-4,591002	1,010116
-7,118686	-5,088879	0,952669
-7,003791	-5,098454	1,038840
-6,774002	-5,586756	1,038840
-6,668681	-5,941015	0,971818
-6,639958	-6,075058	0,962243
-6,525063	-6,419743	0,789901
-6,295273	-6,620809	0,722879
-6,113357	-6,716554	0,617559
-5,873993	-6,975067	0,330322
-5,739949	-7,089962	0,244151
-5,586756	-7,291028	0,301599
-5,500585	-7,520817	-0,052660
-5,328243	-7,827203	-0,483515
-5,079304	-7,817628	-0,732454
-4,849515	-8,171887	-0,971818
-4,705896	-8,344230	-1,115436
-4,543129	-8,229335	-1,345226
-4,399510	-8,344230	-1,718634
-4,150572	-8,564445	-2,139914
-3,920783	-8,420826	-2,197362
-3,681418	-8,430401	-2,120765
-3,556949	-8,392102	-2,072892
-3,288862	-8,784659	-2,580344
-3,260138	-8,870831	-3,039923
-2,982476	-8,803808	-3,126094
-2,656940	-8,775084	-3,269712
-2,532471	-8,880404	-3,729291
-2,379278	-8,947427	-4,026103
-2,149489	-8,621892	-4,380362
-1,814379	-8,535721	-4,610151
-1,622888	-8,602742	-5,050581
-1,546291	-8,621892	-5,538883
-1,460120	-8,305931	-6,218677
-1,230331	-8,564445	-6,639958
-1,230331	-7,961247	-6,218677
-0,780327	-7,635712	-6,132506
-0,742028	-7,444221	-6,649532
-0,445217	-7,252729	-7,061238
-0,148406	-7,118686	-7,760181
-0,282450	-7,051664	-8,162313
-0,177129	-6,697405	-7,932523
0,052660	-6,400594	-7,875076
0,090958	-6,256975	-8,277207
0,282450	-5,682502	-8,966576
0,540963	-5,289945	-9,588923
0,550537	-5,280370	-9,330409
0,426068	-4,954835	-9,129343
0,598410	-4,906962	-9,598496
0,684581	-4,600576	-10,010203
0,742028	-4,255892	-10,469782
0,885647	-3,978230	-10,431483
0,809050	-3,700568	-10,134672
0,799476	-3,595248	-9,885734
0,943094	-3,116519	-9,770839
0,952669	-2,676090	-10,077225
0,933520	-2,810133	-10,326163
1,096287	-2,723963	-10,048501
1,192033	-2,475024	-9,943181
1,153735	-2,455875	-10,153821
1,182458	-2,293107	-10,287866
1,239906	-2,398427	-10,393186
1,326077	-2,120765	-10,239992
1,421822	-1,986721	-10,115523
1,364375	-1,747357	-10,230418
1,345226	-1,546291	-10,393186
1,364375	-1,364375	-10,287866
1,383524	-1,278204	-10,134672
1,421822	-1,287778	-10,134672
1,421822	-1,115436	-10,172971
1,431397	-0,933520	-10,220843
1,488844	-0,770752	-10,125097
1,402673	-0,751603	-9,952756
1,402673	-0,885647	-9,991054
1,431397	-0,952669	-10,077225
1,402673	-1,000542	-10,144247
1,479270	-0,952669	-10,211268
1,488844	-0,732454	-10,172971
1,373949	-0,847349	-10,144247
1,412248	-1,192033	-10,010203
1,527142	-1,220756	-9,952756
1,546291	-1,048414	-10,182545
1,536717	-1,172884	-10,287866
1,527142	-1,048414	-10,345312
1,603739	-1,029265	-10,441058
1,603739	-1,201607	-10,584677
1,603739	-1,086713	-10,517654
1,555866	-1,029265	-10,172971
1,555866	-1,000542	-9,847435
1,613313	-1,010116	-9,780414
1,651612	-1,010116	-9,837861
1,651612	-0,990967	-9,952756
1,575015	-0,914371	-9,885734
1,575015	-1,038840	-9,789989
1,575015	-1,096287	-9,732541
1,565441	-1,010116	-9,684668
1,450546	-0,981392	-9,751690
1,460120	-1,105862	-9,933606
1,517568	-1,220756	-10,125097
1,460120	-1,211182	-10,144247
1,479270	-1,220756	-10,010203
1,469695	-1,077138	-10,000628
1,460120	-0,981392	-10,010203
1,469695	-0,828200	-9,991054
1,393099	-0,866498	-10,096374
