-0,428627	0,340295	0,207160
-0,375470	0,356514	0,463568
-0,336765	0,327349	0,641874
-0,259830	0,256130	0,930089
-0,221279	0,306418	0,915507
-0,370468	0,535320	1,036946
-0,532922	0,583395	1,592826
-0,677253	0,526091	1,382476
-0,960309	0,794372	1,176855
-1,050766	0,714977	1,773699
-0,975647	0,619870	1,489833
-1,043872	0,854074	1,586434
-0,962466	0,695699	2,186604
-0,951943	0,844828	1,716715
-0,990436	1,115438	2,336800
-0,822037	0,982365	2,696881
-0,802234	1,268570	2,520470
-0,573794	1,189148	3,301580
-0,282827	0,876624	3,087542
-0,101762	0,797063	3,366421
0,303576	0,222025	3,893112
0,620192	-0,005302	3,185364
0,844750	-0,038714	3,346033
1,136445	-0,362331	2,956478
1,170606	-0,061935	2,055843
1,360728	0,141980	2,193430
1,688094	0,090610	1,377413
1,821654	0,284133	0,670973
2,048217	-0,091602	0,806847
2,216052	-0,418045	0,075653
2,055361	-0,331567	0,114159
1,809963	-0,542976	0,218695
1,293783	-0,409491	-0,648653
0,776457	-0,330461	-0,630007
0,544542	-0,771937	-0,788441
0,156959	-0,844527	-1,620035
-0,134931	-1,060607	-1,539278
-0,244895	-1,247838	-1,554165
-0,355840	-1,085417	-2,007553
-0,120915	-1,326109	-1,747791
-0,134073	-1,193041	-2,617348
-0,074702	-1,271425	-2,509516
-0,022408	-1,557277	-2,928902
-0,329182	-1,543661	-3,811249
-0,731644	-1,402519	-4,670349
-1,132153	-1,145953	-5,259949
-1,573228	-0,715652	-4,898450
-1,611964	-0,375244	-4,351634
-1,155501	-0,384472	-3,677632
-0,485778	-0,638938	-3,011051
0,041370	-0,876018	-2,516104
0,443948	-0,985251	-2,309771
0,787068	-1,069756	-2,253871
1,028055	-1,048297	-2,147860
1,067610	-0,964090	-2,162648
0,969005	-0,842146	-2,310477
0,840329	-0,729259	-2,304241
0,675132	-0,645663	-2,222629
0,561175	-0,620912	-2,284719
0,469057	-0,609743	-2,277885
0,280433	-0,569191	-2,325091
0,041424	-0,503241	-2,540017
-0,169888	-0,470586	-2,779011
-0,227841	-0,405204	-2,750894
-0,203343	-0,340435	-2,644111
-0,363785	-0,201486	-2,543377
-0,518005	-0,081697	-2,323923
-0,679675	-0,106544	-2,293929
-0,697927	-0,174298	-2,377184
-0,698161	-0,195945	-2,252260
-0,829562	-0,114617	-2,166688
-0,929885	0,068243	-2,033107
-0,963207	0,204948	-1,859200
-0,932419	0,246320	-1,611860
-0,773706	0,260264	-1,420689
-0,678340	0,326009	-1,239981
-0,646102	0,417863	-0,970916
-0,540832	0,455921	-0,850475
-0,478625	0,490189	-0,649728
-0,466225	0,472595	-0,372297
-0,362445	0,427881	-0,144615
-0,198013	0,347090	0,074884
-0,122021	0,288207	0,195906
-0,127305	0,299523	0,371239
-0,143982	0,308564	0,636969
-0,085498	0,345496	0,873491
0,080039	0,379827	0,955458
0,139690	0,368022	0,885985
0,127072	0,302083	0,647497
0,194553	0,195695	0,526616
0,216934	0,074195	0,319779
0,113220	0,217376	0,061414
0,068542	0,303186	-0,207522
0,187952	0,293305	-0,486843
0,283479	0,285401	-0,680612
0,146339	0,368140	-0,628767
-0,194172	0,532024	-0,723277
-0,320059	0,506064	-0,681087
-0,053972	0,182671	-0,478793
-0,155226	0,162409	-0,052639
-0,605895	0,422981	0,153262
-0,525902	0,344134	0,253811
0,062909	-0,124045	0,439597
0,190146	-0,105938	0,997149
-0,267341	0,368228	1,262197
-0,176532	0,380776	1,420609
-0,051198	0,314191	1,639258
0,074923	0,307859	1,773968
0,479396	0,118919	1,658603
0,678488	0,097052	1,383376
0,606950	0,224163	1,078930
0,485560	0,483871	0,710874
0,204574	0,777832	0,234470
-0,277833	1,346277	-0,197409
-0,441566	1,722493	-0,520891
-0,258453	1,857792	-0,712636
-0,283373	1,978482	-1,108329
-0,585830	2,201450	-1,445940
-0,246484	1,870340	-1,257314
0,715484	1,091169	-0,809525
1,214038	0,792491	-0,491517
1,263320	0,995992	-0,051319
1,156225	1,301494	0,602499
1,103105	1,377340	0,867949
1,280885	1,279045	0,737450
1,452784	1,202325	0,741279
1,472518	1,241499	0,936834
1,439464	1,358079	0,961113
1,423556	1,461866	0,951800
1,488393	1,407005	0,938613
1,658061	1,270209	1,048730
1,720064	1,404033	1,061164
1,820412	1,844357	1,051959
2,017524	2,161180	0,927761
2,300677	2,221192	0,641647
2,411318	2,160035	0,153235
2,311171	2,191542	-0,482661
2,247337	2,183226	-0,905196
2,160834	2,025267	-1,069885
2,070549	1,935289	-1,014880
2,120917	1,929396	-0,679738
2,367107	2,041502	-0,212431
2,678988	2,148436	0,310805
2,868155	2,220579	0,695885
2,941912	2,351072	1,162921
3,038271	2,415245	1,703176
2,952553	2,384211	2,133476
2,577520	2,232027	2,282355
2,181730	2,080591	2,145745
2,109301	1,836849	1,980915
2,304189	1,700277	1,927578
2,528092	1,618803	1,798728
2,699561	1,534458	1,463872
2,804169	1,455496	0,964250
2,976917	1,522564	0,639234
3,377518	1,271688	0,122569
3,462414	0,638103	-0,854838
3,115658	0,090061	-1,924068
2,325888	-0,422104	-2,862765
1,327274	-0,820362	-3,357070
0,425919	-1,144705	-3,475744
-0,045202	-1,490374	-3,181865
-0,434563	-1,763075	-2,374068
-0,905024	-1,720751	-1,293993
-1,307247	-1,589199	-0,454848
-1,555283	-1,622837	0,089112
-1,908850	-1,702408	0,360511
-2,361223	-1,649231	0,473235
-2,718325	-1,523363	0,567248
-2,870899	-1,417897	0,634804
-2,917301	-1,315311	0,729071
-2,849063	-1,204520	0,937591
-2,646047	-1,110149	1,219335
-2,488420	-1,115086	1,528056
-2,360401	-1,152555	1,792269
-2,141140	-1,217978	2,039064
-1,818258	-1,223370	2,312160
-1,565702	-1,296652	2,378366
-1,534117	-1,352397	2,148823
-1,445641	-1,455417	1,912503
-1,187164	-1,628798	1,780918
-0,944946	-1,809654	1,635427
-0,933117	-1,963910	1,480717
-1,061582	-2,018370	1,296634
-1,108787	-2,010216	1,145523
-1,235626	-1,985504	1,029419
-1,370618	-1,917847	0,909729
-1,461374	-1,852221	0,750769
-1,566536	-1,865810	0,543157
-1,708124	-1,896786	0,229581
-1,997615	-1,821970	-0,181215
-2,327840	-1,669233	-0,573061
-2,512541	-1,579588	-0,942067
-2,531004	-1,614183	-1,215262
-2,538121	-1,648561	-1,397417
-2,455717	-1,610939	-1,209877
-2,256664	-1,516681	-0,783063
-2,050497	-1,413504	-0,297007
-1,910466	-1,449711	0,193351
-1,789811	-1,507401	0,555951
-1,677015	-1,429065	0,680344
-1,597312	-1,261050	0,656323
-1,556537	-1,171645	0,427378
-1,742263	-1,046484	-0,084270
-1,933947	-0,907097	-0,641061
-2,027919	-0,843475	-1,090339
-2,160544	-0,771509	-1,525408
-2,208232	-0,686152	-1,973061
-2,132418	-0,660982	-2,425995
-2,021023	-0,657106	-2,795044
-2,016171	-0,579323	-3,044324
-2,057297	-0,390668	-3,166160
-1,991553	-0,286680	-3,191815
-1,883428	-0,302122	-3,081138
-1,726054	-0,373863	-2,908318
-1,465108	-0,388153	-2,586188
-1,153898	-0,354578	-2,225054
-0,962377	-0,308564	-2,069252
-0,869511	-0,278456	-1,912067
-0,802859	-0,281175	-1,793972
-0,745718	-0,301564	-1,802927
-0,731608	-0,317862	-2,033235
-0,739473	-0,272478	-2,253859
-0,726613	-0,187343	-2,373876
-0,679935	-0,111569	-2,432523
-0,606192	-0,095957	-2,438267
-0,498369	-0,103584	-2,380607
-0,485842	-0,084784	-2,300970
-0,507423	-0,024724	-2,114677
-0,463397	-0,011161	-1,884234
-0,395620	0,050446	-1,535158
-0,329900	0,124634	-1,176405
-0,249552	0,157166	-0,883665
-0,145064	0,156385	-0,615953
-0,091149	0,133726	-0,431472
0,029558	0,112718	-0,329858
0,121327	0,144764	-0,254304
0,148771	0,201053	-0,280066
0,130516	0,213504	-0,361956
0,079511	0,232094	-0,427467
-0,041739	0,322626	-0,420502
-0,137773	0,455391	-0,414929
-0,144703	0,522321	-0,453574
-0,136832	0,496397	-0,602276
-0,146807	0,476597	-0,675278
-0,166286	0,527811	-0,566076
-0,185702	0,570686	-0,381035
-0,212734	0,676813	-0,163092
-0,181674	0,809602	0,085005
-0,094583	0,965626	0,361058
-0,096735	1,085672	0,635527
-0,050569	1,136677	0,832115
0,101280	1,081729	1,124420
0,291706	0,993716	1,508618
0,397134	1,047793	1,859079
0,430708	1,172475	2,056124
0,383836	1,261674	2,128530
0,334840	1,320582	2,159635
0,293727	1,299715	2,172069
0,227327	1,228432	2,145626
0,253688	1,118744	2,127353
0,381076	1,082703	2,251590
0,428408	1,219543	2,391201
0,336013	1,482251	2,332431
0,175915	1,741245	2,114932
0,107224	1,739688	1,886355
0,129822	1,620632	1,691054
0,057898	1,602963	1,476378
-0,023592	1,621385	1,237609
0,007934	1,678272	1,043713
0,073388	1,636624	0,908713
0,066377	1,480722	0,773894
0,095240	1,379939	0,702441
0,160457	1,268673	0,778383
0,254782	1,081980	0,885109
0,338860	0,905806	1,041363
0,409955	0,822325	1,261179
0,497470	0,949962	1,489693
0,602920	1,122921	1,622711
0,794543	1,149253	1,664966
1,063711	0,977825	1,670986
1,337481	0,607956	1,688254
1,476991	0,270886	1,653240
1,437294	0,138181	1,537106
1,333709	0,124912	1,329282
1,259460	0,075992	1,122801
1,341797	-0,025401	0,924107
1,450769	-0,060543	0,799613
1,508260	0,007107	0,594683
1,552323	0,019089	0,497768
1,630677	-0,054639	0,357040
1,781470	-0,139476	0,269348
2,106084	-0,263851	0,419470
2,362907	-0,299191	0,532854
2,492706	-0,315012	0,579505
2,669336	-0,432051	0,680048
2,830745	-0,568772	0,679072
2,958907	-0,776808	0,685946
2,965673	-0,902038	0,644533
3,008440	-0,991698	0,521364
3,137465	-1,062475	0,256202
3,364220	-1,101848	0,023004
3,658637	-1,150582	-0,126201
3,718914	-1,068903	-0,434237
3,472165	-0,876192	-0,942117
3,059288	-0,762245	-1,647199
2,599701	-0,768781	-2,443992
2,137232	-0,807517	-3,158050
1,665730	-0,827007	-3,631604
1,277029	-0,718112	-3,759531
0,949797	-0,699942	-3,576485
0,630552	-0,688286	-3,351520
0,254491	-0,679914	-3,090152
-0,018587	-0,702915	-2,622475
-0,139369	-0,798880	-2,049140
-0,176620	-0,939812	-1,519598
-0,214074	-1,068841	-0,970512
-0,198078	-1,125142	-0,337786
-0,157511	-1,068656	0,215306
-0,192085	-1,073284	0,575431
-0,225494	-1,044418	0,635601
-0,309681	-0,997375	0,512314
-0,390446	-0,940600	0,301636
-0,437808	-0,879848	0,010510
-0,531252	-0,816892	-0,368923
-0,701772	-0,723423	-0,737582
-0,875528	-0,626615	-1,021987
-0,989644	-0,564500	-1,267700
-1,137444	-0,476502	-1,453735
-1,196296	-0,414722	-1,514453
-1,218487	-0,412222	-1,555374
-1,252512	-0,369048	-1,586194
-1,224190	-0,315343	-1,611801
-1,124921	-0,312613	-1,547058
-1,016783	-0,310418	-1,512500
-0,892906	-0,338361	-1,428347
-0,767962	-0,294627	-1,323684
-0,701516	-0,231868	-1,122155
-0,629206	-0,175924	-0,891023
-0,573275	-0,179045	-0,586402
-0,521828	-0,164305	-0,318768
-0,429914	-0,144848	-0,024203
-0,353501	-0,111093	0,243992
-0,307703	-0,098445	0,396304
-0,248079	-0,103658	0,589028
-0,294228	-0,030253	0,676167
-0,380951	0,036125	0,680753
-0,454163	0,119879	0,637498
-0,541455	0,153374	0,472657
-0,591184	0,090131	0,375245
-0,627134	0,096042	0,347120
-0,698033	0,120889	0,346653
-0,793058	0,174287	0,314676
-0,863328	0,186354	0,312068
-0,858265	0,185472	0,334896
-0,822598	0,154127	0,376132
-0,658079	0,103197	0,443594
-0,537950	0,088295	0,532048
-0,449525	0,061065	0,609513
-0,385474	0,064172	0,646583
-0,374456	0,038886	0,702106
-0,435551	-0,006245	0,681399
-0,460489	-0,045218	0,674404
-0,465120	-0,076396	0,652524
-0,427638	-0,124313	0,660886
-0,317220	-0,178943	0,762388
-0,226005	-0,180508	0,835911
-0,155902	-0,132907	0,902408
-0,189846	-0,018227	0,870364
-0,213168	0,102264	0,714492
-0,225112	0,057861	0,667358
-0,240429	-0,049476	0,640197
-0,284275	-0,109490	0,661548
-0,418008	-0,122065	0,675771
-0,556587	-0,060311	0,687138
-0,677984	-0,004194	0,685697
-0,771269	0,078054	0,643370
-0,799937	0,074894	0,608556
-0,696456	0,057999	0,648685
-0,637609	-0,008191	0,707608
-0,603935	-0,001767	0,689634
-0,587530	0,033059	0,771971
-0,527495	0,040815	0,900096
-0,459337	0,012547	1,086861
-0,345448	-0,063705	1,303327
-0,275394	-0,169714	1,455418
-0,219363	-0,209514	1,565604
-0,172622	-0,172408	1,629802
-0,145751	-0,123559	1,632333
-0,157788	-0,159174	1,614241
-0,197092	-0,228853	1,764488
-0,194063	-0,347804	2,052277
-0,204103	-0,411361	2,416589
-0,104859	-0,463171	2,702278
-0,041749	-0,469169	3,023736
-0,055421	-0,475897	3,283784
-0,153516	-0,399870	3,484144
-0,331590	-0,262438	3,696154
-0,549708	-0,156325	3,745094
-0,736641	-0,095360	3,644427
-0,940778	0,035760	3,482485
-1,078233	0,144477	3,287819
-1,123084	0,323406	2,964483
-1,154168	0,546030	2,470232
-1,066987	0,700178	1,945534
-0,897645	0,667406	1,465447
-0,760242	0,570314	1,223114
-0,695352	0,415077	1,220789
-0,661628	0,213311	1,336714
-0,539837	0,027949	1,613341
-0,397385	-0,014994	1,984033
-0,429004	0,126872	2,257599
-0,480154	0,289205	2,338551
-0,509575	0,306059	2,132290
-0,465118	0,303270	1,632090
-0,320386	0,256019	0,984846
-0,193100	0,256536	0,400011
-0,167884	0,332597	-0,097532
-0,197515	0,436549	-0,566441
-0,221220	0,397115	-0,968388
-0,154954	0,263114	-1,331118
0,035973	0,138665	-1,463295
0,236603	0,036225	-1,336309
0,398047	-0,002624	-0,974236
0,464971	-0,064343	-0,537104
0,448588	-0,234397	-0,111727
0,414412	-0,412567	0,422972
0,368883	-0,451684	1,007799
0,240517	-0,372834	1,402870
0,064081	-0,250391	1,533148
0,028279	-0,253939	1,413261
0,098282	-0,270192	1,099005
0,148535	-0,221890	0,591900
0,192571	-0,145908	-0,040751
0,276640	-0,081302	-0,657967
0,350597	-0,061208	-1,220697
0,369552	-0,063334	-1,641182
0,435461	-0,092806	-1,888519
0,495854	-0,106801	-1,904419
0,549906	-0,066288	-1,901818
0,522286	-0,074100	-1,887287
0,405377	-0,131106	-1,815335
0,316636	-0,204482	-1,752012
0,240870	-0,254565	-1,572081
0,249190	-0,272609	-1,357262
0,215636	-0,234359	-1,113580
0,224218	-0,219091	-0,825751
0,339311	-0,234660	-0,640484
0,424684	-0,296896	-0,465464
0,488184	-0,304558	-0,393440
0,459505	-0,281000	-0,480426
0,386757	-0,253523	-0,605569
0,320892	-0,220055	-0,688435
0,220325	-0,174127	-0,760489
0,128372	-0,179524	-0,757781
0,075891	-0,166605	-0,774780
0,027192	-0,128499	-0,747192
0,002601	-0,129618	-0,721302
-0,051557	-0,130501	-0,658438
-0,084337	-0,137921	-0,530583
-0,122059	-0,130454	-0,459904
-0,160855	-0,101483	-0,432083
-0,176572	-0,113754	-0,393555
-0,132640	-0,114942	-0,512121
-0,122384	-0,079502	-0,532280
-0,103657	-0,062649	-0,500531
-0,058987	-0,038621	-0,477036
0,051455	-0,034729	-0,415150
0,117776	0,003820	-0,384793
0,193818	0,011674	-0,384446
0,234546	0,015077	-0,403321
0,283401	-0,003259	-0,368629
0,312915	0,009844	-0,244146
0,237881	0,024159	-0,172331
0,149130	0,057633	-0,033483
0,075249	0,036524	0,051742
-0,018329	0,018684	0,067260
-0,133413	-0,002289	0,103601
-0,220695	-0,045886	0,106818
-0,273285	-0,023293	0,145794
-0,248315	-0,019599	0,238266
-0,273359	-0,011846	0,348620
-0,241661	-0,000859	0,496291
-0,138751	-0,031327	0,614428
-0,049709	-0,019324	0,607424
-0,017734	-0,048968	0,555848
0,026987	-0,026735	0,468616
0,045540	0,006395	0,359573
0,012482	0,026185	0,233069
-0,041724	0,005616	0,044720
-0,063066	0,031312	-0,159585
-0,036085	0,055701	-0,332612
0,019008	0,076153	-0,380054
0,107149	0,079123	-0,425674
0,084755	0,073833	-0,392248
0,079303	0,073434	-0,283158
0,110366	0,002241	-0,151819
0,140966	-0,035561	-0,000789
0,153948	-0,009284	0,135356
0,121254	0,005012	0,173409
0,077838	0,004974	0,202888
0,028762	0,001110	0,134539
0,014379	0,000888	0,106679
0,010551	0,015066	0,158122
0,012274	0,041740	0,181087
-0,023701	0,019989	0,177426
-0,052482	0,031311	0,217600
-0,026665	-0,001758	0,324434
-0,063471	-0,017691	0,442470
-0,119722	0,003084	0,534982
-0,130263	-0,007115	0,540033
-0,109947	0,012508	0,568965
-0,151166	-0,027347	0,566268
-0,182224	-0,016128	0,431945
-0,184085	0,015833	0,303417
-0,160684	0,021284	0,034922
-0,097895	0,027562	-0,230644
-0,025643	0,035453	-0,449787
0,025458	0,081036	-0,686404
0,094097	0,073447	-0,854616
0,134664	0,075994	-0,916408
0,185295	0,052177	-0,878695
0,234430	0,072393	-0,798733
0,290022	0,028227	-0,751987
0,305748	0,042687	-0,617873
0,318341	0,057136	-0,435876
0,258506	0,019854	-0,221333
0,145513	0,014919	0,012558
0,062785	-0,020621	0,188171
0,016708	-0,055767	0,352612
-0,036439	-0,088657	0,504271
-0,114380	-0,099661	0,508763
-0,168116	-0,054826	0,520975
-0,172798	-0,041945	0,442635
-0,151654	-0,018236	0,319635
-0,130894	-0,059596	0,255709
-0,097061	-0,071627	0,134657
-0,020178	-0,059218	0,058873
0,046101	-0,034923	-0,017061
0,101041	-0,039425	-0,057704
0,117234	-0,043992	-0,137142
0,110059	-0,045728	-0,198776
0,066978	-0,023179	-0,207862
0,023895	-0,013746	-0,136602
-0,015357	-0,007176	-0,026921
-0,014202	-0,022977	0,125948
-0,025729	-0,047105	0,203224
-0,055056	-0,033863	0,274628
-0,023940	-0,031876	0,324097
-0,017235	-0,019751	0,256396
-0,015705	-0,021550	0,220437
-0,044156	-0,014359	0,229987
-0,052573	-0,004786	0,142803
-0,144524	-0,014364	0,073069
-0,181696	-0,025859	0,003865
-0,160689	0,005167	-0,092672
-0,130468	0,007015	-0,171819
-0,075639	-0,005887	-0,197795
0,026635	0,021145	-0,205160
0,116120	0,003512	-0,191899
0,126417	0,016213	-0,127665
0,161473	0,011054	-0,070528
0,196207	0,002141	0,001036
0,113875	-0,041378	-0,017372
0,041295	-0,035019	-0,042621
-0,001437	-0,011731	-0,058046
-0,040419	-0,018003	-0,101015
-0,105114	0,009536	-0,082728
-0,131015	0,016247	-0,079598
-0,138332	0,015866	-0,166144
-0,157590	-0,002627	-0,228680
-0,101182	-0,000185	-0,252866
-0,050293	-0,001100	-0,217612
0,003820	-0,001844	-0,090765
0,067216	0,015761	-0,015154
0,100697	0,020275	0,078856
0,169632	-0,030704	0,157896
0,214234	-0,043716	0,190477
0,163721	-0,020617	0,127480
0,097456	-0,026064	0,028241
0,032958	-0,032351	-0,054971
-0,018641	-0,009596	-0,092817
-0,083870	0,000941	-0,115440
-0,107319	-0,003080	-0,169928
-0,092556	-0,003416	-0,140727
-0,058725	-0,011351	-0,147055
-0,061348	-0,010998	-0,041985
-0,016510	-0,006882	0,186676
0,004028	-0,034241	0,342786
0,034827	-0,053247	0,443748
0,025945	-0,087605	0,529290
-0,026168	-0,068167	0,446419
-0,062121	-0,080401	0,319781
-0,123439	-0,049953	0,300844
-0,154293	0,010795	0,281850
-0,107151	0,003850	0,111515
-0,079019	0,006913	-0,035288
-0,078535	0,043836	-0,130696
-0,018785	0,070506	-0,271195
0,006041	0,079391	-0,291651
0,045055	0,026159	-0,274508
0,073398	-0,012594	-0,258863
0,061599	0,003329	-0,285631
0,021496	0,047682	-0,269679
0,016245	0,055382	-0,212874
-0,030095	0,025153	-0,104223
-0,021207	0,033526	-0,047941
-0,032286	0,031606	-0,033555
-0,048814	0,018583	0,002844
-0,081190	0,004332	-0,001558
-0,072618	0,009215	0,031310
-0,085866	0,003539	0,065270
-0,081144	0,009533	0,106806
-0,041929	-0,021097	0,105562
-0,013426	-0,014009	0,096889
0,014149	-0,009291	0,066024
0,041971	0,018422	0,076757
0,049861	0,001334	0,069072
0,137570	0,023088	0,070578
0,194333	0,003151	0,034441
0,225376	0,014008	0,020851
0,207108	-0,004114	-0,020673
0,154199	0,008208	-0,064426
0,124312	0,007519	-0,129105
0,093712	0,020382	-0,065943
0,127643	0,013437	0,015239
0,103066	-0,045757	0,068698
0,105439	-0,053842	0,154555
0,085303	-0,042121	0,211755
0,048138	0,011311	0,220160
0,031808	-0,001486	0,214434
0,029280	-0,044280	0,241457
-0,009144	-0,034472	0,228602
-0,050406	-0,017995	0,183834
-0,070977	-0,021098	0,101108
-0,067316	-0,015926	0,010013
-0,050972	0,015030	-0,078184
-0,098248	0,038843	-0,133410
-0,057529	0,011921	-0,181435
-0,088162	0,021988	-0,240911
-0,075315	0,016626	-0,253057
-0,067906	-0,002019	-0,249381
-0,007401	-0,008317	-0,190886
0,035254	0,006750	-0,134508
0,029167	0,012114	-0,098989
0,051105	0,018309	-0,025553
0,037051	0,019433	0,013066
-0,008665	-0,005523	0,055472
-0,027049	-0,024536	0,109503
-0,012057	-0,017712	0,118242
0,018126	-0,002671	0,105128
0,004930	0,012231	0,100387
-0,052562	0,028938	0,049658
-0,098556	-0,004633	-0,006246
-0,142053	-0,030513	-0,042337
-0,166316	-0,005258	-0,090376
-0,140706	0,006329	-0,134544
-0,078092	-0,016006	-0,115301
-0,024168	-0,026209	-0,000310
-0,018382	-0,007564	0,083077
-0,019491	-0,015633	0,158393
-0,018462	-0,024958	0,180352
0,001515	-0,013252	0,175886
-0,009323	-0,046039	0,138792
0,003076	-0,035879	0,112950
0,007246	-0,021037	0,041520
0,098693	0,006156	-0,035742
0,107677	0,006842	-0,164579
0,070822	0,007390	-0,316503
0,036553	0,010697	-0,369083
-0,013861	0,028662	-0,376663
-0,059929	0,021013	-0,312830
-0,091034	0,014906	-0,210994
-0,096777	0,006176	-0,142941
-0,054436	-0,023795	-0,037741
-0,001410	-0,019988	0,098140
0,030476	0,007948	0,135018
0,011929	0,018809	0,153986
-0,032595	-0,015592	0,081050
-0,050014	-0,026841	0,064840
-0,056295	0,007250	0,020268
-0,060356	-0,000902	-0,001021
-0,050201	-0,028492	0,035572
0,014429	-0,014176	-0,007932
0,080500	-0,019959	-0,032212
0,096004	-0,018836	-0,045875
0,094992	-0,005498	-0,106609
0,083660	0,008052	-0,032615
0,071713	0,016024	0,075422
0,035349	0,000368	0,226976
-0,029192	-0,022691	0,277346
-0,081764	-0,017201	0,262098
-0,091266	-0,020463	0,226915
-0,102700	-0,018286	0,184402
-0,107062	0,001655	0,072826
-0,025323	0,004193	0,032407
0,043914	0,011020	-0,002810
0,068652	0,013601	-0,076942
0,069277	0,021416	-0,182220
0,075539	0,023834	-0,245374
0,062347	0,043017	-0,224071
0,054663	-0,001023	-0,188839
0,025530	0,013549	-0,139585
0,000319	0,018493	-0,078147
0,027074	0,010974	-0,066339
0,036979	0,017397	-0,085639
0,028619	0,007204	-0,033074
0,070783	0,021095	0,049200
0,024070	0,018793	0,098735
0,026910	0,002583	0,217855
-0,010076	-0,036239	0,252812
-0,048283	-0,031872	0,198417
-0,051077	-0,020713	0,127130
-0,072466	0,003547	0,026045
-0,072328	0,007623	-0,075892
-0,025306	0,026215	-0,132540
0,014228	0,047779	-0,128054
-0,000105	0,048758	-0,173317
0,031520	0,003581	-0,095551
0,063522	-0,001932	-0,017065
0,033581	-0,005367	0,038057
0,004831	-0,001425	0,054397
-0,007622	0,009395	0,045434
-0,028119	0,007516	0,019098
-0,030161	0,012714	0,036348
-0,028914	-0,010898	0,091334
-0,031749	0,020969	0,154464
-0,011044	0,022525	0,161877
-0,005954	0,007485	0,172605
0,034494	-0,010296	0,140000
0,038130	-0,010153	-0,026867
0,052538	-0,011956	-0,094272
0,039149	-0,035419	-0,163527
0,037069	-0,029287	-0,195947
0,020085	0,000508	-0,172077
0,056290	-0,009164	-0,122342
0,028748	0,001287	-0,008811
-0,020105	0,011564	0,056159
-0,032356	0,005418	0,173260
-0,045037	-0,033971	0,184579
-0,044648	-0,045377	0,119892
-0,027100	0,006801	0,119852
-0,028382	0,009262	0,062361
-0,027503	0,014111	-0,002785
0,002900	0,029490	-0,058734
0,010938	0,052327	-0,171487
-0,014235	0,033243	-0,212836
-0,005639	0,000728	-0,158782
0,000274	-0,012821	-0,128942
-0,012232	0,012729	-0,116556
-0,002119	-0,004184	-0,090376
0,017457	0,002402	-0,028246
-0,001354	-0,022981	0,025291
-0,004916	-0,016468	0,142816
0,014268	-0,018924	0,218635
0,009498	0,002097	0,273553
0,013335	-0,025129	0,303120
0,011633	-0,029685	0,202273
-0,011763	0,003070	0,111062
-0,005578	-0,017661	0,020844
-0,036066	-0,021783	-0,052270
-0,064290	-0,020307	-0,077253
-0,107938	-0,001878	-0,059886
-0,116038	0,014782	-0,075680
-0,118685	0,002243	-0,117050
-0,078664	0,018079	-0,145350
-0,026542	0,002012	-0,159383
0,010371	0,022679	-0,140909
0,037984	0,042081	-0,121346
0,029423	0,033665	-0,161249
0,057059	0,047049	-0,202743
0,113640	0,008904	-0,213902
0,117731	-0,005328	-0,206559
0,053963	0,005320	-0,209303
0,024017	0,007125	-0,226817
-0,007605	-0,004835	-0,196774
-0,004168	-0,009605	-0,063571
-0,028236	-0,003864	0,109079
-0,009174	-0,005960	0,212728
-0,037991	-0,001899	0,235294
-0,061997	-0,034075	0,288797
-0,082153	-0,039711	0,328718
-0,080090	-0,032721	0,303197
-0,093760	-0,024261	0,299064
-0,064473	-0,033776	0,292876
-0,052531	-0,053840	0,256334
-0,104280	-0,028704	0,076735
-0,068105	-0,024880	-0,036292
-0,073636	-0,037140	-0,030951
-0,040708	-0,041211	-0,048698
0,070863	-0,025303	-0,150055
0,144801	-0,015457	-0,167933
0,193404	0,005835	-0,187019
0,193029	0,010417	-0,198456
0,141984	0,032272	-0,175036
0,095387	0,034435	-0,098855
0,060025	0,004562	-0,023541
0,031748	-0,013587	0,054910
-0,000468	-0,022356	0,138740
-0,034847	0,014671	0,192400
-0,120773	0,051959	0,219032
-0,144507	0,009011	0,233648
-0,155828	-0,015777	0,167766
-0,109330	-0,014538	0,055685
-0,100880	0,030508	-0,067500
-0,079739	0,025359	-0,197653
-0,020701	0,009752	-0,324760
0,037065	0,020253	-0,381439
0,076588	0,026737	-0,369311
0,133097	0,030972	-0,330886
0,166804	0,008493	-0,208202
0,176547	0,033614	-0,059299
0,125905	0,021142	0,048326
0,060502	0,009247	0,159328
-0,003307	-0,006006	0,262496
-0,034250	-0,009590	0,243517
-0,083906	-0,029706	0,297279
-0,098729	-0,018967	0,325934
-0,107706	-0,002735	0,312469
-0,114900	0,008347	0,265295
-0,115858	-0,000024	0,188298
-0,084069	-0,021089	0,062529
-0,041400	-0,004420	-0,070643
0,010935	-0,010238	-0,126425
0,066206	0,032984	-0,221807
0,074987	0,010115	-0,176493
0,089689	0,012877	-0,118208
0,125377	0,032323	-0,068711
0,120406	0,002885	-0,011867
0,071435	-0,000573	0,001993
0,040864	-0,027265	0,016914
-0,006579	0,007876	0,008746
-0,052187	0,005336	0,020400
-0,051320	-0,011051	0,046008
-0,051591	-0,009805	0,083743
-0,061390	-0,006880	0,085183
