2,925028	-4,495256	-12,537887
2,149489	-3,355883	-9,091045
2,120765	-3,298436	-9,062322
2,187787	-3,327160	-9,272962
2,206936	-3,403756	-9,407005
2,159063	-3,470778	-9,378282
2,159063	-3,576098	-9,387856
2,226085	-3,758015	-9,378282
2,187787	-3,509076	-9,196365
2,111191	-3,633546	-9,368708
2,216511	-3,681418	-9,387856
2,168638	-3,729291	-9,311260
2,101616	-3,710142	-9,186790
2,092041	-3,767590	-9,234664
2,139914	-3,968655	-9,158067
2,111191	-3,700568	-9,158067
2,101616	-3,834611	-9,119769
2,072892	-3,758015	-9,148493
2,053743	-4,112274	-9,205940
2,111191	-4,370787	-9,225089
2,120765	-4,389936	-9,033598
2,005870	-4,638875	-9,148493
2,044169	-4,849515	-9,253813
2,034594	-4,906962	-9,024023
2,044169	-4,839940	-8,765511
1,890976	-4,859089	-9,024023
1,900550	-5,404840	-9,158067
1,795230	-5,414414	-9,033598
1,795230	-5,739949	-8,794233
1,756932	-5,491010	-8,688913
1,661186	-5,854844	-8,650616
1,594164	-5,538883	-8,669765
1,479270	-5,711226	-8,545295
1,383524	-5,979313	-8,325080
1,316502	-6,228251	-8,516571
1,383524	-6,391019	-8,267632
1,192033	-6,151655	-8,095291
1,134585	-6,362296	-8,191036
1,010116	-6,323997	-8,162313
0,866498	-6,419743	-7,884651
0,847349	-6,352721	-7,587839
0,617559	-6,314423	-7,501668
0,560112	-6,381444	-7,472944
0,406919	-6,419743	-7,156984
0,359046	-6,515488	-7,013366
0,234577	-6,438892	-7,185708
0,157980	-6,467616	-7,156984
0,023936	-6,553787	-7,118686
-0,033511	-7,061238	-7,367624
-0,100533	-7,003791	-7,338901
-0,177129	-6,946343	-7,195282
-0,349471	-6,908045	-7,156984
-0,378195	-7,176133	-7,233581
-0,531388	-7,271879	-7,204857
-0,665432	-7,549541	-7,137835
-0,751603	-7,549541	-7,022940
-0,761178	-7,396348	-6,802725
-1,019691	-7,511243	-6,678256
-1,038840	-7,875076	-6,716554
-1,230331	-7,865501	-6,458041
-1,335651	-7,970821	-6,295273
-1,517568	-8,277207	-6,467616
-1,766506	-8,497422	-6,639958
-2,522897	-9,100619	-7,099536
-0,847349	-8,842107	-4,887813
-2,015445	-6,362296	-4,581427
-2,015445	-7,865501	-4,485682
-2,178212	-8,650616	-4,849515
-2,149489	-8,363379	-4,514405
-2,580344	-7,980396	-4,093124
-2,637791	-8,554870	-4,083550
-2,609068	-8,746361	-3,777164
-2,666515	-7,932523	-3,212265
-3,020774	-7,942098	-3,087796
-3,001625	-8,631466	-2,972901
-3,039923	-8,487848	-2,925028
-3,240989	-8,775084	-3,011199
-3,269712	-9,493176	-2,714388
-3,365458	-8,976151	-2,235660
-3,681418	-8,794233	-2,503747
-3,892059	-9,225089	-2,551620
-3,987804	-8,870831	-1,977147
-4,179296	-8,564445	-1,728208
-4,351638	-9,004874	-1,957998
-4,418660	-8,957002	-1,642037
-4,581427	-8,717637	-1,421822
-4,677173	-8,325080	-1,268629
-4,945261	-8,468699	-1,239906
-5,060155	-8,478273	-0,952669
-5,280370	-8,325080	-0,655857
-5,280370	-7,961247	-0,473941
-5,491010	-7,779330	-0,598410
-5,491010	-7,425072	-0,196278
-5,672927	-7,606988	-0,167555
-5,672927	-7,472944	-0,167555
-5,854844	-7,013366	0,004787
-5,950589	-7,463370	-0,052660
-5,988888	-6,879322	0,253726
-6,161230	-6,505914	0,483515
-6,419743	-6,534637	0,301599
-6,659107	-6,458041	0,636708
-6,764427	-6,027186	0,722879
-6,946343	-6,180379	0,837774
-7,070813	-6,036760	0,876072
-7,061238	-5,893142	1,077138
-7,118686	-5,395265	1,134585
-7,377199	-5,012282	1,086713
-7,425072	-5,261221	1,306927
-7,549541	-4,973984	1,345226
-7,654861	-4,763344	1,364375
-7,721883	-4,303765	1,546291
-7,846352	-4,284616	1,584590
-7,865501	-4,208019	1,364375
-7,894225	-3,796313	1,689910
-7,894225	-3,422905	1,594164
-7,951673	-3,700568	1,670761
-8,114440	-3,126094	2,120765
-8,152739	-3,173967	1,938848
-8,238910	-2,944177	2,015445
-8,248484	-2,494173	2,034594
-8,277207	-2,283533	2,082467
-8,325080	-2,245234	2,178212
-8,439975	-2,063318	2,283533
-8,487848	-1,823954	2,130340
-8,430401	-1,469695	2,015445
-8,564445	-1,029265	1,986721
-8,631466	-1,402673	1,871827
-8,602742	-1,316502	2,005870
-8,641041	-1,345226	1,977147
-8,669765	-1,297353	2,025020
-8,660190	-1,153735	1,938848
-8,688913	-0,962243	1,852677
-8,765511	-0,809050	1,833528
-8,736787	-0,722879	1,948423
-8,803808	-0,272875	2,120765
-8,813383	-0,263300	2,015445
-8,909128	-0,253726	1,938848
-8,889979	-0,225002	1,823954
-8,794233	-0,292024	1,871827
-8,851681	0,014362	1,957998
-8,775084	0,167555	2,063318
-8,937852	0,244151	1,986721
-8,947427	0,454792	1,957998
-8,899554	0,464366	1,957998
-8,880404	0,569686	2,034594
-8,870831	0,512239	2,072892
-8,784659	0,732454	2,130340
-8,870831	0,990967	1,957998
-8,794233	0,866498	1,728208
-8,784659	0,885647	1,862252
-8,794233	0,885647	2,044169
-8,727212	0,751603	2,101616
-8,803808	0,789901	2,235660
-8,937852	0,847349	2,178212
-8,957002	0,770752	1,977147
-8,937852	0,837774	2,130340
-8,966576	0,799476	2,139914
-8,947427	0,684581	2,187787
-8,928278	0,722879	2,216511
-8,937852	0,636708	2,139914
-8,909128	0,761178	1,996296
-8,947427	0,703730	1,996296
-8,909128	0,607985	2,082467
-9,014449	0,579261	2,178212
-9,062322	0,560112	2,072892
-9,062322	0,627134	2,063318
-9,129343	0,493090	2,216511
-9,167642	0,598410	2,235660
-9,158067	0,675007	2,111191
-9,119769	0,607985	2,111191
-9,091045	0,646283	2,197362
-9,062322	0,607985	2,159063
-9,091045	0,703730	2,139914
-9,148493	0,703730	2,034594
-9,100619	0,684581	2,187787
-9,071896	0,742028	2,254809
-9,043172	0,550537	2,197362
-9,014449	0,550537	2,216511
-9,024023	0,655857	2,197362
-9,014449	0,521814	2,063318
-9,033598	0,636708	2,015445
-9,024023	0,540963	2,063318
-9,062322	0,464366	2,149489
-9,004874	0,426068	2,130340
-9,052747	0,569686	2,197362
-9,062322	0,540963	2,063318
-9,062322	0,493090	2,130340
-9,100619	0,598410	2,120765
-9,071896	0,569686	2,139914
-9,071896	0,665432	2,149489
-9,081470	0,636708	2,111191
-9,071896	0,588835	2,187787
-9,119769	0,627134	2,111191
-9,043172	0,646283	2,015445
-9,033598	0,665432	2,034594
-9,004874	0,627134	2,120765
-8,985725	0,684581	2,187787
-8,966576	0,636708	2,072892
-8,957002	0,646283	2,044169
-8,947427	0,579261	1,957998
-8,880404	0,617559	1,948423
-8,870831	0,579261	2,005870
-8,966576	0,531388	2,168638
-9,052747	0,598410	2,120765
-9,091045	0,550537	2,130340
-9,186790	0,579261	2,063318
-9,091045	0,435643	2,101616
-9,110194	0,560112	2,245234
-9,119769	0,416493	2,216511
-9,205940	0,521814	2,235660
-9,205940	0,464366	2,226085
-9,158067	0,540963	2,130340
-9,081470	0,531388	2,245234
-9,119769	0,531388	2,197362
-9,071896	0,445217	2,197362
-9,071896	0,493090	2,178212
-9,043172	0,464366	2,082467
-9,052747	0,560112	1,986721
-8,976151	0,397344	1,986721
-8,928278	0,464366	2,111191
-8,909128	0,445217	2,092041
-8,889979	0,426068	2,063318
-8,985725	0,454792	2,120765
-9,024023	0,435643	2,111191
-9,014449	0,445217	2,072892
-8,995299	0,540963	2,139914
-9,043172	0,531388	2,216511
-9,052747	0,493090	2,168638
-9,091045	0,502664	2,092041
-9,100619	0,502664	2,082467
-9,091045	0,540963	2,178212
-9,081470	0,560112	2,111191
-9,081470	0,579261	2,149489
-9,119769	0,627134	2,015445
-9,024023	0,531388	2,034594
-9,033598	0,598410	2,072892
-8,966576	0,512239	2,111191
-8,985725	0,512239	1,996296
-8,918703	0,521814	1,919699
-8,880404	0,569686	1,833528
-8,880404	0,512239	1,900550
-8,889979	0,416493	1,967572
-8,889979	0,359046	2,034594
-8,832532	0,167555	2,120765
-8,899554	0,052660	2,072892
-8,928278	-0,062235	1,996296
-8,880404	-0,263300	2,178212
-8,937852	-0,359046	2,111191
-8,842107	-0,579261	2,139914
-8,822957	-0,483515	2,139914
-8,803808	-0,665432	2,187787
-8,861256	-0,751603	2,216511
-8,842107	-0,770752	2,130340
-8,736787	-0,837774	2,053743
-8,717637	-0,971818	2,092041
-8,631466	-1,086713	2,168638
-8,621892	-1,172884	2,245234
-8,650616	-1,249480	2,245234
-8,708063	-1,412248	2,283533
-8,708063	-1,498419	2,283533
-8,650616	-1,661186	2,283533
-8,755936	-1,776081	2,206936
-8,727212	-1,996296	2,264384
-8,583593	-1,977147	2,427151
-8,545295	-2,149489	2,369704
-8,468699	-2,120765	2,340980
-8,420826	-2,427151	2,293107
-8,353804	-2,714388	2,149489
-8,267632	-2,484598	2,159063
-8,085716	-2,618642	2,044169
-7,951673	-2,676090	2,034594
-8,076141	-2,704813	1,986721
-8,124015	-2,972901	1,938848
-8,047418	-2,982476	1,871827
-7,989971	-3,269712	1,938848
-7,865501	-3,384607	2,072892
-7,884651	-3,604822	2,101616
-7,922949	-3,901634	2,206936
-7,913374	-4,054826	2,379278
-7,808054	-4,255892	2,331405
-7,721883	-4,629300	2,283533
-7,597414	-4,811217	2,369704
-7,568690	-4,801642	2,369704
-7,453795	-5,060155	2,293107
-7,291028	-5,194199	2,273958
-7,156984	-5,242072	2,273958
-7,003791	-5,510159	2,072892
-6,812300	-5,797396	2,025020
-6,860173	-5,682502	1,948423
-6,754852	-5,921865	1,919699
-6,659107	-6,055910	1,852677
-6,438892	-6,343146	1,881401
-6,276124	-6,486765	1,919699
-6,161230	-6,553787	1,852677
-5,960164	-6,697405	1,756932
-5,873993	-6,927195	1,718634
-5,787822	-7,089962	1,661186
-5,720800	-7,300602	1,603739
-5,577181	-7,338901	1,412248
-5,395265	-7,654861	1,431397
-5,270795	-7,817628	1,297353
-5,069730	-7,875076	1,268629
-4,983559	-7,894225	1,144160
-4,744195	-8,018694	1,048414
-4,753769	-7,961247	0,990967
-4,658024	-8,200611	0,971818
-4,533555	-8,497422	1,144160
-4,437809	-8,506997	1,182458
-4,322914	-8,650616	1,019691
-4,160147	-8,832532	0,971818
-3,968655	-8,842107	0,981392
-3,834611	-8,861256	0,990967
-3,758015	-9,110194	0,789901
-3,547375	-9,253813	0,540963
-3,432480	-9,177217	0,512239
-3,250563	-9,024023	0,521814
-3,011199	-9,292110	0,426068
-2,800559	-9,502751	0,320748
-2,666515	-9,560199	0,196278
-2,551620	-9,435729	0,023936
-2,417577	-9,550624	-0,292024
-2,226085	-9,876159	-0,454792
-2,034594	-10,000628	-0,464366
-1,881401	-9,560199	-0,483515
-1,814379	-9,435729	-0,579261
-1,776081	-9,234664	-0,837774
-1,766506	-9,339984	-1,278204
-1,546291	-9,426155	-1,393099
-1,479270	-9,129343	-1,833528
-1,249480	-9,071896	-2,254809
-0,990967	-9,292110	-2,178212
-1,038840	-9,541050	-2,206936
-0,923945	-9,761265	-2,340980
-0,923945	-9,646370	-2,628217
-0,914371	-9,598496	-3,327160
-0,617559	-9,722966	-3,173967
-0,493090	-9,531475	-3,020774
-0,473941	-9,397431	-3,164392
-0,560112	-9,368708	-3,767590
-0,368621	-9,368708	-4,150572
-0,148406	-9,292110	-3,939932
-0,100533	-9,119769	-3,815462
-0,004787	-9,148493	-3,930357
0,023936	-8,650616	-4,322914
0,167555	-8,305931	-4,782493
0,320748	-8,459125	-5,366541
0,579261	-8,803808	-6,055910
0,665432	-8,832532	-6,008037
0,722879	-8,564445	-5,692076
0,789901	-8,258059	-5,739949
0,809050	-8,277207	-6,419743
0,923945	-8,162313	-7,042089
0,933520	-7,788905	-6,869747
1,038840	-7,549541	-6,745278
1,201607	-6,898471	-6,477190
1,153735	-6,343146	-7,606988
0,426068	-7,224006	-9,407005
1,182458	-7,453795	-8,909128
1,125011	-5,634629	-8,124015
1,326077	-5,653778	-8,152739
1,259055	-5,318668	-8,688913
1,115436	-4,811217	-9,244238
1,364375	-4,629300	-9,186790
1,670761	-4,562278	-9,426155
1,546291	-4,236743	-9,742115
1,565441	-4,342063	-9,684668
1,670761	-4,121848	-9,282537
1,661186	-3,547375	-9,483603
1,575015	-3,279287	-9,742115
1,699484	-3,317585	-9,761265
1,709059	-3,078221	-9,703817
1,651612	-3,011199	-9,464453
1,613313	-3,087796	-9,407005
1,632463	-3,001625	-9,665519
1,852677	-2,944177	-9,828286
1,852677	-2,379278	-9,407005
1,814379	-2,743112	-9,512326
1,938848	-2,704813	-9,818711
1,910125	-2,723963	-9,569773
1,804805	-2,781410	-9,502751
1,852677	-2,723963	-9,253813
1,900550	-2,800559	-9,732541
2,025020	-3,135669	-9,828286
1,996296	-3,078221	-9,474028
1,948423	-3,250563	-9,512326
1,977147	-3,489927	-9,703817
1,938848	-3,327160	-9,617646
1,900550	-3,039923	-9,541050
1,900550	-3,097370	-9,627220
1,948423	-3,039923	-9,569773
1,862252	-2,733537	-9,608071
1,833528	-3,068647	-9,933606
1,814379	-3,087796	-10,220843
1,766506	-2,743112	-10,125097
1,737783	-2,599493	-9,521900
1,833528	-2,484598	-8,755936
1,862252	-2,656940	-8,449550
1,900550	-3,394182	-9,071896
2,005870	-3,461204	-9,924032
1,967572	-3,375033	-10,278291
1,890976	-3,269712	-10,019777
1,776081	-3,183541	-9,445304
1,689910	-3,030348	-8,976151
1,622888	-3,068647	-8,995299
1,689910	-3,164392	-9,225089
1,756932	-3,212265	-9,435729
1,785655	-3,260138	-9,320834
1,728208	-3,288862	-9,215514
1,699484	-3,365458	-9,100619
1,642037	-3,231414	-9,148493
1,670761	-3,403756	-9,359133
1,728208	-3,422905	-9,397431
1,680335	-3,489927	-9,215514
1,661186	-3,442055	-9,100619
1,642037	-3,509076	-9,253813
1,651612	-3,556949	-9,407005
1,622888	-3,566524	-9,502751
1,613313	-3,604822	-9,416580
1,622888	-3,681418	-9,196365
1,622888	-3,489927	-9,033598
1,613313	-3,451629	-9,129343
1,622888	-3,595248	-9,330409
1,632463	-3,652695	-9,359133
