0,098190	0,958862	9,491104
0,130508	0,962448	9,535400
0,231064	0,934921	9,542587
0,240646	0,937317	9,528214
0,272964	0,932526	9,464767
0,221497	0,927734	9,480331
0,235855	0,970840	9,495895
0,261002	1,033081	9,444427
0,269379	1,007950	9,324707
0,342392	0,930130	9,264862
0,328033	0,967239	9,166687
0,286133	1,001953	9,086487
0,211914	1,009140	9,081696
0,238251	0,942108	9,149933
0,384293	0,890625	9,318726
0,432175	0,962448	9,495895
0,549500	0,960052	9,559341
0,596176	0,889435	9,456390
0,523163	0,852325	9,355835
0,474075	0,867889	9,321121
0,417816	0,910980	9,291199
0,435776	0,906189	9,354645
0,500412	0,841553	9,394150
0,589005	0,837952	9,386963
0,633301	0,803238	9,482727
0,527954	0,797256	9,474350
0,425003	0,794861	9,544983
0,435776	0,742188	9,726944
0,439362	0,782883	9,791580
0,486053	0,799652	9,760452
0,506393	0,708664	9,640747
0,494431	0,701492	9,574905
0,377121	0,751770	9,629974
0,302887	0,752960	9,693420
0,331619	0,773315	9,758057
0,363953	0,829575	9,753265
0,373520	0,851120	9,661102
0,472885	0,788879	9,679047
0,525558	0,799652	9,691025
0,543518	0,769714	9,531815
0,486053	0,817612	9,424072
0,425003	0,821198	9,345062
0,476471	0,843933	9,373795
0,620132	0,802048	9,482727
0,763779	0,776901	9,584488
0,754196	0,823593	9,603638
0,774551	0,804443	9,673065
0,829620	0,748169	9,808334
0,824829	0,797256	9,785599
0,853561	0,793655	9,708984
0,818848	0,802048	9,455200
0,744629	0,816406	9,191833
0,751801	0,768524	9,116409
0,900253	0,713455	9,256470
1,006790	0,697891	9,538986
1,046295	0,719437	9,922058
1,029541	0,766129	10,169861
0,907425	0,821198	10,123184
0,804474	0,827179	10,015442
0,742233	0,780487	10,048950
0,700333	0,754150	10,016632
0,614136	0,836761	9,875381
0,508789	0,963654	9,705383
0,644073	0,876266	9,643143
0,738632	0,776901	9,760452
0,798492	0,840347	9,900513
0,818848	0,907394	9,931641
0,864334	0,893021	9,837067
0,958908	0,796051	9,881363
1,022354	0,787674	9,942413
0,990036	0,871475	9,914886
1,013977	0,889435	9,829880
1,114532	0,784088	9,941223
1,213882	0,811615	10,105225
1,370712	0,882248	10,256058
1,557449	0,912170	10,327881
1,546677	0,900208	10,238098
1,489227	0,853516	10,076492
1,401825	0,940903	9,907700
1,304871	1,021118	9,816727
1,310852	1,058228	9,894531
1,414993	1,005554	9,938828
1,442535	1,007950	9,916077
1,464081	1,088150	9,965164
1,532318	1,059418	10,050156
1,559845	1,067795	10,123184
1,623291	1,130051	10,159088
1,715469	1,109695	10,181839
1,758575	1,072586	10,183029
1,759766	1,157578	10,167465
1,723846	1,159973	10,212967
1,693924	1,133636	10,350632
1,653229	1,148010	10,519424
1,601746	1,235397	10,542160
1,514359	1,303635	10,479919
1,508377	1,258133	10,567307
1,534714	1,288071	10,709763
1,546677	1,398193	10,719330
1,690338	1,413757	10,611588
1,886658	1,373062	10,464355
1,916580	1,476013	10,165070
1,964462	1,533478	9,791580
2,062637	1,529877	9,482727
2,214661	1,489182	9,419281
2,280502	1,550232	9,268448
2,227829	1,565796	9,114014
2,025528	1,602905	9,025436
1,929749	1,662750	9,041000
1,958481	1,666351	9,171478
2,005173	1,605301	9,267242
1,993195	1,610092	9,477936
1,963272	1,618469	9,710175
1,892639	1,588531	9,901718
1,893845	1,517914	10,166275
1,912994	1,543045	10,464355
1,907013	1,543045	10,743271
1,948914	1,516708	10,955154
1,977631	1,550232	10,914459
2,048264	1,532272	10,805527
2,067413	1,509521	10,634338
2,002777	1,562195	10,343445
2,001587	1,602905	10,119583
1,983627	1,594528	9,932831
1,945312	1,599304	9,616806
1,995590	1,647202	9,357025
2,032700	1,684311	9,398926
2,047073	1,716629	9,445618
2,109314	1,711838	9,513855
2,129669	1,702255	9,637161
2,047073	1,726196	9,805939
1,997986	1,677124	10,016632
1,916580	1,673538	10,276413
1,902222	1,734589	10,560120
1,946518	1,730988	10,739685
1,936935	1,781265	10,713348
1,935745	1,824371	10,694199
2,036301	1,875839	10,566101
2,116501	1,970413	10,270416
2,108124	2,024277	9,924454
2,043472	2,048218	9,604828
1,990799	2,075760	9,422867
2,031509	2,091324	9,354645
2,084183	2,138000	9,410904
2,151215	2,173920	9,500687
2,270935	2,153564	9,749680
2,431335	2,121246	10,161484
2,422958	2,208633	10,199799
2,290085	2,242157	10,144730
2,217056	2,167938	10,205780
2,128479	2,206238	10,222534
1,982422	2,280457	10,196198
1,995590	2,189484	10,245285
2,019531	2,190674	10,472733
2,181152	2,311584	10,801926
2,267334	2,392990	10,654694
2,250580	2,299622	10,329071
2,144028	2,359467	10,217743
2,076996	2,428909	10,066910
2,042282	2,415741	10,062119
2,002777	2,422913	10,096848
1,995590	2,480377	10,228516
2,117706	2,452850	10,275208
2,164383	2,395386	10,233307
2,033905	2,463623	10,235703
1,902222	2,536636	10,204575
1,911804	2,558182	10,301544
1,938141	2,621628	10,344635
1,995590	2,645584	10,291962
2,013550	2,664734	10,153107
2,069809	2,669525	10,056137
2,063828	2,772476	9,998672
2,117706	2,786835	10,019028
2,226639	2,809586	10,229721
2,293671	2,985550	10,283585
2,255371	3,082520	10,008255
2,181152	3,104065	9,644333
2,153610	3,153152	9,408508
2,177551	3,149551	9,179855
2,158401	3,160324	8,844681
2,118896	3,247726	8,600464
2,102142	3,359055	8,428085
2,170364	3,393768	8,424484
2,227829	3,434464	8,574127
2,251770	3,507492	8,813553
2,348740	3,544601	9,147537
2,366699	3,562561	9,293579
2,230225	3,555374	9,295975
2,060242	3,633179	9,440826
1,966858	3,672684	9,714966
1,966858	3,648743	9,950790
2,039886	3,663116	9,974731
2,142838	3,685852	10,002274
2,206284	3,746902	9,924454
2,152420	3,786407	9,884949
2,097351	3,815140	9,932831
2,111710	4,039001	9,779602
2,021927	4,127594	9,249298
1,927353	4,094070	8,751297
2,019531	4,079697	8,748901
2,054245	4,229340	8,851852
2,017136	4,328705	8,569336
2,013550	4,323914	8,226974
2,126083	4,362213	8,197037
2,185928	4,484329	8,350266
2,187134	4,535797	8,304779
2,206284	4,490311	8,188660
2,242203	4,455597	8,339493
2,179947	4,569321	8,724960
1,950104	4,650726	9,006287
1,798065	4,632767	9,117615
1,885468	4,617203	9,184647
1,942917	4,742905	9,134369
1,934540	4,736908	9,148743
1,927353	4,754868	9,097260
1,845963	4,825500	8,970367
1,778915	4,844650	8,841080
1,678360	4,896133	8,568146
1,579010	4,942810	8,223373
1,652023	4,978729	8,158737
1,686737	5,079285	8,115646
1,631683	5,167862	7,859467
1,494003	5,167862	7,507507
1,431763	5,129562	7,349487
1,444931	5,158295	7,422516
1,501190	5,239700	7,494339
1,470062	5,330673	7,427307
1,448517	5,379761	7,190277
1,448517	5,371368	7,014313
1,504776	5,449188	6,907761
1,501190	5,512634	6,754532
1,412613	5,511444	6,543839
1,223465	5,584457	6,189499
1,169601	5,604813	5,988388
1,283325	5,594040	6,238586
1,341980	5,665863	6,592926
1,344376	5,693390	6,704254
1,406616	5,628754	6,565399
1,602951	5,412079	6,202667
1,571823	5,152313	5,622070
0,896652	5,188217	5,948883
0,166428	5,948380	8,204224
0,217896	6,604385	10,734894
0,166428	6,760010	10,811508
0,149658	6,384125	9,291199
0,695541	6,002243	8,125214
1,243820	6,075272	7,712219
1,429367	6,289551	7,254929
1,272552	6,321869	6,621658
1,065445	6,329056	6,209854
0,896652	6,476303	6,352310
0,815247	6,643890	6,647995
0,902649	6,708542	7,055008
1,091782	6,748047	7,287247
1,316833	6,745651	7,294434
1,465286	6,728882	7,338715
1,490417	6,775574	7,500336
1,440140	6,872543	7,611664
1,347961	6,947952	7,478775
1,146851	7,020981	7,027481
0,990036	7,085617	6,685104
0,996017	7,101181	6,687500
1,037918	7,114349	6,721024
0,926590	7,252014	6,594116
0,951721	7,297516	6,488785
1,092987	7,316666	6,513916
1,207901	7,400467	6,543839
1,133682	7,459122	6,412170
0,930176	7,475876	6,133240
0,818848	7,466309	5,963257
0,822433	7,498627	6,103317
0,751801	7,583618	6,132050
0,688354	7,591995	5,932129
0,736252	7,489044	5,933319
0,623718	7,571640	5,867477
0,500412	7,671005	5,723831
0,367538	7,679382	5,637634
0,366333	7,643478	5,926147
0,469284	7,697342	6,235001
0,508789	7,796707	6,063812
0,466904	7,811066	5,443710
0,575836	7,747620	5,198303
0,790115	7,856552	5,298859
0,749405	7,999008	5,049866
0,594986	7,993027	4,677567
0,506393	7,918808	4,748199
0,429779	8,010986	5,127670
0,189163	8,066055	5,201889
0,026367	8,015778	5,071411
0,041931	7,954712	5,210281
0,025162	8,048096	5,471237
-0,059830	8,202515	5,490402
-0,050247	8,158234	5,301254
0,141281	8,142670	5,121689
0,296906	8,140274	4,787704
0,251419	8,118729	4,535110
0,158051	8,089996	4,411804
-0,055038	8,094788	4,296890
-0,227417	8,123505	4,377090
-0,385437	8,148651	4,488419
-0,554230	8,141464	4,568634
-0,642822	8,111542	4,749390
-0,581757	8,111542	4,973251
-0,416565	8,082809	5,414978
-0,175949	8,085205	5,751358
-0,245377	8,245621	5,288086
-0,434525	8,184570	4,550674
-0,570984	8,137878	4,256180
-0,700272	8,311462	4,079010
-0,780487	8,392853	3,830017
-0,842728	8,461090	3,407440
-0,837936	8,469467	2,911835
-0,784073	8,455109	2,727493
-0,691895	8,488632	2,859161
-0,719437	8,564041	3,259003
-0,724213	8,560455	3,667206
-0,829559	8,598755	3,755798
-0,973221	8,689743	3,631302
-1,059402	8,639465	3,260193
-1,073776	8,535309	3,142883
-1,211441	8,543686	3,179993
-1,389801	8,607132	3,208725
-1,528671	8,682556	3,290131
-1,594513	8,720871	3,276962
-1,526276	8,749588	3,056686
-1,426910	8,767548	2,831635
-1,416138	8,723251	2,783752
-1,505920	8,662201	2,740662
-1,735764	8,616714	2,705933
-1,928497	8,643051	2,739456
-2,112854	8,747208	2,456940
-2,217010	8,783112	1,936203
-2,147568	8,796280	1,767410
-2,100891	8,844162	1,683609
-1,887802	8,785507	1,384338
-1,714218	8,711288	1,129364
-1,647186	8,797485	1,076691
-1,645981	8,791489	1,302933
-1,888992	8,808258	1,482498
-2,242142	8,798676	1,791351
-2,391785	8,785507	2,114578
-2,451630	8,804657	2,273788
-2,462402	8,751984	2,215134
-2,422897	8,655029	2,072678
-2,534241	8,632278	1,948181
-2,651550	8,732834	1,733887
-2,755692	8,838181	1,486099
-2,698242	8,746002	1,217941
-2,633591	8,665802	1,191605
-2,511490	8,596359	1,531586
-2,454025	8,693329	1,493271
-2,480362	8,759171	1,046753
-2,480362	8,625092	0,626572
-2,513885	8,605942	0,540390
-2,707809	8,605942	0,736710
-2,912521	8,548477	0,854019
-3,110046	8,507782	0,875580
-3,226166	8,547287	0,705582
-3,353058	8,538910	0,388351
-3,416504	8,413208	0,145340
-3,448822	8,364120	0,026825
-3,581696	8,382080	0,074707
-3,720566	8,378494	0,157318
-3,876190	8,256393	0,036407
-4,068924	8,176178	0,184845
-4,175461	8,178574	0,631363
-4,219757	8,192947	1,094635
-4,206589	8,111542	1,367584
-4,165878	8,078018	1,088654
-4,088074	8,054077	0,551163
-4,006668	7,967880	0,362015
-3,975540	7,880493	0,359619
-3,882172	7,873322	0,359619
-3,889359	7,848175	0,263855
-3,924072	7,797897	0,183655
-4,007874	7,800293	0,231537
-4,068924	7,771561	0,357224
-4,092865	7,754807	0,389557
-4,167084	7,765579	0,254272
-4,188629	7,787125	0,055557
-4,266434	7,763184	-0,382584
-4,436432	7,751205	-0,759674
-4,599228	7,680588	-0,857834
-4,758453	7,584808	-0,871002
-5,038574	7,605164	-0,910507
-5,319885	7,571640	-0,906906
-5,468323	7,516586	-0,892548
-5,580856	7,487854	-0,685440
-5,586838	7,354965	-0,144363
-5,469528	7,224487	0,304550
-5,415649	7,199356	0,300964
-5,301926	7,046127	0,136963
-5,115189	6,921616	0,177658
-4,988297	6,953949	0,260269
-5,001465	6,870148	0,180054
-5,031387	6,785156	0,049576
-5,072083	6,757614	-0,122803
-5,177429	6,750443	-0,246109
-5,191803	6,702545	-0,393356
-5,244476	6,591217	-0,666290
-5,392914	6,599594	-0,976349
-5,591629	6,576859	-1,123581
-5,639511	6,459534	-0,881775
-5,744858	6,463135	-0,754883
-5,948364	6,451157	-1,121185
-5,985474	6,291946	-1,342651
-6,045334	6,252441	-1,322311
-6,258423	6,228500	-1,319916
-6,396088	6,188995	-1,288788
-6,460724	6,114777	-1,049362
-6,508606	6,100403	-0,801559
-6,557693	6,011826	-0,653122
-6,590012	5,925629	-0,534607
-6,597198	5,913666	-0,320328
-6,663040	5,871765	-0,238922
-6,751617	5,862183	-0,291595
-6,672607	5,787964	-0,380188
-6,496643	5,786774	-0,425674
-6,338623	5,762833	-0,790787
-6,133911	5,662277	-1,214569
-6,162643	5,673050	-1,717346
-6,388901	5,735291	-2,015427
-6,611557	5,743668	-2,019012
-6,797104	5,655090	-1,969940
-6,912033	5,566498	-1,809525
-6,991043	5,532990	-1,645523
-7,090408	5,467148	-1,668274
-7,248413	5,397705	-1,746078
-7,279541	5,349823	-1,679047
-7,242432	5,280396	-1,388138
-7,222076	5,225327	-1,246887
-7,259186	5,145126	-1,476730
-7,236450	5,099640	-1,641937
-7,204132	5,052948	-1,589264
-7,171799	4,984711	-1,416870
-7,189758	4,947601	-1,324692
-7,308273	4,917679	-1,299561
-7,393265	4,809937	-1,185837
-7,503403	4,794373	-1,128372
-7,569244	4,764450	-1,118790
-7,514175	4,742905	-1,243301
-7,490234	4,723740	-1,576096
-7,436356	4,672272	-1,784378
-7,302292	4,617203	-1,804733
-7,159836	4,606430	-1,766434
-7,274750	4,627975	-2,147110
-7,503403	4,571716	-2,338638
-7,732040	4,489105	-2,121964
-7,873306	4,516647	-1,924438
-8,044495	4,521439	-1,886139
-8,087585	4,394547	-1,804733
-8,084000	4,331100	-1,732910
-8,125900	4,367004	-1,673050
-8,145050	4,328705	-1,802338
-8,133072	4,278427	-1,833466
-8,133072	4,236526	-1,731720
-8,194122	4,247299	-1,535385
-8,255173	4,247299	-1,432434
-8,208496	4,138367	-1,532990
-8,101944	4,076111	-1,804733
-8,057663	4,077316	-2,032181
-7,985840	4,098862	-2,162674
-7,805069	4,086884	-2,179428
-7,729660	4,090485	-2,269211
-7,753601	4,036606	-2,408081
-7,917603	4,000702	-2,594818
-8,153427	3,945633	-2,686996
-8,397629	3,971970	-2,621155
-8,628677	3,973160	-2,506241
-8,728043	3,902527	-2,336243
-8,688538	3,900146	-2,242874
-8,574799	3,901337	-2,234497
-8,423965	3,815140	-2,375748
-8,206100	3,754089	-2,454758
-8,085190	3,766068	-2,427231
-8,119904	3,733749	-2,465530
-8,158218	3,592484	-2,410461
-8,255173	3,529037	-2,100418
-8,380875	3,518265	-1,831070
-8,506577	3,466782	-1,500671
-8,581985	3,376999	-1,307938
-8,632263	3,330322	-1,372589
-8,680145	3,274048	-1,489899
-8,662201	3,226166	-1,567703
-8,572418	3,196243	-1,566513
-8,473053	3,232162	-1,632355
-8,439529	3,144775	-1,663483
-8,329407	3,069351	-1,658691
-8,303070	3,117233	-1,758057
-8,413193	3,077728	-1,918457
-8,477844	3,057373	-2,009445
-8,581985	3,078934	-2,087250
-8,698105	3,050201	-2,166260
-8,839371	3,070541	-2,342239
-8,889648	3,070541	-2,477509
-8,899216	3,051392	-2,598419
-8,956680	3,040619	-2,697769
-8,961472	2,972382	-2,805511
-8,954285	2,950836	-2,845016
-8,844147	2,899368	-2,712143
-8,731628	2,829926	-2,582855
-8,696915	2,780853	-2,436798
-8,694519	2,738953	-2,288361
-8,628677	2,676697	-2,132736
-8,591568	2,604874	-2,047745
-8,561646	2,604874	-1,984299
-8,547272	2,578537	-1,977112
-8,626282	2,548615	-1,993881
-8,693314	2,561783	-1,922058
-8,716064	2,548615	-1,856216
-8,712479	2,545013	-1,845444
-8,759155	2,533051	-1,883743
-8,846542	2,499527	-2,139923
-8,955490	2,530655	-2,337448
-9,005768	2,565369	-2,394913
-9,022522	2,601288	-2,270401
-9,030899	2,585724	-2,344635
-8,991394	2,554596	-2,482300
-8,880066	2,543823	-2,585251
-8,780701	2,500732	-2,568481
-8,796265	2,524673	-2,628342
-8,900421	2,487564	-2,724106
-8,906403	2,487564	-2,659470
-8,889648	2,534241	-2,399689
-8,883652	2,572556	-2,214142
-8,892044	2,566574	-2,121964
-8,851334	2,552200	-2,100418
-8,869293	2,554596	-2,108795
-8,931549	2,559387	-2,069290
-8,957886	2,527069	-2,071686
-8,955490	2,615646	-1,987900
-8,852539	2,618042	-1,849030
-8,761551	2,608475	-1,901703
-8,754364	2,609665	-2,025009
-8,738815	2,618042	-2,141129
-8,826202	2,669525	-2,331467
-8,943512	2,639587	-2,477509
-9,048859	2,676697	-2,441589
-9,057236	2,722198	-2,309906
-9,036880	2,728180	-2,294357
-9,027313	2,729370	-2,391312
-8,947098	2,679092	-2,414062
-8,914780	2,730576	-2,537369
-8,900421	2,740143	-2,725311
-8,899216	2,750916	-2,751648
-8,811829	2,797607	-2,683411
-8,798660	2,853867	-2,633133
-8,740005	2,810776	-2,636719
-8,706482	2,803589	-2,612778
-8,645432	2,850281	-2,507431
-8,549667	2,853867	-2,442795
-8,482635	2,845490	-2,536163
-8,514954	2,837112	-2,604401
-8,572418	2,868240	-2,505035
-8,644241	2,914932	-2,254852
-8,753174	2,926895	-2,078873
-8,875275	2,928101	-1,936417
-8,846542	2,853867	-1,765228
-8,799866	2,850281	-1,668274
-8,804657	2,911331	-1,783188
-8,830978	2,868240	-1,969940
-8,880066	2,845490	-2,127960
-8,791489	2,884995	-2,165070
-8,640640	2,907745	-2,228516
-8,625092	2,882599	-2,302734
-8,662201	2,867035	-2,366180
-8,632263	2,859863	-2,271606
-8,599945	2,859863	-2,112396
-8,565231	2,884995	-2,221329
-8,568817	2,900558	-2,345825
-8,441925	2,784439	-2,240479
-8,450302	2,838318	-2,220123
-8,584381	2,871826	-2,145905
-8,647827	2,838318	-2,070496
-8,700500	2,828735	-2,035782
-8,743591	2,870636	-1,990280
-8,769928	2,832321	-1,989090
-8,816620	2,789230	-2,054932
-8,853729	2,765289	-2,022614
-8,896820	2,826340	-1,948395
-8,908798	2,768875	-1,857407
-8,795074	2,750916	-1,822693
-8,637054	2,792816	-1,805939
-8,518539	2,725784	-1,863388
-8,474243	2,734161	-2,052536
-8,428757	2,737747	-2,289566
-8,501785	2,789230	-2,361389
-8,602341	2,837112	-2,355408
-8,732819	2,850281	-2,447586
-8,786697	2,844299	-2,560104
-8,844147	2,852676	-2,479904
-8,880066	2,852676	-2,426025
-8,845352	2,834717	-2,409271
-8,874084	2,833527	-2,323074
-8,829788	2,859863	-2,240479
-8,845352	2,906540	-2,194992
-8,804657	2,892181	-2,185410
-8,732819	2,835922	-2,171051
-8,652618	2,865845	-2,155487
-8,625092	2,890976	-2,161469
-8,674164	2,893372	-2,257233
-8,808243	2,868240	-2,279984
-8,924362	2,869431	-2,174637
-8,938721	2,807190	-2,014221
-8,968658	2,800003	-1,977112
-8,935135	2,764084	-2,054932
-8,913589	2,706635	-2,074081
-8,866898	2,719803	-2,025009
-8,809433	2,738953	-2,070496
-8,774719	2,694656	-2,071686
-8,723251	2,728180	-2,105209
-8,712479	2,746140	-2,171051
-8,718460	2,756912	-2,149506
-8,760361	2,767685	-2,089645
-8,802261	2,722198	-2,096832
-8,866898	2,722198	-2,064514
-8,929153	2,788025	-2,169846
-8,965057	2,755707	-2,208160
-8,904007	2,709030	-2,034576
-8,896820	2,719803	-1,896912
-8,886047	2,746140	-1,841843
-8,847748	2,726974	-1,847824
-8,805847	2,729370	-1,898117
-8,824997	2,741348	-2,007050
-8,871689	2,779648	-2,081268
-8,816620	2,804794	-2,033386
-8,789093	2,820358	-1,989090
-8,743591	2,896973	-2,058517
-8,694519	2,879013	-2,167450
-8,646637	2,821548	-2,189011
-8,632263	2,900558	-2,238083
-8,681351	2,906540	-2,324280
-8,696915	2,886200	-2,312302
-8,718460	2,879013	-2,173447
-8,823807	2,853867	-2,086060
-8,854935	2,840698	-2,027390
-8,884857	2,837112	-1,919662
-8,953094	2,882599	-1,881348
-8,881271	2,861053	-1,902893
-8,791489	2,786835	-1,906494
-8,660995	2,784439	-1,896912
-8,572418	2,832321	-1,972336
-8,570023	2,805984	-2,129150
-8,549667	2,785645	-2,246460
-8,526917	2,761703	-2,269211
-8,650223	2,758102	-2,317093
-8,750778	2,768875	-2,347015
-8,866898	2,759308	-2,250061
-8,877670	2,764084	-2,189011
-8,803452	2,773666	-2,033386
-8,798660	2,876617	-2,275192
-8,777115	2,759308	-2,191406
-8,741196	2,723389	-2,063309
-8,735214	2,820358	-2,046555
-8,737610	2,815567	-2,023804
-8,778320	2,773666	-1,928040
-8,778320	2,802399	-1,817902
-8,711273	2,887390	-2,008240
-8,530518	2,789230	-1,767624
-8,592758	2,827530	-1,826279
-8,635864	2,877808	-1,886139
-8,660995	2,876617	-1,780792
-8,591568	2,846695	-1,734100
-8,603531	2,801193	-1,780792
-8,650223	2,852676	-1,893326
-8,585587	2,856262	-2,011841
-8,647827	2,846695	-2,129150
-8,704086	2,857468	-2,303925
-8,772324	2,870636	-2,378143
-8,880066	2,902954	-2,367371
-8,945908	2,905350	-2,293152
-8,999771	2,875427	-2,233292
-9,000977	2,884995	-2,131546
-8,943512	2,899368	-2,050140
-8,942322	2,914932	-2,105209
-8,951889	2,873032	-2,100418
-8,906403	2,829926	-2,100418
-8,856125	2,839508	-2,008240
-8,802261	2,862259	-1,961563
-8,813034	2,853867	-2,104004
-8,811829	2,839508	-2,137527
-8,826202	2,839508	-2,034576
-8,828598	2,839508	-2,011841
-8,838165	2,852676	-2,124359
-8,852539	2,858658	-2,234497
-8,830978	2,865845	-2,281189
-8,793869	2,890976	-2,278793
-8,852539	2,904144	-2,386520
-8,882462	2,890976	-2,432022
-8,833374	2,869431	-2,240479
-8,832184	2,861053	-2,101624
-8,864502	2,887390	-2,129150
-8,859711	2,901764	-2,108795
-8,829788	2,868240	-2,090836
-8,817810	2,877808	-2,034576
-8,756760	2,912537	-1,989090
-8,677750	2,918518	-1,941208
-8,664581	2,917313	-1,972336
-8,672974	2,935272	-2,069290
-8,670578	2,978378	-2,153091
-8,687332	2,961609	-2,169846
-8,711273	2,944855	-2,111191
-8,766342	2,954422	-2,113586
-8,771133	2,958023	-2,045349
-8,713669	2,947250	-1,986694
-8,670578	2,969986	-1,992676
-8,684937	2,968796	-2,054932
-8,656204	2,953232	-2,094437
-8,641846	2,896973	-2,056122
-8,719650	2,888596	-1,998672
-8,696915	2,922104	-2,001068
-8,603531	2,937668	-1,949585
-8,593964	2,895767	-2,013031
-8,590363	2,892181	-2,104004
-8,617905	2,898163	-2,029785
-8,619095	2,917313	-2,007050
-8,615509	2,912537	-1,986694
-8,669373	2,894577	-2,057327
-8,720856	2,894577	-2,082458
-8,787888	2,898163	-2,016617
-8,856125	2,884995	-1,993881
-8,894424	2,882599	-1,931625
-8,868103	2,871826	-1,835861
-8,834579	2,839508	-1,760437
-8,761551	2,816757	-1,793961
-8,759155	2,802399	-1,866989
-8,705292	2,820358	-2,007050
-8,707687	2,805984	-2,124359
-8,677750	2,786835	-2,153091
-8,663391	2,839508	-2,166260
-8,708878	2,910141	-2,228516
-8,712479	2,887390	-2,332657
-8,717255	2,823944	-2,306320
-8,784302	2,877808	-2,279984
-8,905212	2,876617	-2,234497
-8,935135	2,832321	-2,190201
-8,943512	2,805984	-2,033386
-8,955490	2,861053	-1,900497
-8,933929	2,821548	-1,896912
-8,944717	2,782043	-1,923248
-8,925552	2,792816	-1,904099
-8,815430	2,789230	-1,855011
-8,722046	2,859863	-1,846634
-8,603531	2,833527	-1,898117
-8,616699	2,840698	-2,034576
-8,744797	2,902954	-2,235687
-8,795074	2,912537	-2,314697
-8,737610	2,920914	-2,212952
-8,704086	2,924500	-2,228516
-8,769928	2,935272	-2,402084
-8,797470	2,912537	-2,403290
-8,821411	2,929291	-2,248856
-8,821411	2,955627	-2,077682
-8,760361	2,924500	-2,015427
-8,738815	2,910141	-1,888535
-8,690918	2,917313	-1,803543
-8,677750	2,900558	-1,755661
-8,747192	2,881409	-1,859802
-8,796265	2,845490	-1,865784
-8,787888	2,914932	-1,748474
-8,840561	2,930481	-1,725723
-8,895630	2,918518	-1,870575
-8,899216	2,892181	-1,951981
-8,859711	2,851486	-1,990280
-8,878876	2,973587	-2,007050
-8,804657	2,947250	-2,056122
-8,668182	2,900558	-2,123169
-8,622696	2,965210	-2,192596
-8,601135	2,937668	-2,239288
-8,559250	2,936478	-2,236893
-8,558044	2,966400	-2,277588
-8,583191	2,977173	-2,239288
-8,631073	2,989151	-2,151901
-8,712479	2,978378	-2,095627
-8,734024	2,953232	-2,015427
-8,761551	2,965210	-1,917267
-8,869293	3,011887	-1,959167
-8,902817	3,045410	-1,893326
-8,870483	3,034637	-1,833466
-8,827393	2,993927	-1,900497
-8,738815	2,987946	-2,008240
-8,633469	2,997528	-2,059723
-8,579590	3,008301	-2,143509
-8,627472	3,009491	-2,263229
-8,734024	2,993927	-2,240479
-8,805847	2,980759	-2,082458
-8,840561	3,001114	-1,961563
-8,868103	2,993927	-1,827484
-8,847748	2,958023	-1,814316
-8,828598	2,920914	-1,847824
-8,813034	2,943649	-1,863388
-8,779510	2,953232	-1,884949
-8,784302	2,950836	-1,847824
-8,772324	2,923309	-1,868179
-8,799866	2,923309	-1,877762
-8,808243	2,868240	-1,949585
-8,858521	2,875427	-1,981903
-8,892044	2,850281	-2,041763
-9,016541	2,857468	-1,995071
-9,115891	2,857468	-1,932831
-8,919571	2,839508	-1,979507
-8,745987	2,838318	-2,090836
-8,720856	2,847885	-2,270401
-8,692123	2,851486	-2,268021
-8,663391	2,839508	-2,131546
-8,755569	2,880203	-2,013031
-8,906403	2,841904	-1,930435
-8,925552	2,832321	-1,870575
-9,033295	2,846695	-1,907684
-9,175751	2,810776	-1,898117
-9,215256	2,754517	-1,803543
-9,156601	2,747330	-1,626373
-9,089554	2,798813	-1,619186
-9,088364	2,807190	-1,809525
-9,072800	2,762894	-1,941208
-9,005768	2,767685	-1,948395
-8,981827	2,802399	-1,951981
-8,977036	2,809586	-2,078873
-8,924362	2,819153	-2,175842
-8,870483	2,880203	-2,203369
-8,797470	2,884995	-2,227310
-8,773529	2,910141	-2,320694
-8,783096	2,991547	-2,330261
-8,803452	3,093292	-2,574478
-8,822601	2,938873	-2,513412
-8,645432	2,858658	-2,321884
-8,717255	3,106461	-2,460754
-8,638260	3,020264	-2,482300
-8,546082	2,992737	-2,351807
-8,614304	3,116043	-2,426025
-8,632263	3,128006	-2,451172
-8,713669	3,122025	-2,513412
-8,693314	3,033432	-2,268021
-8,647827	3,129211	-2,166260
-8,705292	3,221390	-2,121964
-8,717255	3,117233	-1,996277
-8,702896	3,128006	-1,910080
-8,725647	3,221390	-1,857407
-8,836975	3,277649	-1,857407
-8,690918	3,117233	-1,633545
-8,595154	3,196243	-1,711365
-8,561646	3,246521	-1,973526
-8,461075	3,186661	-2,126755
-8,453903	3,253708	-2,147110
-8,482635	3,324341	-2,141129
-8,493408	3,312363	-2,211746
-8,530518	3,270462	-2,177032
-8,558044	3,275253	-2,105209
-8,651413	3,289612	-2,025009
-8,689728	3,294403	-2,026199
-8,763947	3,262085	-1,985504
-8,878876	3,345886	-1,886139
-8,909988	3,355453	-1,797546
-8,918381	3,292007	-1,844238
-8,906403	3,318344	-1,963943
-8,797470	3,311172	-1,966339
-8,708878	3,335114	-1,918457
-8,699310	3,349472	-1,949585
-8,687332	3,371017	-1,967545
-8,584381	3,418900	-1,955566
-8,447906	3,416504	-1,892120
-8,344955	3,452423	-1,963943
-8,228851	3,476364	-1,996277
-8,234833	3,491928	-1,969940
-8,224060	3,554184	-1,881348
-8,319824	3,622406	-1,793961
-8,438339	3,682266	-1,773605
-8,522141	3,663116	-1,807129
-8,485031	3,671494	-1,781998
-8,499390	3,761276	-1,725723
-8,488617	3,809158	-1,730515
-8,410797	3,860641	-1,720932
-8,259964	3,920486	-1,716156
-8,113922	3,950424	-1,807129
-8,055267	4,007874	-1,991486
-8,060059	4,009079	-2,166260
-8,063644	4,090485	-2,226120
-8,076813	4,193436	-2,279984
-8,111526	4,219772	-2,309906
-8,119904	4,255676	-2,253647
-8,107941	4,232925	-2,220123
-8,122299	4,301163	-2,106400
-8,149841	4,392151	-1,919662
-8,080399	4,447220	-1,811920
-7,951111	4,497498	-1,736496
-7,864929	4,523834	-1,771210
-7,742828	4,547775	-1,743683
-7,685364	4,626785	-1,650314
-7,593185	4,677063	-1,534195
-7,572830	4,722549	-1,527008
-7,581207	4,758453	-1,571304
-7,538116	4,803955	-1,547363
-7,520157	4,905701	-1,578491
-7,498611	4,916473	-1,717346
-7,386078	4,909302	-1,810715
-7,364532	4,899719	-1,755661
-7,344193	5,067307	-1,731720
-7,279541	5,122375	-1,632355
-7,368134	5,158295	-1,805939
-7,454315	5,181030	-1,940002
-7,211304	5,151108	-1,809525
-7,138290	5,210968	-1,676651
-7,113144	5,288773	-1,659882
-7,001816	5,316315	-1,761642
-6,929993	5,355820	-1,706573
-6,896469	5,434830	-1,622772
-6,920410	5,485107	-1,656296
-6,946747	5,463547	-1,676651
-6,986252	5,469543	-1,543762
-7,062866	5,621567	-1,418076
-7,071243	5,677841	-1,293579
-7,007797	5,658676	-1,334274
-6,921616	5,661072	-1,289978
-6,810272	5,734100	-1,046967
-6,706131	5,765228	-0,942825
-6,683380	5,793945	-1,050568
-6,663040	5,826279	-1,091263
-6,615158	5,935211	-1,038589
-6,430801	5,853806	-0,844666
-6,704941	6,163864	-1,443207
-6,635498	5,880142	-1,216965
-6,509811	5,989075	-1,154709
-6,704941	6,294342	-1,495880
-6,594803	6,130341	-1,444412
-6,458328	6,114777	-1,281601
-6,521774	6,344620	-1,386948
-6,307495	6,229691	-1,273224
-6,203354	6,291946	-1,408493
-6,163849	6,409256	-1,467148
-6,020187	6,382919	-1,426453
-5,979492	6,451157	-1,445602
-5,997452	6,501434	-1,501877
-5,961533	6,545731	-1,396530
-5,871750	6,576859	-1,220551
-5,850204	6,688187	-1,178650
-5,841827	6,598404	-1,111618
-5,789154	6,609177	-1,078094
-5,850204	6,748047	-1,014648
-5,798737	6,756424	-0,874588
-5,711334	6,775574	-0,796783
-5,722122	6,882111	-0,747696
-5,640717	6,886902	-0,677063
-5,558105	6,825851	-0,557358
-5,516220	6,955139	-0,527435
-5,524597	7,001831	-0,583694
-5,531769	6,941971	-0,776428
-5,476715	6,968307	-0,819519
-5,407272	7,074844	-0,955994
-5,295944	7,046127	-1,012253
-5,233704	7,085617	-1,148727
-5,260040	7,229279	-1,418076
-5,190598	7,218506	-1,420471
-5,140320	7,261597	-1,371384
-5,143921	7,277161	-1,395325
-5,166656	7,301102	-1,370193
-5,098419	7,339417	-1,234909
-4,909286	7,377716	-1,136749
-4,850632	7,382507	-0,894943
-4,548950	7,255615	-0,447220
-4,535782	7,435181	-0,337097
-4,480728	7,436371	-0,246109
-4,338272	7,354965	-0,083298
-4,319107	7,392075	0,256668
-4,182648	7,417221	0,484116
-4,246094	7,533340	0,327301
-4,289185	7,508194	0,103439
-4,301163	7,557281	-0,050980
-4,259262	7,590805	-0,147949
-4,213760	7,612350	-0,193436
-4,129974	7,618332	-0,326309
-4,046173	7,590805	-0,493912
-3,934845	7,533340	-0,535812
-3,888153	7,521362	-0,504684
-3,880966	7,590805	-0,338287
-3,918091	7,611145	-0,224564
-3,927658	7,517776	0,031616
-3,763657	7,526154	0,104645
-3,691833	7,739243	0,047180
-3,564941	7,801483	-0,034225
-3,485931	7,927185	-0,276031
-3,329117	8,054077	-0,565735
-3,005890	8,155838	-0,787201
-2,772461	8,342575	-1,135559
-2,650360	8,507782	-1,400116
-2,489944	8,505386	-1,409698
-2,375015	8,583191	-1,119995
-2,596481	8,789093	-0,860229
-2,469589	8,677765	-0,235336
-2,398956	8,799866	0,190826
-2,436066	8,875290	0,424271
-2,383408	8,808258	0,516449
-2,294815	8,796280	0,634949
-2,256500	8,900436	0,701996
-1,954834	8,779526	1,025208
-1,639999	8,772339	1,280197
-1,526276	8,880081	1,310120
-1,532257	8,921982	0,995285
-1,624435	8,986618	0,530807
-1,763306	9,022537	0,338074
-1,580139	8,950714	0,576294
-1,628036	9,081192	0,673264
-1,635208	9,084778	0,643341
-1,588531	8,991409	0,630173
-1,582535	9,033310	0,680450
-1,619644	9,139847	0,620590
-1,625641	9,196106	0,245895
-1,551422	9,145828	-0,016266
-1,465225	9,153015	-0,090485
-1,410156	9,164993	0,002884
-1,282074	9,133865	0,245895
-1,155182	9,106323	0,394333
-1,030670	9,130280	0,478134
-0,932510	9,081192	0,736710
-0,791260	8,998596	1,035980
-0,853500	9,046478	1,189209
-0,677536	9,015350	1,572281
-0,608093	9,107529	1,652496
-0,647598	9,133865	1,633331
-0,594925	9,106323	1,712341
-0,484802	9,175766	1,840439
-0,411774	9,271530	1,895508
-0,276505	9,308640	1,678833
-0,248962	9,324203	1,477722
0,106567	9,320618	1,651291
0,134109	9,515732	1,326874
0,134109	9,475037	1,027603
0,136490	9,397232	0,984512
0,116150	9,469055	1,057526
0,110153	9,498978	1,131760
0,149658	9,458282	1,353210
0,293320	9,461868	1,654892
0,415421	9,483414	1,875153
0,462112	9,472641	1,974518
0,509995	9,478622	2,055908
0,559067	9,507355	2,174423
0,695541	9,502563	2,346817
0,902649	9,447510	2,313293
1,003204	9,463074	2,233078
1,089386	9,488205	2,273788
1,201920	9,510956	2,277374
1,241425	9,540878	2,248642
1,312042	9,488205	2,298920
1,353943	9,488205	2,506027
1,290497	9,545670	2,764603
1,162415	9,490601	2,936981
1,321625	9,380463	3,231461
1,302475	9,524124	3,330826
1,407822	9,442719	3,488846
1,515564	9,385254	3,517578
1,345566	9,533691	3,363144
1,352753	9,410400	3,482864
1,357544	9,455887	3,491241
1,343170	9,481018	3,348785
1,394653	9,378067	3,112961
1,328812	9,392441	2,875931
1,343170	9,380463	2,635315
1,461685	9,282303	2,582642
1,559845	9,279907	2,617355
1,570618	9,220062	2,488068
1,564636	9,115906	2,322861
1,662796	9,045273	2,444977
1,745407	9,107529	2,792130
1,777725	9,022537	3,130905
1,719070	8,985428	3,342804
1,628082	8,915985	3,363144
1,569427	8,874100	3,375122
1,689133	8,751984	3,560669
1,680756	8,793884	3,692352
1,872299	8,639465	4,053879
1,874695	8,681366	4,318436
1,793289	8,774734	4,147247
1,823212	8,710083	3,910217
1,899826	8,695724	3,875504
1,988419	8,765152	3,807266
2,127274	8,753189	3,688766
2,254166	8,767548	3,535538
2,306839	8,766357	3,281738
2,331985	8,693329	3,260193
2,311630	8,724457	3,512787
2,245789	8,755585	3,595383
1,976440	8,718475	3,473282
1,857925	8,578415	3,697144
2,025528	8,593979	3,903046
2,093750	8,645447	4,100555
2,330780	8,549683	4,196335
2,455276	8,471863	4,187958
2,503159	8,508972	4,418991
2,596542	8,517365	4,717072
2,566605	8,553268	4,933746
2,618088	8,483841	5,041489
2,712662	8,470673	5,192322
2,677948	8,476654	5,037888
2,665970	8,434753	5,039093
2,661179	8,397644	5,021133
2,500778	8,449127	4,933746
2,379868	8,412018	4,793686
2,290085	8,315048	4,511169
2,345154	8,261185	4,254990
2,486404	8,240829	4,169998
2,619278	8,244415	4,131683
2,870682	8,080414	4,474060
3,074188	8,025345	4,699112
3,075378	8,066055	4,657211
3,134033	7,927185	4,757767
3,124466	7,862549	4,876282
3,065796	7,876907	5,125275
2,879059	7,927185	5,150421
2,772507	7,825439	5,345551
2,657593	7,915222	5,353928
2,592941	8,006195	5,375473
2,709061	7,964294	5,432938
2,706665	7,916412	5,207886
2,659988	7,915222	5,045074
2,668365	7,904434	5,000778
2,725830	7,817047	5,003174
3,034683	7,722488	5,048660
3,282471	7,728470	4,952896
3,367477	7,606369	5,011551
3,390213	7,526154	5,161194
3,264526	7,559677	5,161194
3,250153	7,550095	5,072601
3,163971	7,401657	5,273727
3,205856	7,394470	5,601730
3,191498	7,527359	5,648407
3,278885	7,412430	5,707077
3,387817	7,263992	5,808823
3,296844	7,296310	5,847137
3,155579	7,341797	5,833969
3,034683	7,297516	5,890228
3,001160	7,223297	6,098526
3,027496	7,223297	6,230209
2,989182	7,205338	6,284073
3,029892	7,153854	6,377441
3,144806	7,139496	6,414566
3,214249	7,141891	6,342728
3,274094	7,091614	6,117676
3,347122	7,011398	5,912979
3,446487	6,997040	6,027893
3,478806	6,980286	6,311615
3,544647	6,884506	6,385834
3,457260	6,853394	5,918961
3,295639	6,798325	5,735809
3,169952	6,731277	5,905792
3,005951	6,695374	6,023102
2,885040	6,562485	6,069794
2,721039	6,433197	6,333160
2,697098	6,397293	6,795242
2,712662	6,339828	7,090927
2,885040	6,265610	7,192673
3,174744	6,204559	7,224991
3,426132	6,078857	7,258514
3,161575	6,060913	7,309982
3,258530	5,984299	7,966003
3,056229	6,160263	8,031845
2,918564	6,151886	7,701447
2,993973	5,957962	7,651169
3,111298	5,987885	7,683487
3,167557	6,042953	7,457230
3,117279	5,992676	7,222595
3,104111	5,889725	7,172318
3,100525	5,900497	7,402161
3,191498	5,840637	7,709824
3,284866	5,786774	7,786438
3,217834	5,719727	7,536240
3,081360	5,626358	7,350693
2,850327	5,614380	7,241760
2,736603	5,578476	7,330338
2,731812	5,473129	7,640396
2,718643	5,414474	7,811569
2,722229	5,349823	7,886993
2,673157	5,279205	7,822342
2,609711	5,203781	7,927689
2,580978	5,173859	7,989944
2,431335	5,163086	8,039017
2,484009	5,030197	8,303589
2,412186	5,098434	8,375412
2,464859	5,123581	8,381393
2,579773	5,058929	8,304779
2,602524	5,069702	8,037827
2,774902	5,045761	7,943253
3,045456	4,972748	8,108459
3,183121	5,003860	8,043808
3,134033	4,964355	7,956421
3,052628	4,910492	7,934875
2,767731	4,924850	7,851074
2,592941	4,940414	7,768478
2,625275	4,867401	7,872635
2,652802	4,916473	7,946854
2,983200	4,733322	8,131195
3,119675	4,814728	8,137192
3,199875	4,753677	8,582504
3,761322	4,301163	9,407318
3,729004	4,297577	7,954025
2,140442	4,754868	5,181549
1,128891	4,425659	5,254562
1,240219	3,951614	7,001144
1,241425	4,086884	7,985153
1,531113	3,944427	8,841080
1,800461	3,833099	9,719757
2,037491	3,807968	10,490692
2,134460	3,786407	11,061707
1,974045	3,760071	11,079666
1,674774	3,724167	10,536179
1,543091	3,701416	9,849045
1,626892	3,699020	9,363022
1,715469	3,689453	9,037399
1,801666	3,635574	8,808762
1,891449	3,598465	8,739334
1,923767	3,576920	8,827911
1,994400	3,555374	8,990723
2,252975	3,392563	9,404922
2,376266	3,387787	9,505478
2,201492	3,488342	9,430054
2,013550	3,381790	9,334290
1,839966	3,331512	9,176270
1,733429	3,342285	9,136765
1,738220	3,282440	9,087692
1,739410	3,247726	9,052963
1,745407	3,234558	9,085297
1,754974	3,165115	9,248093
1,680756	3,151947	9,449203
1,558655	3,102875	9,771225
1,419785	3,031036	10,244080
1,507172	3,031036	10,738480
1,799271	3,048996	10,866577
1,917786	3,033432	10,438019
1,934540	3,019073	9,944809
1,976440	3,069351	9,682648
2,049469	3,083710	9,448013
2,076996	3,083710	9,339081
2,093750	3,120819	9,224152
2,087769	3,124420	8,964386
2,005173	3,132797	8,837494
2,017136	3,125610	9,072128
2,153610	3,119629	9,195419
2,147629	3,130402	9,103241
2,146423	3,095688	8,934448
2,082977	3,052597	9,068527
1,948914	3,068161	9,282806
1,808853	3,083710	9,301971
1,684341	3,003510	9,291199
1,489227	2,974777	9,437241
1,721451	2,857468	9,858612
1,770538	2,856262	9,761658
1,726242	2,786835	9,716156
1,830399	2,704239	9,936432
1,729843	2,819153	10,008255
1,751389	2,683884	10,233307
1,687943	2,668320	10,119583
1,642456	2,652756	10,028610
1,675964	2,583328	9,938828
1,631683	2,571350	9,667084
1,551468	2,552200	9,355835
1,622101	2,473190	9,275635
1,828003	2,421722	9,321121
2,023132	2,401367	9,309143
2,012360	2,339127	9,191833
1,958481	2,218216	9,141556
1,664001	2,233780	9,161911
1,584991	2,120056	9,345062
1,419785	2,133224	9,333084
1,401825	2,047028	9,459976
1,490417	1,929718	9,637161
1,574219	1,935699	9,807144
1,507172	1,932098	9,749680
1,491608	1,868652	9,620392
1,333603	1,849503	9,523422
1,240219	1,813599	9,339081
1,253387	1,787262	9,284012
1,227051	1,765701	9,444427
1,201920	1,770493	9,671875
1,205505	1,708252	9,945999
1,276138	1,649582	10,127960
1,258179	1,693878	10,019028
1,292892	1,668747	9,924454
1,356339	1,635223	9,705383
1,326416	1,616074	9,647934
1,249802	1,692688	9,623993
1,108536	1,648392	9,594055
0,975662	1,593323	9,524628
0,846375	1,600510	9,340271
0,865524	1,553818	9,323517
0,997208	1,466431	9,625183
1,154037	1,411362	9,845444
1,261765	1,391022	9,948395
1,209106	1,365875	9,965164
1,073822	1,380249	9,947205
0,963699	1,351517	9,810730
0,950531	1,309616	9,827499
0,986435	1,290466	9,838272
0,943344	1,271301	9,791580
0,828415	1,229401	9,784393
0,705124	1,270111	9,712570
0,594986	1,253342	9,749680
0,361557	1,274902	9,507874
0,484848	1,016327	9,881363
0,751801	0,970840	10,355408
1,081009	0,968445	10,851013
1,250992	0,939713	11,096420
1,036713	1,010330	10,621170
0,778137	1,009140	10,084869
0,641678	0,991180	9,955582
0,476471	1,082169	9,937622
0,401062	1,052231	9,620392
0,402252	1,010330	9,349854
0,410629	1,017517	9,311539
0,438171	1,041458	9,431259
0,535126	1,028290	9,481537
0,590195	0,975616	9,564133
0,718292	0,823593	9,649124
0,733856	0,788879	9,744888
0,638077	0,817612	9,957977
0,507599	0,840347	10,157898
0,324448	0,857101	10,241684
