2,063318	-4,380362	-12,872996
1,488844	-3,298436	-9,770839
1,555866	-3,231414	-10,115523
1,479270	-3,145243	-10,086800
1,393099	-3,470778	-10,010203
1,412248	-3,499502	-10,010203
1,345226	-3,777164	-9,895308
1,211182	-3,758015	-9,924032
1,125011	-3,853760	-9,828286
1,077138	-3,882484	-9,799562
0,990967	-3,863335	-9,464453
0,837774	-3,920783	-9,368708
0,818625	-4,045252	-9,311260
0,732454	-4,399510	-9,004874
0,617559	-4,638875	-8,631466
0,617559	-4,667598	-8,660190
0,655857	-4,523980	-8,593168
0,521814	-4,121848	-8,832532
0,320748	-4,332489	-8,765511
0,406919	-4,629300	-8,765511
0,320748	-4,495256	-8,966576
0,186704	-4,792068	-8,784659
0,177129	-5,021857	-8,727212
0,157980	-4,973984	-8,899554
-0,004787	-5,012282	-8,842107
-0,071809	-5,175050	-8,669765
-0,138831	-5,175050	-8,650616
-0,234577	-5,108028	-8,813383
-0,397344	-5,203773	-8,755936
-0,531388	-5,146326	-8,650616
-0,617559	-5,414414	-8,535721
-0,655857	-5,481436	-8,439975
-0,780327	-5,519734	-8,439975
-0,876072	-5,625054	-8,353804
-0,904796	-5,845269	-8,660190
-1,038840	-6,142080	-8,487848
-1,153735	-6,055910	-8,334655
-1,278204	-6,199528	-8,152739
-1,440971	-6,505914	-8,258059
-1,584590	-6,774002	-8,305931
-1,756932	-6,869747	-7,970821
-1,814379	-6,630383	-7,645287
-2,111191	-6,266550	-7,616563
-2,312256	-6,687830	-7,693159
-2,446300	-7,022940	-7,367624
-2,542046	-7,224006	-6,869747
-2,226085	-6,764427	-5,854844
-2,589919	-6,525063	-5,749524
-2,925028	-7,109111	-5,854844
-2,800559	-7,348475	-5,950589
-2,963326	-7,013366	-5,759098
-3,288862	-7,109111	-5,730374
-3,173967	-7,511243	-5,242072
-3,355883	-7,463370	-5,069730
-3,489927	-7,329326	-5,060155
-3,652695	-7,291028	-4,782493
-3,872910	-7,396348	-4,705896
-4,083550	-7,568690	-4,859089
-4,131423	-7,568690	-4,629300
-4,217594	-7,233581	-4,198445
-4,447383	-7,204857	-4,112274
-4,581427	-7,654861	-4,140997
-4,734620	-7,674010	-3,920783
-4,859089	-7,597414	-3,777164
-5,002708	-7,616563	-3,413331
-5,165475	-7,472944	-3,442055
-5,318668	-7,559115	-3,375033
-5,481436	-7,166558	-2,858006
-5,586756	-7,214431	-2,676090
-5,644203	-7,243155	-2,618642
-5,816545	-7,166558	-2,475024
-5,931440	-7,386774	-2,302682
-6,008037	-7,156984	-2,034594
-6,055910	-6,563361	-1,670761
-6,142080	-6,027186	-1,393099
-6,314423	-6,477190	-1,201607
-6,352721	-6,764427	-0,694156
-6,611234	-6,333572	-0,416493
-6,745278	-6,295273	-0,339897
-6,802725	-6,467616	-0,129257
-6,850598	-6,209103	0,339897
-6,984642	-5,921865	0,569686
-7,070813	-5,873993	0,636708
-7,195282	-5,845269	0,895221
-7,243155	-5,605905	1,144160
-7,415497	-5,596331	0,971818
-7,492094	-5,491010	1,144160
-7,616563	-5,088879	1,067564
-7,530392	-5,031432	1,306927
-7,683585	-4,897388	1,249480
-7,741032	-4,830366	1,354800
-7,779330	-4,523980	1,670761
-7,980396	-4,533555	1,565441
-7,875076	-4,543129	1,584590
-8,018694	-4,255892	1,919699
-7,961247	-4,265467	2,034594
-8,085716	-3,930357	2,082467
-8,143164	-3,585673	2,092041
-8,133589	-3,518651	1,948423
-8,200611	-3,537800	1,948423
-8,219760	-3,260138	2,226085
-8,344230	-3,039923	2,302682
-8,363379	-3,164392	2,379278
-8,392102	-2,877155	2,350555
-8,545295	-2,503747	1,967572
-8,449550	-2,666515	1,948423
-8,468699	-2,436726	2,206936
-8,526146	-2,187787	2,369704
-8,545295	-2,044169	2,293107
-8,574018	-1,833528	2,226085
-8,535721	-1,747357	2,360129
-8,545295	-1,393099	2,369704
-8,545295	-1,048414	2,561195
-8,679339	-1,134585	2,542046
-8,669765	-1,115436	2,494173
-8,669765	-1,038840	2,542046
-8,688913	-0,751603	2,522897
-8,765511	-0,627134	2,436726
-8,870831	-0,588835	2,130340
-8,803808	-0,665432	2,216511
-8,832532	-0,387770	2,350555
-8,899554	-0,301599	2,283533
-8,755936	-0,272875	2,321831
-8,794233	0,062235	2,197362
-8,727212	0,014362	1,948423
-8,669765	0,186704	1,977147
-8,669765	0,416493	1,967572
-8,669765	0,646283	2,025020
-8,679339	0,675007	1,852677
-8,660190	0,646283	1,862252
-8,784659	0,770752	1,986721
-8,708063	0,751603	2,005870
-8,641041	0,933520	1,977147
-8,650616	0,837774	1,996296
-8,641041	0,665432	2,197362
-8,708063	1,029265	2,302682
-8,650616	0,847349	2,283533
-8,784659	0,914371	2,331405
-8,880404	0,837774	2,273958
-8,832532	0,761178	2,283533
-8,870831	0,684581	2,321831
-8,880404	0,646283	2,283533
-8,928278	0,703730	2,388853
-9,024023	0,665432	2,187787
-9,014449	0,665432	2,139914
-9,043172	0,809050	2,111191
-8,937852	0,665432	2,226085
-8,995299	0,818625	2,312256
-8,976151	0,828200	2,216511
-8,995299	0,837774	2,044169
-9,014449	1,057989	2,082467
-8,966576	1,192033	2,044169
-8,966576	1,211182	1,881401
-8,918703	1,259055	1,890976
-8,937852	1,297353	1,881401
-8,889979	1,153735	2,015445
-8,985725	1,067564	2,235660
-8,966576	0,962243	2,264384
-8,976151	0,856923	2,293107
-9,024023	0,789901	2,187787
-9,014449	0,655857	2,178212
-9,033598	0,694156	2,283533
-9,033598	0,675007	2,197362
-9,043172	0,607985	2,072892
-9,081470	0,636708	2,044169
-9,033598	0,665432	2,063318
-9,014449	0,742028	2,111191
-9,024023	0,722879	2,111191
-9,062322	0,789901	2,015445
-9,033598	0,895221	2,072892
-9,100619	0,943094	2,072892
-9,062322	0,895221	1,996296
-9,062322	1,086713	2,092041
-8,966576	1,048414	2,082467
-9,004874	0,914371	2,168638
-9,014449	0,943094	1,986721
-8,966576	1,010116	2,063318
-9,014449	0,962243	2,178212
-9,081470	0,856923	2,101616
-8,985725	0,885647	2,063318
-8,937852	0,818625	2,111191
-8,947427	0,742028	2,254809
-9,062322	0,876072	2,120765
-8,995299	0,761178	2,025020
-9,024023	0,923945	2,149489
-8,995299	0,828200	2,139914
-9,081470	0,751603	2,092041
-9,024023	0,837774	2,111191
-9,081470	0,876072	2,053743
-9,081470	0,837774	1,957998
-9,043172	0,981392	1,996296
-9,052747	0,895221	1,938848
-9,014449	0,923945	1,996296
-9,014449	1,010116	2,178212
-9,014449	0,971818	2,072892
-9,052747	0,876072	2,025020
-9,024023	0,923945	2,130340
-8,966576	0,856923	2,044169
-8,928278	0,828200	2,187787
-8,995299	0,866498	2,178212
-9,024023	0,952669	2,111191
-8,995299	0,904796	2,149489
-9,043172	0,789901	2,130340
-9,024023	0,761178	1,900550
-9,033598	0,847349	1,977147
-9,033598	0,722879	1,957998
-9,014449	0,789901	2,034594
-9,052747	0,837774	1,929274
-9,024023	0,818625	2,025020
-8,995299	0,789901	2,149489
-9,081470	0,856923	1,967572
-9,052747	0,837774	1,967572
-9,043172	0,866498	2,111191
-9,062322	0,876072	2,149489
-9,043172	0,952669	2,139914
-9,043172	0,828200	2,034594
-9,033598	0,761178	1,986721
-8,976151	0,856923	2,082467
-9,014449	0,818625	1,948423
-9,043172	0,742028	1,967572
-9,100619	0,761178	2,101616
-9,081470	0,837774	2,044169
-9,004874	0,742028	2,159063
-9,062322	0,837774	2,197362
-9,062322	0,789901	2,025020
-9,024023	0,780327	2,149489
-8,985725	0,799476	2,072892
-8,985725	0,732454	2,063318
-9,014449	0,761178	2,044169
-8,995299	0,770752	2,053743
-8,928278	0,722879	2,187787
-9,014449	0,837774	2,178212
-8,966576	0,818625	1,919699
-8,899554	0,799476	2,044169
-8,918703	0,895221	2,101616
-8,985725	0,789901	2,101616
-8,976151	0,770752	2,025020
-8,957002	0,789901	2,235660
-8,976151	0,703730	2,264384
-8,928278	0,588835	2,293107
-8,985725	0,665432	2,273958
-8,957002	0,579261	2,092041
-9,024023	0,598410	2,015445
-8,985725	0,655857	2,034594
-8,985725	0,598410	2,111191
-8,995299	0,493090	2,072892
-9,081470	0,464366	1,910125
-8,976151	0,406919	1,871827
-9,004874	0,445217	2,063318
-8,976151	0,445217	2,063318
-8,995299	0,416493	2,092041
-9,033598	0,397344	2,015445
-9,043172	0,397344	2,044169
-9,033598	0,426068	2,063318
-8,995299	0,406919	2,005870
-8,976151	0,244151	1,977147
-9,024023	0,263300	2,187787
-8,995299	0,215428	2,159063
-9,004874	0,071809	2,082467
-8,937852	0,052660	2,111191
-8,889979	0,000000	2,111191
-8,928278	-0,071809	2,168638
-9,033598	-0,148406	2,187787
-9,014449	-0,215428	2,044169
-8,966576	-0,244151	2,072892
-8,928278	-0,473941	2,111191
-8,957002	-0,579261	2,082467
-8,842107	-0,588835	2,149489
-8,870831	-0,770752	2,187787
-8,937852	-0,904796	2,101616
-8,899554	-0,904796	2,130340
-8,889979	-1,019691	2,139914
-8,928278	-1,067564	2,044169
-8,889979	-1,115436	2,111191
-8,842107	-1,306927	2,092041
-8,746361	-1,383524	2,120765
-8,765511	-1,364375	2,101616
-8,803808	-1,393099	1,977147
-8,765511	-1,460120	2,082467
-8,765511	-1,507993	2,063318
-8,708063	-1,603739	1,938848
-8,717637	-1,613313	2,053743
-8,708063	-1,728208	2,197362
-8,641041	-1,910125	2,120765
-8,593168	-1,957998	2,092041
-8,602742	-2,187787	2,139914
-8,698488	-2,254809	2,178212
-8,708063	-2,273958	2,178212
-8,688913	-2,513322	2,216511
-8,612317	-2,522897	2,254809
-8,583593	-2,656940	2,178212
-8,593168	-2,743112	2,206936
-8,564445	-2,896305	2,264384
-8,602742	-2,838857	2,187787
-8,497422	-2,982476	2,149489
-8,430401	-3,020774	2,197362
-8,363379	-3,068647	2,226085
-8,315506	-3,193116	2,005870
-8,162313	-3,365458	2,082467
-8,152739	-3,327160	2,005870
-7,989971	-3,528225	2,005870
-7,970821	-3,489927	1,986721
-7,884651	-3,700568	1,756932
-7,750607	-3,767590	1,709059
-7,606988	-3,949506	1,670761
-7,472944	-4,045252	1,613313
-7,501668	-4,054826	1,517568
-7,358050	-4,303765	1,603739
-7,377199	-4,600576	1,728208
-7,415497	-4,878239	1,795230
-7,396348	-5,127177	2,025020
-7,415497	-5,318668	2,005870
-7,281453	-5,529309	2,111191
-7,262304	-5,567607	2,168638
-7,243155	-5,586756	1,996296
-7,271879	-5,749524	2,053743
-7,204857	-5,912291	1,986721
-7,099536	-6,103782	1,785655
-6,908045	-6,304848	1,814379
-6,793150	-6,314423	1,890976
-6,783576	-6,525063	1,747357
-6,821874	-6,496339	1,737783
-6,697405	-6,620809	1,670761
-6,572936	-6,706980	1,479270
-6,438892	-6,745278	1,354800
-6,266550	-6,726129	1,335651
-6,228251	-6,774002	1,134585
-6,161230	-6,898471	0,866498
-6,075058	-6,965493	0,818625
-5,960164	-7,128260	0,837774
-5,806971	-7,367624	0,722879
-5,663352	-7,396348	0,646283
-5,596331	-7,549541	0,502664
-5,491010	-7,626137	0,349471
-5,395265	-7,760181	0,263300
-5,194199	-8,028269	0,000000
-5,060155	-8,114440	0,052660
-5,041006	-8,114440	-0,129257
-4,973984	-8,114440	-0,263300
-4,887813	-8,066567	-0,435643
-4,782493	-8,286782	-0,675007
-4,543129	-8,363379	-0,617559
-4,514405	-8,200611	-0,665432
-4,514405	-8,191036	-0,990967
-4,342063	-8,631466	-1,067564
-4,140997	-8,430401	-1,086713
-4,026103	-8,506997	-1,335651
-3,892059	-8,602742	-1,527142
-3,834611	-8,506997	-1,737783
-3,777164	-8,554870	-1,728208
-3,585673	-9,100619	-1,929274
-3,394182	-9,110194	-2,101616
-3,375033	-9,004874	-2,331405
-3,154818	-9,024023	-2,427151
-3,116519	-8,995299	-2,532471
-3,049498	-9,186790	-2,886730
-2,915454	-9,091045	-3,145243
-2,723963	-8,861256	-3,068647
-2,647366	-8,832532	-3,097370
-2,494173	-8,918703	-3,308011
-2,465449	-9,014449	-3,643120
-2,302682	-8,775084	-3,892059
-2,254809	-8,545295	-3,748441
-2,063318	-8,803808	-3,633546
-2,101616	-8,947427	-3,853760
-2,005870	-9,234664	-3,968655
-1,938848	-9,062322	-4,112274
-1,795230	-8,612317	-4,064401
-1,737783	-8,516571	-4,073976
-1,709059	-8,631466	-4,380362
-1,546291	-8,832532	-4,514405
-1,421822	-8,717637	-4,418660
-1,354800	-8,593168	-4,610151
-1,306927	-8,660190	-4,830366
-1,239906	-8,468699	-4,906962
-1,134585	-8,478273	-5,079304
-1,019691	-8,382527	-5,108028
-0,923945	-8,056993	-5,127177
-0,866498	-8,009120	-5,299519
-0,751603	-8,085716	-5,682502
-0,617559	-8,028269	-5,912291
-0,445217	-7,741032	-5,835695
-0,339897	-7,549541	-5,988888
-0,339897	-7,683585	-6,199528
-0,292024	-7,549541	-6,304848
-0,330322	-7,051664	-6,419743
-0,301599	-7,032515	-7,089962
-0,263300	-7,022940	-7,224006
-0,186704	-6,965493	-7,329326
-0,119682	-6,888896	-7,539967
0,090958	-6,850598	-7,329326
0,023936	-6,611234	-7,511243
0,129257	-6,486765	-7,970821
0,129257	-6,266550	-8,037844
0,253726	-6,352721	-7,951673
0,464366	-6,323997	-8,009120
0,311173	-5,634629	-8,296356
0,531388	-5,337818	-7,989971
0,598410	-5,155901	-8,286782
0,799476	-5,012282	-8,928278
0,962243	-5,021857	-9,014449
1,010116	-5,117602	-9,320834
0,952669	-5,088879	-9,426155
0,904796	-4,332489	-8,947427
0,990967	-3,863335	-9,129343
1,038840	-3,949506	-9,464453
1,029265	-3,556949	-9,512326
1,038840	-3,365458	-9,560199
1,115436	-3,547375	-9,655944
1,067564	-3,384607	-9,655944
1,163309	-2,982476	-9,971905
1,249480	-2,858006	-9,971905
1,201607	-2,963326	-9,962330
1,172884	-2,800559	-10,000628
1,287778	-2,321831	-10,201694
1,316502	-2,743112	-9,962330
1,153735	-2,283533	-9,837861
1,230331	-1,910125	-9,732541
1,393099	-2,149489	-10,067650
1,440971	-2,350555	-10,239992
1,498419	-1,977147	-9,866585
1,373949	-1,651612	-9,627220
1,469695	-1,661186	-9,464453
1,536717	-1,632463	-9,722966
1,613313	-1,910125	-9,876159
1,603739	-2,063318	-9,876159
1,632463	-1,929274	-9,847435
1,613313	-2,130340	-9,933606
1,632463	-2,159063	-10,048501
1,632463	-1,862252	-10,096374
1,594164	-2,111191	-9,991054
1,651612	-2,139914	-9,876159
1,680335	-1,938848	-10,096374
1,670761	-2,168638	-10,144247
1,776081	-2,360129	-10,029352
1,814379	-2,178212	-9,866585
1,756932	-2,111191	-9,742115
1,756932	-2,197362	-9,924032
1,871827	-2,130340	-10,105948
1,900550	-1,957998	-9,866585
1,814379	-2,092041	-9,761265
1,881401	-2,120765	-9,579348
1,843103	-2,072892	-9,569773
1,871827	-2,101616	-9,876159
1,938848	-1,843103	-9,962330
1,862252	-1,823954	-9,761265
1,852677	-1,948423	-9,789989
1,871827	-2,120765	-9,770839
1,843103	-2,005870	-9,809137
1,890976	-1,862252	-9,799562
1,843103	-1,967572	-9,675094
1,843103	-2,092041	-9,837861
1,881401	-2,197362	-9,952756
1,862252	-2,245234	-9,971905
1,843103	-2,082467	-9,876159
1,852677	-2,072892	-9,636795
1,804805	-1,900550	-9,416580
1,670761	-1,996296	-9,320834
1,709059	-2,111191	-9,569773
1,785655	-2,178212	-10,038927
1,756932	-2,388853	-10,134672
1,699484	-2,178212	-9,991054
1,622888	-1,996296	-9,703817
1,527142	-1,680335	-9,608071
1,517568	-1,680335	-9,780414
1,632463	-1,986721	-9,962330
1,709059	-2,130340	-9,971905
1,651612	-2,159063	-9,924032
1,670761	-2,187787	-9,866585
1,622888	-2,063318	-9,665519
1,632463	-2,187787	-9,617646
1,670761	-1,996296	-9,636795
1,575015	-2,082467	-9,636795
1,613313	-2,350555	-9,655944
1,555866	-2,254809	-9,684668
1,603739	-2,293107	-9,703817
1,603739	-2,063318	-9,684668
1,584590	-2,226085	-9,684668
1,642037	-2,159063	-9,675094
1,565441	-2,197362	-9,579348
1,517568	-2,235660	-9,703817
1,575015	-2,331405	-9,742115
1,555866	-2,369704	-9,770839
1,575015	-2,379278	-9,761265
1,565441	-2,302682	-9,722966
1,546291	-2,273958	-9,579348
1,527142	-2,168638	-9,521900
1,517568	-2,187787	-9,646370
1,498419	-2,408002	-9,751690
1,536717	-2,455875	-9,799562
