-0,033670	0,994915	2,287889
-0,194526	0,841903	2,346510
-0,444842	0,821960	2,209520
-0,729360	0,912317	2,209107
-0,972306	0,813166	2,620582
-1,197315	0,642879	2,584881
-1,480741	0,844699	2,484494
-1,582041	0,834731	3,362827
-1,548140	0,708972	3,431510
-1,527733	0,985683	3,619560
-1,180048	0,811532	4,375263
-0,815706	0,772761	3,907230
-0,429432	0,766646	4,292240
0,185092	0,257067	4,302408
0,686294	0,159682	3,832663
1,256762	-0,282142	4,157890
1,603005	-0,477582	3,237249
1,596515	-0,168503	2,861773
1,903543	-0,474781	2,319105
1,965278	-0,323318	0,827696
1,920819	-0,286425	0,576927
1,918772	-0,424514	-0,325676
1,652815	-0,021655	-0,984539
1,512828	0,011400	-0,471603
1,347213	0,146070	-1,043823
1,206091	0,254759	-0,998829
1,306767	-0,275026	-1,177347
1,258976	-0,498708	-2,014473
1,245645	-0,721708	-1,652763
1,212959	-1,001622	-1,942793
0,865973	-0,750540	-2,429552
0,652556	-0,830266	-1,997267
0,499059	-0,901725	-2,596678
0,241239	-0,691693	-2,752502
0,022520	-0,813840	-2,421314
-0,392836	-0,749717	-3,022110
-0,603477	-0,767364	-3,318859
-0,822760	-0,996960	-4,263998
-1,288372	-0,958457	-4,465592
-1,659884	-1,123980	-5,400697
-2,266433	-0,569740	-5,106812
-2,133019	-0,496027	-4,368921
-2,070332	-0,325947	-3,708699
-1,831522	-0,220536	-3,175736
-0,998823	-0,485755	-2,902589
-0,413121	-0,687408	-2,472425
-0,009672	-0,818078	-2,159899
0,353310	-0,862275	-2,260390
0,642731	-0,865076	-2,436559
0,808203	-0,821346	-2,613872
0,903216	-0,798812	-2,814144
0,982106	-0,782702	-2,792404
0,949442	-0,697036	-2,769275
0,772969	-0,526025	-2,904947
0,570487	-0,400703	-2,987629
0,398931	-0,320562	-2,973331
0,189860	-0,281352	-3,022232
-0,042521	-0,249020	-2,933007
-0,255245	-0,220285	-2,838655
-0,464682	-0,158992	-2,754554
-0,603508	-0,058248	-2,661419
-0,796930	-0,029350	-2,769821
-0,893245	0,003327	-2,786633
-0,836214	0,063953	-2,618125
-0,734096	0,120120	-2,125152
-0,725180	0,159304	-1,385046
-0,693156	0,180116	-0,708684
-0,703915	0,205385	-0,283463
-0,748923	0,207399	-0,048646
-0,752373	0,203272	0,076000
-0,678510	0,154952	0,056967
-0,613682	0,119176	0,039836
-0,530203	0,082890	0,049106
-0,438530	0,116117	0,146548
-0,365192	0,164719	0,323134
-0,283535	0,143262	0,550597
-0,142551	0,166331	0,813024
-0,000076	0,118697	0,966447
-0,030700	0,142834	0,917774
-0,195032	0,207162	0,654727
-0,315962	0,316096	0,320755
-0,315977	0,354391	0,208715
-0,250865	0,294047	0,104729
-0,149935	0,230440	0,001422
-0,122817	0,195851	0,058596
-0,031213	0,149015	0,247036
0,114849	0,169017	0,506955
0,228830	0,219491	0,735007
0,227107	0,333600	0,891595
0,195101	0,359776	1,039839
0,232692	0,246646	1,175682
0,290536	0,139859	1,254669
0,242011	0,160727	1,148340
0,188824	0,250200	0,947407
0,181699	0,232729	0,672684
0,169309	0,281947	0,499842
0,183323	0,464022	0,258137
0,152408	0,577114	0,093509
-0,015024	0,541183	-0,013303
-0,082881	0,455932	-0,048948
-0,108443	0,313989	0,009682
-0,057067	0,165950	0,069989
-0,035119	0,265877	0,124949
-0,072151	0,445429	0,163167
0,053364	0,479878	0,228214
0,167190	0,616617	0,177786
0,207495	0,839974	0,082854
0,175578	1,078998	-0,010340
0,153866	1,261587	-0,015926
0,173850	1,390434	-0,054879
0,187920	1,462860	-0,039118
0,321759	1,568677	-0,037996
0,409678	1,745274	-0,424001
0,266451	2,020633	-0,862101
0,374062	2,084805	-1,104354
0,716791	1,887155	-1,193773
0,968001	1,684029	-1,090053
1,029137	1,534918	-0,975472
1,079974	1,470232	-0,515095
1,223110	1,549684	-0,095084
1,406564	1,692726	0,197834
1,495882	1,725763	0,551871
1,620961	1,726338	0,944280
1,682706	1,839799	1,276396
1,757017	2,028248	1,503795
1,844224	2,204874	1,601425
1,974330	2,361483	1,469799
2,104280	2,490614	1,103061
2,199611	2,617857	0,655484
2,399423	2,682299	0,307944
2,519038	2,798977	0,036626
2,494076	2,864548	-0,386336
2,420468	2,897851	-0,800353
2,176755	3,045160	-1,017614
2,109153	3,159176	-1,000834
2,341412	2,955429	-0,763314
2,522446	2,882446	-0,222797
2,717066	2,958141	0,676975
2,877547	3,078060	1,653445
2,845043	3,083029	2,419302
2,950241	2,817888	3,016667
3,156982	2,398928	3,439005
3,006335	2,089600	3,613118
2,592775	1,825867	3,423917
2,189137	1,462608	3,059007
1,864322	1,056122	2,697157
1,543165	0,648571	2,490038
1,166538	0,292843	2,254433
0,784792	0,054232	2,055414
0,281153	-0,065783	1,798518
-0,334368	-0,139784	1,382320
-0,904346	-0,300488	0,749594
-1,367996	-0,653147	0,153399
-1,885437	-1,011898	-0,468174
-2,339624	-1,375511	-0,980753
-2,677107	-1,693207	-1,343880
-2,931773	-2,013453	-1,544367
-3,119222	-2,311789	-1,533333
-3,162883	-2,529388	-1,245819
-3,095333	-2,610559	-0,830981
-2,962778	-2,706160	-0,413869
-2,853841	-2,798912	0,051973
-2,790653	-2,836712	0,285792
-2,639529	-2,836325	0,367489
-2,412344	-2,878141	0,413705
-2,127153	-2,950866	0,528242
-1,932521	-2,967858	0,634251
-1,805551	-2,896223	0,580179
-1,673322	-2,863816	0,535970
-1,662352	-2,853211	0,564762
-1,657408	-2,911768	0,425003
-1,590246	-2,891573	0,315100
-1,555680	-2,733681	0,249211
-1,652515	-2,551813	0,252995
-1,760623	-2,391963	0,082681
-1,808816	-2,319625	-0,217327
-1,783198	-2,275171	-0,337619
-1,791426	-2,235774	-0,464504
-1,752050	-2,137215	-0,583261
-1,723430	-1,975043	-0,700276
-1,790548	-1,782110	-0,935636
-1,808805	-1,762785	-1,076988
-1,794676	-1,814366	-1,114423
-1,794872	-1,787650	-1,132872
-1,798862	-1,654217	-1,389928
-1,804922	-1,446909	-1,569718
-1,818388	-1,204451	-1,797816
-1,719994	-1,115831	-1,915181
-1,568488	-1,058351	-1,939152
-1,481755	-1,068861	-2,017716
-1,426738	-1,081102	-1,933081
-1,336763	-1,084193	-1,765777
-1,178590	-1,071334	-1,656823
-1,164088	-0,996887	-1,685554
-1,126644	-0,865502	-1,826324
-1,121579	-0,747956	-1,983947
-1,158714	-0,618470	-2,219226
-1,186492	-0,501478	-2,489821
-1,174255	-0,406932	-2,660314
-1,128064	-0,343746	-2,719145
-1,117929	-0,279782	-2,638829
-1,170161	-0,161582	-2,450077
-1,156393	-0,092864	-2,407303
-1,031413	-0,124096	-2,384570
-0,908456	-0,181638	-2,245718
-0,849348	-0,132859	-2,013969
-0,849937	-0,005726	-1,786432
-0,814984	0,092136	-1,526826
-0,623264	0,217361	-1,277003
-0,506266	0,255297	-1,098226
-0,378206	0,277981	-0,901554
-0,286281	0,277927	-0,596756
-0,169650	0,256814	-0,315552
0,000278	0,253339	-0,137525
0,063418	0,190220	-0,079368
0,149380	0,199100	-0,091266
0,208566	0,274209	-0,170693
0,220490	0,384089	-0,165290
0,150525	0,456661	-0,196392
0,152024	0,514731	-0,201169
0,150354	0,504680	-0,155198
0,098262	0,501425	-0,124158
0,067110	0,566826	-0,088792
-0,005687	0,687128	-0,062403
-0,062972	0,787214	-0,070040
-0,158593	0,885472	-0,156593
-0,224555	0,907572	-0,235407
-0,183477	0,905147	-0,114583
-0,132414	0,902243	0,034750
-0,006334	0,971745	0,297869
0,143370	1,034061	0,604128
0,270799	1,076248	0,799330
0,348804	1,136804	0,942101
0,505056	1,105769	1,133881
0,671233	1,090511	1,332312
0,797472	1,043832	1,482439
0,878359	0,967231	1,670534
0,819520	0,975860	1,776967
0,646046	1,060327	1,830497
0,468949	1,113544	1,793840
0,334937	1,158975	1,746315
0,258379	1,224068	1,679572
0,204787	1,274225	1,636712
0,261510	1,268367	1,611042
0,227408	1,278060	1,486111
0,148406	1,329858	1,362229
0,131176	1,317682	1,204700
0,151865	1,271529	1,032717
0,251729	1,169494	0,899917
0,266507	1,163525	0,720886
0,252476	1,214292	0,538403
0,260404	1,189793	0,360813
0,343345	1,108890	0,260879
0,400140	0,988626	0,230725
0,404389	0,903913	0,337815
0,367567	0,885936	0,397620
0,404185	0,918478	0,551775
0,480404	0,958879	0,694240
0,626620	0,992165	0,895370
0,806789	1,040802	1,071594
0,977744	1,019398	1,316015
1,107818	0,987893	1,531645
1,220482	0,873639	1,696496
1,308698	0,693161	1,804438
1,299790	0,478869	1,788313
1,249561	0,313186	1,664330
1,231411	0,171068	1,531610
1,329892	0,119606	1,412044
1,488157	0,179962	1,223483
1,571691	0,282837	0,861953
1,569559	0,347900	0,414709
1,539119	0,284058	-0,049397
1,678524	0,000280	-0,415885
1,945200	-0,433601	-0,636285
2,240901	-0,701227	-0,650776
2,416171	-0,564815	-0,543594
2,314101	-0,324484	-0,369763
2,237231	-0,150408	-0,248875
2,316506	-0,153847	-0,165591
2,582953	-0,288752	-0,116189
2,865069	-0,446480	-0,073798
2,999783	-0,545843	0,001301
2,897824	-0,559258	0,056582
2,685044	-0,567121	-0,080186
2,476526	-0,664391	-0,219300
2,342268	-0,814033	-0,321961
2,198461	-0,948101	-0,373450
1,927323	-0,960556	-0,525725
1,615602	-0,973389	-0,629357
1,326002	-1,026745	-0,795575
0,953539	-1,038791	-1,151695
0,591408	-1,048428	-1,490216
0,330426	-1,056137	-1,795517
0,182944	-1,011536	-1,985169
0,053460	-0,934692	-2,107190
-0,018523	-0,972803	-2,137779
-0,036852	-1,027242	-2,201519
-0,108009	-1,089945	-2,158652
-0,234845	-1,103719	-1,995074
-0,302794	-1,032365	-1,706191
-0,236498	-0,959974	-1,356334
-0,120240	-0,906847	-0,970138
-0,042566	-0,816456	-0,622888
-0,019685	-0,727860	-0,289534
-0,008081	-0,713489	-0,052537
-0,022749	-0,709659	0,026915
-0,059374	-0,664455	0,025365
-0,124123	-0,604342	-0,007479
-0,154840	-0,559133	-0,124733
-0,162178	-0,505730	-0,286530
-0,175714	-0,483111	-0,491638
-0,258368	-0,414260	-0,673902
-0,431744	-0,314171	-0,923154
-0,582907	-0,235053	-1,196300
-0,630083	-0,227313	-1,366927
-0,686989	-0,286232	-1,545568
-0,725800	-0,341986	-1,618559
-0,771216	-0,291790	-1,621422
-0,705083	-0,205661	-1,507831
-0,553532	-0,136758	-1,291494
-0,412174	-0,078754	-1,068633
-0,401566	-0,065885	-0,887462
-0,471619	-0,039292	-0,768393
-0,520935	-0,049634	-0,565874
-0,526892	-0,094297	-0,363636
-0,543132	-0,050536	-0,204715
-0,636581	-0,004039	-0,079494
-0,767834	-0,009933	0,068570
-0,785691	-0,080725	0,226279
-0,831580	-0,060747	0,398418
-0,923846	-0,006471	0,528463
-1,009145	0,097301	0,590361
-1,040030	0,134347	0,628393
-1,059954	0,124714	0,631999
-1,022255	0,137125	0,664571
-0,972943	0,126936	0,665739
-0,904770	0,127404	0,637938
-0,805225	0,159381	0,643468
-0,686319	0,174429	0,590434
-0,565327	0,156779	0,523104
-0,504935	0,112985	0,489345
-0,486309	0,073139	0,512142
-0,463754	0,026907	0,580185
-0,443782	-0,022517	0,682495
-0,399080	-0,081222	0,824683
-0,368105	-0,179906	0,982488
-0,390248	-0,216703	1,115434
-0,443400	-0,218370	1,185389
-0,472517	-0,218751	1,272017
-0,442186	-0,232459	1,292467
-0,459084	-0,183099	1,274342
-0,512836	-0,052631	1,258903
-0,576907	0,079526	1,126824
-0,689455	0,167051	1,106403
-0,754591	0,191099	1,078580
-0,746373	0,188316	1,031418
-0,772355	0,239716	1,006128
-0,778773	0,298071	1,081673
-0,733150	0,314116	1,148810
-0,657382	0,333654	1,181463
-0,576662	0,333000	1,265983
-0,472829	0,318121	1,329779
-0,362943	0,313872	1,360710
-0,298008	0,280785	1,395978
-0,231705	0,274420	1,383018
-0,239954	0,216668	1,316155
-0,204414	0,105341	1,331611
-0,151080	-0,017241	1,399517
-0,108413	-0,146911	1,441391
-0,032141	-0,255431	1,516077
0,013545	-0,350878	1,571992
0,030001	-0,413820	1,692372
-0,022935	-0,363613	1,872965
-0,180189	-0,237265	2,117036
-0,332823	-0,084465	2,423378
-0,325633	0,020538	2,717303
-0,203036	-0,021875	2,864321
-0,056130	-0,076875	2,957046
0,054693	-0,081617	2,988134
0,087810	-0,013572	2,845402
0,112386	0,074371	2,608633
0,105229	0,149512	2,340703
0,093766	0,178032	2,098576
0,058728	0,226703	1,922110
0,039317	0,256057	1,744548
0,001766	0,319775	1,500973
-0,020609	0,384140	1,260153
-0,021284	0,436609	0,908525
-0,046715	0,465157	0,400257
-0,055561	0,416180	-0,143320
-0,136392	0,387534	-0,735226
-0,188593	0,255437	-1,327512
-0,197811	0,134440	-1,729514
-0,026083	0,032857	-1,827020
0,158223	-0,047457	-1,720185
0,320987	-0,082973	-1,361780
0,413846	-0,121933	-0,858625
0,445041	-0,245019	-0,275096
0,449881	-0,390424	0,275041
0,278508	-0,529735	0,794642
0,054252	-0,623947	1,143283
-0,133771	-0,589184	1,337917
-0,336851	-0,530723	1,407443
-0,510826	-0,465753	1,336648
-0,580084	-0,364948	1,149763
-0,625908	-0,275674	0,772325
-0,602240	-0,184150	0,298951
-0,398479	-0,163592	-0,083581
-0,099472	-0,225686	-0,413545
0,166541	-0,274409	-0,506092
0,325725	-0,293258	-0,545645
0,381247	-0,296862	-0,592620
0,404607	-0,312184	-0,600512
0,388798	-0,421171	-0,329091
0,331155	-0,506455	0,123629
0,190229	-0,575623	0,519325
-0,115968	-0,552442	0,789910
-0,459572	-0,499412	0,929768
-0,632928	-0,453155	0,964077
-0,736189	-0,495642	0,947470
-0,822630	-0,512395	0,773308
-0,911888	-0,387894	0,406036
-0,904767	-0,227955	0,002087
-0,796592	-0,210135	-0,225296
-0,577899	-0,204497	-0,339209
-0,396242	-0,200951	-0,445671
-0,221230	-0,222053	-0,516461
-0,049603	-0,252337	-0,535752
0,103970	-0,288064	-0,558851
0,180856	-0,308979	-0,486351
0,246199	-0,337210	-0,417804
0,319542	-0,350212	-0,280617
0,322675	-0,342413	-0,048285
0,305064	-0,324687	0,211335
0,254586	-0,333493	0,450624
0,178766	-0,329050	0,534802
0,131526	-0,345601	0,543711
0,031478	-0,327237	0,539364
-0,011207	-0,312547	0,501401
0,035078	-0,318983	0,395370
0,149693	-0,315525	0,337365
0,242337	-0,310843	0,267975
0,272398	-0,263994	0,113831
0,240904	-0,214064	-0,040149
0,213793	-0,231591	-0,180556
0,165285	-0,270502	-0,255528
0,188734	-0,295894	-0,283916
0,134703	-0,230001	-0,325778
0,072338	-0,138994	-0,386074
0,035836	-0,065223	-0,463046
-0,018255	-0,085699	-0,523660
-0,076860	-0,124114	-0,522358
-0,098829	-0,092577	-0,591227
-0,162388	-0,049171	-0,597481
-0,128946	0,005682	-0,538324
-0,012178	0,019866	-0,469917
0,077404	-0,030079	-0,433405
0,120346	-0,043216	-0,459724
0,200659	-0,048941	-0,500896
0,298430	-0,125334	-0,390182
0,348876	-0,143370	-0,237452
0,302086	-0,060106	-0,068331
0,210065	-0,004030	0,108141
0,202537	0,020714	0,244533
0,187884	-0,003534	0,251168
0,130190	-0,018159	0,119526
0,092665	-0,019313	-0,007810
0,019542	0,000834	-0,170970
-0,036075	0,038021	-0,341720
-0,077700	0,048605	-0,464904
-0,121548	0,065703	-0,560583
-0,071371	0,047777	-0,580632
-0,041777	0,068861	-0,526750
-0,052575	0,075206	-0,451099
-0,029609	0,108041	-0,368533
0,002168	0,109419	-0,307278
0,046741	0,075084	-0,288913
0,135086	0,027511	-0,268483
0,173181	0,018176	-0,255973
0,202717	0,013588	-0,225847
0,244535	-0,019781	-0,120338
0,210948	-0,005290	-0,028277
0,150557	-0,016683	0,126780
0,094591	-0,028667	0,319771
0,015346	-0,081356	0,486615
-0,073917	-0,077536	0,658408
-0,195132	-0,040960	0,622491
-0,244204	-0,011698	0,528645
-0,207814	0,021293	0,331937
-0,094425	0,017987	0,100828
-0,000845	0,003855	-0,151100
0,045295	0,019368	-0,371796
0,084124	0,032731	-0,499499
0,173598	0,051087	-0,531765
0,250927	0,037037	-0,521176
0,215109	0,049746	-0,487815
0,166338	0,013930	-0,398870
0,161806	-0,002259	-0,239604
0,105494	0,016393	-0,146676
0,059505	0,019816	-0,002424
0,013119	-0,010001	0,141713
-0,049832	-0,006097	0,223502
-0,106906	-0,012531	0,258294
-0,165017	-0,020560	0,260261
-0,188508	-0,004961	0,255144
-0,198695	0,017100	0,165810
-0,176192	0,012728	0,107745
-0,162987	0,032204	0,000002
-0,110273	0,007575	-0,096727
-0,013523	0,013714	-0,246889
0,075375	0,010019	-0,368935
0,102439	0,010884	-0,453168
0,134624	0,024027	-0,513853
0,103867	0,018269	-0,480027
0,104163	-0,013156	-0,298792
0,082378	-0,044997	-0,085798
0,072604	-0,035046	0,071180
0,050417	-0,054855	0,219749
0,038417	-0,065906	0,277313
-0,006608	-0,055606	0,338684
-0,055091	-0,057888	0,408851
-0,040240	-0,045346	0,459246
-0,077211	-0,032456	0,442091
-0,115394	-0,014466	0,384325
-0,098065	-0,025940	0,285426
-0,051633	-0,013086	0,136410
-0,021189	-0,007600	0,006650
0,028056	-0,014699	-0,125881
0,032015	0,021762	-0,233823
0,012209	0,025063	-0,257920
0,020302	0,017182	-0,211122
0,042096	0,002259	-0,127723
0,071030	-0,020227	-0,058123
0,080762	-0,001814	0,040648
0,035887	0,009084	0,131163
-0,051735	0,006315	0,215062
-0,068207	-0,016017	0,296549
-0,095752	-0,010910	0,283211
-0,129263	-0,001062	0,212201
-0,115861	-0,001802	0,156345
-0,066835	-0,008155	0,037930
-0,038148	0,016462	-0,046268
-0,001783	0,049571	-0,152895
0,046450	0,045394	-0,177858
0,049611	0,022912	-0,159523
0,046390	0,024079	-0,196576
0,048611	0,054688	-0,200352
0,043674	0,056202	-0,210086
0,098147	0,009536	-0,237026
0,157046	0,017199	-0,249949
0,194594	0,006094	-0,196126
0,129821	0,000090	-0,139665
0,090441	0,019225	-0,103114
0,079055	0,029747	-0,028866
0,039306	0,029547	0,053531
-0,046131	0,007354	0,088784
-0,070413	-0,003688	0,080609
-0,071663	-0,002950	0,025217
-0,054449	0,013912	-0,040154
0,003364	0,005392	-0,035955
0,066852	-0,006221	-0,030681
0,073599	0,000761	-0,035079
