1,019691	-2,408002	-10,105948
0,971818	-2,992050	-10,278291
1,086713	-2,886730	-10,297440
1,010116	-2,733537	-9,837861
0,885647	-3,068647	-9,952756
0,971818	-3,528225	-10,239992
1,000542	-3,499502	-10,038927
0,895221	-3,700568	-9,751690
0,962243	-3,576098	-9,167642
0,914371	-3,614397	-9,167642
0,856923	-4,064401	-9,129343
0,962243	-4,466532	-9,225089
0,914371	-4,313340	-9,349558
0,799476	-4,543129	-9,464453
0,732454	-4,801642	-9,292110
0,675007	-4,658024	-9,081470
0,502664	-5,117602	-9,225089
0,406919	-5,347392	-9,100619
0,282450	-5,471861	-8,957002
0,119682	-5,634629	-8,976151
0,043086	-5,768672	-8,880404
-0,081384	-5,979313	-8,803808
-0,292024	-5,988888	-8,736787
-0,397344	-6,218677	-8,478273
-0,550537	-6,668681	-8,679339
-0,751603	-6,955918	-8,612317
-0,952669	-6,927195	-8,411251
-0,904796	-6,908045	-8,191036
-1,220756	-7,271879	-8,037844
-1,479270	-7,817628	-8,353804
-1,900550	-7,932523	-8,439975
-6,563361	-8,928278	-12,193203
4,332489	-10,479357	-3,748441
-2,130340	-3,212265	-4,466532
-3,777164	-8,889979	-5,289945
-1,718634	-8,574018	-5,491010
-3,327160	-8,171887	-4,504831
-2,877155	-8,296356	-4,246317
-3,384607	-8,755936	-3,863335
-3,288862	-8,526146	-3,126094
-3,662269	-8,305931	-2,685664
-3,738866	-8,497422	-2,226085
-3,911208	-8,152739	-1,594164
-4,236743	-7,913374	-1,421822
-4,380362	-8,181462	-1,163309
-4,619725	-8,286782	-0,761178
-4,629300	-8,085716	-0,292024
-4,897388	-8,133589	-0,014362
-5,079304	-8,248484	0,215428
-5,337818	-7,875076	0,483515
-5,625054	-7,741032	0,627134
-5,759098	-7,817628	0,837774
-5,893142	-7,061238	1,383524
-6,084633	-6,955918	1,507993
-6,228251	-6,754852	1,488844
-6,343146	-6,410168	1,613313
-6,410168	-5,979313	1,929274
-6,582510	-5,835695	2,044169
-6,754852	-5,443138	2,092041
-6,898471	-5,366541	2,005870
-6,927195	-5,098454	2,178212
-6,955918	-4,734620	2,503747
-7,156984	-4,399510	2,465449
-7,271879	-4,351638	2,436726
-7,252729	-4,045252	2,628217
-7,233581	-3,547375	2,858006
-7,319751	-3,078221	2,800559
-7,444221	-3,240989	2,628217
-7,501668	-3,068647	2,743112
-7,721883	-3,126094	2,877155
-7,721883	-2,810133	3,087796
-7,942098	-2,436726	3,164392
-7,903800	-2,312256	3,212265
-7,999545	-1,948423	3,231414
-8,018694	-1,910125	3,173967
-8,114440	-1,488844	3,164392
-8,191036	-1,565441	3,193116
-8,219760	-1,364375	3,298436
-8,219760	-1,096287	3,173967
-8,372953	-1,125011	3,097370
-8,382527	-1,125011	3,221840
-8,334655	-0,866498	3,288862
-8,459125	-0,837774	3,212265
-8,439975	-0,847349	3,193116
-8,459125	-0,531388	3,240989
-8,363379	-0,071809	3,298436
-8,411251	-0,138831	3,375033
-8,449550	-0,186704	3,288862
-8,392102	-0,004787	3,327160
-8,392102	0,014362	3,193116
-8,392102	-0,081384	3,154818
-8,401677	0,000000	3,212265
-8,363379	0,023936	3,269712
-8,392102	0,100533	3,384607
-8,305931	0,359046	3,461204
-8,411251	0,263300	3,250563
-8,353804	0,320748	3,164392
-8,334655	0,531388	3,260138
-8,392102	0,675007	3,154818
-8,420826	0,694156	3,164392
-8,363379	0,665432	3,231414
-8,420826	0,866498	3,308011
-8,401677	0,780327	3,269712
-8,497422	0,799476	3,221840
-8,516571	0,732454	3,317585
-8,602742	0,617559	3,336734
-8,593168	0,761178	3,480353
-8,631466	0,684581	3,451629
-8,660190	0,655857	3,346309
-8,631466	0,588835	3,403756
-8,669765	0,445217	3,384607
-8,593168	0,464366	3,413331
-8,660190	0,426068	3,355883
-8,708063	0,397344	3,327160
-8,708063	0,454792	3,394182
-8,679339	0,512239	3,394182
-8,717637	0,445217	3,384607
-8,727212	0,540963	3,470778
-8,669765	0,588835	3,432480
-8,679339	0,464366	3,413331
-8,660190	0,627134	3,489927
-8,708063	0,627134	3,451629
-8,650616	0,560112	3,556949
-8,698488	0,483515	3,509076
-8,641041	0,521814	3,489927
-8,650616	0,655857	3,375033
-8,679339	0,483515	3,413331
-8,669765	0,483515	3,442055
-8,717637	0,387770	3,384607
-8,650616	0,464366	3,499502
-8,669765	0,550537	3,461204
-8,679339	0,406919	3,365458
-8,679339	0,607985	3,470778
-8,688913	0,531388	3,461204
-8,698488	0,560112	3,422905
-8,660190	0,627134	3,346309
-8,641041	0,636708	3,394182
-8,688913	0,684581	3,470778
-8,593168	0,694156	3,442055
-8,621892	0,751603	3,394182
-8,621892	0,588835	3,470778
-8,679339	0,550537	3,480353
-8,669765	0,502664	3,384607
-8,631466	0,665432	3,442055
-8,621892	0,493090	3,413331
-8,621892	0,512239	3,451629
-8,574018	0,502664	3,461204
-8,574018	0,550537	3,288862
-8,574018	0,512239	3,327160
-8,574018	0,512239	3,346309
-8,602742	0,607985	3,336734
-8,602742	0,588835	3,355883
-8,679339	0,550537	3,509076
-8,688913	0,521814	3,576098
-8,650616	0,531388	3,566524
-8,708063	0,502664	3,547375
-8,688913	0,483515	3,537800
-8,669765	0,445217	3,652695
-8,641041	0,464366	3,576098
-8,641041	0,445217	3,556949
-8,708063	0,416493	3,509076
-8,660190	0,359046	3,489927
-8,669765	0,445217	3,413331
-8,660190	0,349471	3,308011
-8,593168	0,445217	3,375033
-8,583593	0,445217	3,422905
-8,574018	0,502664	3,394182
-8,535721	0,473941	3,336734
-8,526146	0,445217	3,164392
-8,459125	0,636708	3,212265
-8,392102	0,569686	3,308011
-8,315506	0,512239	3,298436
-8,229335	0,416493	3,288862
-8,267632	0,445217	3,269712
-8,296356	0,426068	3,269712
-8,296356	0,397344	3,269712
-8,210186	0,177129	3,422905
-8,200611	0,062235	3,461204
-8,181462	-0,157980	3,451629
-8,171887	-0,234577	3,442055
-8,133589	-0,473941	3,413331
-8,162313	-0,665432	3,432480
-8,162313	-0,914371	3,432480
-8,114440	-1,096287	3,394182
-8,037844	-1,345226	3,308011
-7,942098	-1,584590	3,212265
-7,903800	-1,833528	3,106945
-7,942098	-1,957998	3,135669
-7,884651	-2,178212	3,221840
-7,788905	-2,302682	3,116519
-7,645287	-2,475024	3,078221
-7,492094	-2,618642	3,011199
-7,367624	-2,886730	3,068647
-7,338901	-2,915454	3,116519
-7,271879	-3,260138	2,992050
-7,156984	-3,643120	3,011199
-7,147409	-3,997379	2,771835
-7,051664	-4,351638	2,714388
-6,898471	-4,591002	2,829283
-6,850598	-4,859089	2,752686
-6,735703	-5,299519	2,695239
-6,477190	-5,596331	2,877155
-6,333572	-5,893142	2,743112
-6,180379	-6,276124	2,427151
-6,084633	-6,458041	2,254809
-6,046335	-6,582510	2,235660
-5,893142	-6,869747	2,120765
-5,672927	-7,348475	1,977147
-5,548458	-7,396348	1,804805
-5,318668	-7,616563	1,555866
-5,270795	-7,865501	1,144160
-5,079304	-7,951673	1,172884
-4,878239	-8,143164	1,182458
-4,705896	-8,439975	0,876072
-4,552703	-8,411251	0,560112
-4,332489	-8,679339	0,397344
-4,179296	-8,679339	0,359046
-4,073976	-8,870831	0,311173
-3,959081	-8,851681	-0,110107
-3,643120	-8,937852	-0,560112
-3,499502	-9,225089	-0,914371
-3,212265	-9,196365	-1,010116
-2,972901	-9,186790	-0,876072
-2,896305	-9,301685	-1,259055
-2,618642	-8,880404	-1,689910
-2,312256	-8,870831	-2,187787
-2,187787	-9,263388	-2,676090
-1,948423	-9,205940	-2,733537
-1,823954	-8,842107	-2,925028
-1,661186	-8,641041	-3,758015
-1,373949	-8,459125	-4,849515
-1,201607	-9,043172	-4,993133
-1,019691	-8,889979	-4,820791
-0,837774	-8,459125	-5,299519
-0,770752	-8,631466	-5,778247
-0,742028	-8,114440	-6,343146
-0,550537	-7,520817	-6,706980
-0,387770	-7,693159	-6,563361
-0,272875	-7,597414	-6,611234
-0,033511	-7,185708	-7,243155
0,043086	-6,898471	-7,865501
-0,052660	-6,620809	-8,420826
0,100533	-6,304848	-8,545295
0,311173	-6,247401	-8,382527
0,359046	-5,577181	-8,420826
0,263300	-4,839940	-8,851681
0,454792	-4,562278	-9,234664
0,694156	-4,275041	-9,962330
0,876072	-4,399510	-10,172971
0,943094	-4,227169	-10,172971
0,770752	-3,911208	-10,699572
0,904796	-3,758015	-10,603826
0,981392	-3,154818	-10,594251
1,057989	-3,260138	-10,335738
0,952669	-2,886730	-10,278291
0,933520	-2,628217	-10,278291
1,029265	-2,408002	-10,661273
1,010116	-2,532471	-10,891063
1,019691	-2,321831	-10,460207
1,029265	-1,977147	-10,287866
0,990967	-1,603739	-10,182545
1,038840	-1,756932	-10,211268
1,163309	-1,852677	-10,374036
1,163309	-1,881401	-10,603826
1,115436	-1,910125	-10,412334
1,115436	-1,680335	-10,115523
1,153735	-1,527142	-10,067650
1,239906	-1,335651	-10,048501
1,278204	-1,201607	-10,192120
1,249480	-1,192033	-10,182545
1,354800	-1,067564	-10,067650
1,316502	-0,952669	-9,971905
1,230331	-1,057989	-10,115523
1,268629	-1,067564	-10,172971
1,230331	-1,057989	-10,058076
1,163309	-1,029265	-9,924032
1,278204	-1,029265	-9,866585
1,287778	-0,828200	-9,818711
1,211182	-0,952669	-9,924032
1,278204	-1,297353	-9,837861
1,306927	-1,507993	-9,952756
1,297353	-1,555866	-10,134672
1,259055	-1,689910	-9,751690
1,316502	-1,546291	-9,531475
1,306927	-1,421822	-9,722966
1,249480	-1,737783	-9,991054
1,345226	-1,862252	-10,000628
1,316502	-1,986721	-10,000628
1,383524	-1,919699	-9,857010
1,393099	-1,527142	-9,627220
1,373949	-1,287778	-9,703817
1,412248	-1,239906	-9,924032
1,354800	-1,507993	-10,010203
1,354800	-1,527142	-10,000628
1,326077	-1,747357	-9,885734
1,306927	-1,910125	-9,943181
1,345226	-1,881401	-9,914457
1,287778	-1,661186	-10,019777
1,326077	-1,575015	-10,058076
1,297353	-1,469695	-9,991054
1,096287	-1,756932	-10,125097
1,153735	-1,881401	-10,163396
1,192033	-1,814379	-10,172971
1,144160	-1,804805	-9,924032
1,115436	-1,823954	-9,588923
1,192033	-1,747357	-9,416580
1,345226	-1,613313	-9,282537
1,469695	-1,268629	-9,272962
1,421822	-1,460120	-9,541050
1,421822	-1,651612	-9,770839
1,383524	-1,756932	-9,837861
1,383524	-1,747357	-9,866585
1,316502	-1,622888	-9,857010
1,364375	-1,651612	-9,924032
1,335651	-1,527142	-10,029352
1,287778	-1,603739	-10,134672
1,278204	-1,613313	-10,048501
1,278204	-1,756932	-9,962330
1,326077	-1,718634	-9,789989
1,220756	-1,565441	-9,828286
1,230331	-1,699484	-9,981480
1,287778	-1,699484	-9,933606
1,230331	-1,565441	-9,780414
1,249480	-1,555866	-9,857010
1,278204	-1,498419	-9,847435
1,239906	-1,661186	-9,857010
1,220756	-1,737783	-9,914457
1,335651	-1,594164	-9,847435
1,268629	-1,335651	-9,789989
1,211182	-1,546291	-9,818711
1,278204	-1,651612	-9,828286
1,230331	-1,661186	-9,847435
1,239906	-1,747357	-9,914457
1,287778	-1,613313	-9,962330
1,316502	-1,651612	-9,943181
