2,944177	-2,714388	-9,512326
2,886730	-2,800559	-9,474028
2,838857	-2,944177	-9,579348
2,819708	-3,183541	-9,598496
2,771835	-3,260138	-9,301685
2,656940	-3,202690	-9,225089
2,618642	-3,269712	-9,253813
2,494173	-3,566524	-9,378282
2,513322	-3,805888	-9,330409
2,465449	-3,738866	-9,024023
2,398427	-3,719717	-9,062322
2,417577	-3,968655	-8,995299
2,398427	-4,140997	-8,899554
2,254809	-3,920783	-8,985725
2,187787	-4,016528	-9,464453
2,206936	-4,342063	-9,397431
2,187787	-4,208019	-9,253813
2,092041	-4,169721	-9,091045
2,025020	-4,418660	-9,129343
1,967572	-4,552703	-9,091045
1,833528	-4,437809	-9,244238
1,814379	-4,600576	-9,215514
1,709059	-4,744195	-9,138918
1,632463	-4,629300	-8,889979
1,546291	-4,629300	-8,775084
1,460120	-4,849515	-8,976151
1,383524	-5,117602	-9,119769
1,383524	-5,012282	-8,957002
1,297353	-4,983559	-8,698488
1,163309	-4,926111	-8,669765
1,086713	-5,088879	-8,861256
0,981392	-5,309094	-8,688913
0,895221	-5,069730	-8,535721
0,742028	-5,213348	-8,650616
0,703730	-5,519734	-8,564445
0,607985	-5,586756	-8,372953
0,464366	-5,309094	-8,449550
0,387770	-5,739949	-8,210186
0,263300	-5,816545	-8,181462
0,205853	-5,854844	-8,047418
0,138831	-5,835695	-7,836778
-0,004787	-5,883567	-8,028269
-0,081384	-6,084633	-8,095291
-0,148406	-6,017611	-8,334655
-0,253726	-6,142080	-8,114440
-0,435643	-6,084633	-7,760181
-0,531388	-5,969738	-7,702734
-0,636708	-6,266550	-7,626137
-0,866498	-6,505914	-7,913374
-0,962243	-6,735703	-7,731458
-1,077138	-6,726129	-7,310177
-1,239906	-6,544212	-7,415497
-1,469695	-6,936769	-7,472944
-1,632463	-7,405922	-7,559115
-1,393099	-7,875076	-7,243155
-1,412248	-6,821874	-6,142080
-1,948423	-6,620809	-5,644203
-2,063318	-7,741032	-6,094208
-2,139914	-7,942098	-6,103782
-2,235660	-7,530392	-5,739949
-2,379278	-7,894225	-5,720800
-2,580344	-8,344230	-5,280370
-2,695239	-8,143164	-5,031432
-2,781410	-8,439975	-4,935686
-2,953752	-8,344230	-4,581427
-3,106945	-8,066567	-4,131423
-3,164392	-8,372953	-3,978230
-3,365458	-8,439975	-4,093124
-3,595248	-8,344230	-3,786739
-3,738866	-8,171887	-3,442055
-3,920783	-8,133589	-3,413331
-4,102699	-8,286782	-3,269712
-4,198445	-8,229335	-3,020774
-4,361212	-8,277207	-2,589919
-4,523980	-8,028269	-2,752686
-4,801642	-7,808054	-2,561195
-4,887813	-7,808054	-2,235660
-4,973984	-7,913374	-2,139914
-5,222923	-7,664436	-2,034594
-5,309094	-7,788905	-2,053743
-5,433563	-7,674010	-1,680335
-5,529309	-7,022940	-1,316502
-5,682502	-7,281453	-1,460120
-5,854844	-7,597414	-1,517568
-5,931440	-7,118686	-0,895221
-6,027186	-6,946343	-0,952669
-6,237826	-7,032515	-0,722879
-6,304848	-6,592085	-0,713305
-6,477190	-6,582510	-0,617559
-6,477190	-6,572936	-0,435643
-6,869747	-6,295273	-0,339897
-6,735703	-6,046335	-0,071809
-6,908045	-6,065484	0,081384
-7,080388	-5,519734	0,330322
-7,204857	-5,318668	0,339897
-7,300602	-5,491010	0,387770
-7,405922	-5,175050	0,473941
-7,482519	-5,098454	0,598410
-7,530392	-4,859089	0,952669
-7,568690	-4,562278	1,115436
-7,750607	-4,466532	1,019691
-7,884651	-4,370787	1,029265
-7,942098	-4,102699	1,230331
-8,056993	-3,882484	1,192033
-8,095291	-3,748441	1,460120
-8,143164	-3,595248	1,603739
-8,191036	-3,547375	1,546291
-8,305931	-3,288862	1,584590
-8,334655	-2,838857	1,450546
-8,439975	-2,848432	1,594164
-8,468699	-2,656940	1,747357
-8,382527	-2,656940	1,766506
-8,506997	-2,465449	1,929274
-8,468699	-2,130340	2,044169
-8,621892	-1,919699	1,756932
-8,688913	-1,871827	1,555866
-8,593168	-1,881401	1,843103
-8,602742	-1,555866	1,986721
-8,564445	-1,498419	1,843103
-8,602742	-1,594164	1,967572
-8,564445	-1,211182	2,206936
-8,631466	-1,192033	1,843103
-8,765511	-1,057989	1,871827
-8,650616	-0,722879	2,082467
-8,708063	-0,761178	1,900550
-8,727212	-0,856923	1,929274
-8,679339	-0,636708	2,053743
-8,688913	-0,483515	2,034594
-8,746361	-0,397344	2,120765
-8,775084	-0,234577	2,025020
-8,746361	-0,473941	2,015445
-8,842107	-0,186704	2,149489
-8,861256	-0,167555	2,053743
-8,899554	-0,119682	2,092041
-8,928278	0,244151	2,063318
-8,880404	0,244151	2,063318
-8,889979	0,301599	2,101616
-8,937852	0,435643	2,120765
-8,889979	0,569686	2,082467
-8,880404	0,502664	2,197362
-8,985725	0,732454	2,197362
-8,937852	0,713305	1,986721
-8,870831	0,722879	2,072892
-8,775084	0,742028	2,331405
-8,784659	0,799476	2,216511
-8,889979	0,952669	2,111191
-8,842107	0,904796	2,168638
-8,918703	1,096287	2,082467
-8,880404	1,134585	2,264384
-8,851681	0,933520	2,331405
-8,842107	0,943094	2,312256
-8,822957	0,885647	2,206936
-8,918703	0,952669	2,245234
-8,947427	1,038840	2,254809
-8,889979	1,057989	2,254809
-8,889979	1,048414	2,321831
-8,880404	1,057989	2,187787
-8,928278	1,067564	2,130340
-8,909128	1,115436	2,044169
-8,870831	1,029265	2,254809
-8,832532	1,057989	2,350555
-8,928278	1,105862	2,302682
-8,966576	1,096287	2,197362
-8,947427	1,057989	2,111191
-8,937852	1,057989	2,245234
-8,966576	1,105862	2,302682
-8,909128	1,000542	2,178212
-9,033598	1,038840	2,149489
-8,966576	1,019691	2,235660
-8,851681	1,163309	2,226085
-8,918703	1,077138	2,139914
-8,976151	1,057989	2,063318
-8,861256	1,153735	2,111191
-8,909128	1,115436	2,216511
-8,947427	1,048414	2,245234
-8,947427	1,057989	2,216511
-8,985725	0,990967	2,350555
-8,937852	0,962243	2,350555
-9,024023	1,029265	2,245234
-8,985725	1,115436	2,111191
-8,995299	0,933520	2,293107
-8,976151	0,990967	2,398427
-8,928278	1,010116	2,273958
-9,014449	1,010116	2,120765
-8,976151	0,990967	2,111191
-8,995299	1,019691	2,264384
-8,976151	1,057989	2,168638
-9,052747	1,038840	2,072892
-8,937852	1,019691	2,130340
-8,937852	0,962243	2,321831
-8,976151	1,010116	2,235660
-8,995299	1,067564	2,082467
-8,947427	1,019691	2,149489
-8,957002	1,057989	2,273958
-8,985725	1,096287	2,206936
-9,014449	1,077138	2,139914
-8,966576	1,125011	2,168638
-8,947427	1,019691	2,235660
-9,004874	1,153735	2,197362
-8,947427	1,086713	2,168638
-8,928278	1,105862	2,092041
-8,957002	1,048414	2,149489
-9,024023	1,086713	2,235660
-8,928278	1,163309	2,149489
-8,909128	1,096287	2,178212
-8,985725	1,172884	2,092041
-8,957002	1,153735	2,101616
-8,957002	1,134585	2,149489
-8,928278	1,105862	2,111191
-8,995299	1,105862	2,082467
-8,995299	1,067564	2,101616
-8,985725	1,038840	2,187787
-8,947427	1,067564	2,197362
-8,976151	1,048414	2,340980
-9,004874	1,029265	2,206936
-9,052747	1,019691	1,948423
-9,024023	1,048414	2,072892
-8,966576	1,057989	2,168638
-8,995299	1,029265	2,226085
-8,966576	0,990967	2,159063
-9,004874	1,105862	2,101616
-8,909128	1,019691	2,139914
-8,985725	1,038840	2,101616
-8,995299	1,096287	2,063318
-8,976151	1,086713	2,072892
-8,957002	1,077138	2,139914
-8,976151	1,057989	2,187787
-8,995299	1,115436	2,273958
-8,976151	1,077138	2,206936
-9,033598	1,077138	1,986721
-9,052747	1,077138	2,101616
-8,966576	1,115436	2,187787
-9,024023	0,990967	2,101616
-8,985725	1,038840	2,139914
-9,004874	1,077138	2,139914
-9,033598	1,000542	2,139914
-8,995299	1,057989	2,072892
-8,966576	1,038840	2,063318
-8,966576	1,000542	2,216511
-8,937852	0,962243	2,235660
-8,976151	1,010116	2,139914
-8,985725	1,048414	2,139914
-8,957002	1,010116	2,092041
-8,976151	0,981392	2,149489
-8,957002	1,105862	2,149489
-8,995299	1,038840	2,092041
-9,014449	1,038840	2,092041
-8,928278	1,105862	2,120765
-8,937852	1,000542	2,159063
-8,947427	1,019691	2,178212
-8,995299	1,086713	2,178212
-8,985725	1,057989	2,072892
-8,985725	1,067564	2,120765
-8,928278	1,010116	2,206936
-8,947427	1,000542	2,168638
-9,004874	1,057989	2,159063
-8,937852	0,971818	2,120765
-9,004874	0,952669	2,235660
-8,976151	0,990967	2,245234
-8,957002	0,943094	2,159063
-8,966576	1,019691	2,053743
-8,966576	0,971818	2,120765
-8,937852	0,971818	2,072892
-8,918703	0,952669	2,063318
-8,947427	0,962243	2,082467
-8,918703	0,981392	1,977147
-8,957002	0,990967	2,015445
-8,870831	0,933520	2,130340
-8,918703	0,914371	2,245234
-8,928278	0,876072	2,111191
-8,976151	0,847349	2,101616
-8,976151	0,818625	2,139914
-9,004874	0,799476	2,101616
-8,976151	0,847349	2,226085
-8,976151	0,818625	2,168638
-8,985725	0,742028	2,082467
-8,985725	0,789901	2,101616
-9,033598	0,655857	2,226085
-8,947427	0,675007	2,226085
-8,985725	0,665432	2,130340
-8,957002	0,684581	2,101616
-8,947427	0,646283	2,111191
-8,957002	0,588835	2,149489
-8,928278	0,598410	2,130340
-8,947427	0,569686	1,986721
-8,985725	0,502664	2,015445
-9,004874	0,454792	2,063318
-8,966576	0,359046	2,063318
-8,957002	0,263300	2,101616
-8,918703	0,263300	2,111191
-8,966576	0,129257	2,044169
-9,033598	0,138831	2,092041
-8,976151	0,110107	2,092041
-8,976151	0,014362	2,092041
-8,976151	0,004787	2,025020
-8,995299	-0,100533	2,082467
-8,966576	-0,129257	2,053743
-8,928278	-0,186704	2,025020
-8,976151	-0,196278	1,957998
-8,937852	-0,368621	2,015445
-8,870831	-0,339897	2,044169
-8,851681	-0,521814	1,977147
-8,880404	-0,588835	1,890976
-8,842107	-0,713305	1,929274
-8,803808	-0,799476	1,957998
-8,813383	-0,895221	1,881401
-8,803808	-1,038840	1,910125
-8,755936	-1,115436	1,929274
-8,794233	-1,278204	1,900550
-8,822957	-1,393099	1,833528
-8,794233	-1,527142	1,910125
-8,775084	-1,622888	1,862252
-8,803808	-1,785655	1,871827
-8,794233	-1,862252	1,929274
-8,775084	-1,900550	1,948423
-8,746361	-2,072892	1,756932
-8,870831	-2,178212	1,776081
-8,803808	-2,321831	1,881401
-8,775084	-2,350555	1,948423
-8,803808	-2,513322	1,938848
-8,813383	-2,503747	1,737783
-8,765511	-2,637791	1,737783
-8,727212	-2,656940	1,776081
-8,641041	-2,714388	1,776081
-8,621892	-2,838857	1,728208
-8,554870	-2,858006	1,737783
-8,430401	-2,944177	1,823954
-8,372953	-2,905879	1,747357
-8,277207	-3,078221	1,603739
-8,296356	-3,250563	1,517568
-8,229335	-3,260138	1,594164
-8,286782	-3,422905	1,651612
-8,353804	-3,518651	1,613313
-8,382527	-3,633546	1,651612
-8,334655	-3,710142	1,555866
-8,267632	-3,863335	1,460120
-8,124015	-4,006954	1,393099
-7,999545	-4,217594	1,393099
-7,894225	-4,428234	1,373949
-7,827203	-4,504831	1,115436
-7,788905	-4,638875	0,990967
-7,731458	-4,705896	1,000542
-7,568690	-4,792068	0,962243
-7,492094	-4,763344	0,914371
-7,434646	-4,734620	0,789901
-7,252729	-5,222923	0,387770
-7,262304	-5,787822	0,416493
-7,166558	-5,806971	0,531388
-7,176133	-5,854844	0,502664
-7,156984	-5,960164	0,330322
-7,042089	-6,113357	0,090958
-7,022940	-6,276124	0,167555
-6,917620	-6,410168	0,225002
-6,841023	-6,448466	0,157980
-6,850598	-6,553787	-0,110107
-6,783576	-6,764427	-0,253726
-6,611234	-6,754852	-0,119682
-6,477190	-6,860173	-0,157980
-6,410168	-7,089962	-0,301599
-6,391019	-7,089962	-0,378195
-6,180379	-7,080388	-0,339897
-6,075058	-7,204857	-0,521814
-6,008037	-7,185708	-0,655857
-5,797396	-7,377199	-0,617559
-5,711226	-7,377199	-0,751603
-5,653778	-7,453795	-0,751603
-5,510159	-7,338901	-0,837774
-5,385690	-7,377199	-0,952669
-5,309094	-7,453795	-1,067564
-5,136752	-7,587839	-1,125011
-4,983559	-7,702734	-1,096287
-4,935686	-7,721883	-1,172884
-4,830366	-7,875076	-1,249480
-4,686748	-7,932523	-1,287778
-4,619725	-7,942098	-1,287778
-4,571853	-8,095291	-1,354800
-4,437809	-8,066567	-1,469695
-4,294190	-8,162313	-1,709059
-4,198445	-8,277207	-1,747357
-4,016528	-8,401677	-1,804805
-3,853760	-8,574018	-2,053743
-3,700568	-8,497422	-2,302682
-3,537800	-8,746361	-2,465449
-3,355883	-8,708063	-2,494173
-3,212265	-8,631466	-2,762261
-3,087796	-8,822957	-3,039923
-2,963326	-8,889979	-3,308011
-2,800559	-8,985725	-3,298436
-2,666515	-8,889979	-3,375033
-2,551620	-8,669765	-3,671844
-2,484598	-8,813383	-3,968655
-2,350555	-8,803808	-3,901634
-2,206936	-8,641041	-3,901634
-2,092041	-8,631466	-4,160147
-2,015445	-8,621892	-4,284616
-1,910125	-8,526146	-4,581427
-1,718634	-8,717637	-4,648449
-1,594164	-8,516571	-4,772918
-1,460120	-8,583593	-4,801642
-1,393099	-8,459125	-4,926111
-1,345226	-8,286782	-5,270795
-1,326077	-8,315506	-5,529309
-1,115436	-8,411251	-5,395265
-0,904796	-8,114440	-5,356966
-0,770752	-7,980396	-5,615479
-0,694156	-8,162313	-5,902717
-0,598410	-8,114440	-5,931440
-0,473941	-7,884651	-5,806971
-0,378195	-7,846352	-5,806971
-0,349471	-7,817628	-6,008037
-0,330322	-7,568690	-6,352721
-0,225002	-7,597414	-6,333572
-0,071809	-7,587839	-6,276124
0,023936	-7,338901	-6,429317
0,167555	-7,377199	-6,467616
0,234577	-7,176133	-6,984642
0,416493	-7,252729	-6,908045
0,435643	-7,166558	-7,243155
0,540963	-7,310177	-7,405922
0,627134	-7,252729	-7,147409
0,770752	-6,783576	-7,329326
0,866498	-6,592085	-7,559115
0,847349	-6,218677	-7,865501
0,962243	-6,199528	-7,903800
1,096287	-6,362296	-7,865501
1,192033	-6,170804	-7,970821
1,306927	-5,835695	-7,769756
1,402673	-5,347392	-8,401677
1,364375	-4,935686	-8,775084
1,268629	-4,705896	-8,899554
1,316502	-4,897388	-9,244238
1,622888	-5,146326	-9,129343
1,823954	-5,108028	-8,995299
1,900550	-4,734620	-9,282537
1,919699	-4,696322	-9,119769
1,948423	-4,303765	-9,263388
2,044169	-4,188870	-9,320834
2,101616	-4,035677	-9,531475
2,216511	-3,892059	-9,665519
2,178212	-3,863335	-9,244238
2,130340	-3,777164	-9,397431
2,206936	-3,700568	-9,445304
2,254809	-3,758015	-9,292110
2,302682	-3,489927	-9,339984
2,350555	-3,461204	-9,416580
2,369704	-3,442055	-9,368708
2,436726	-3,375033	-9,272962
2,379278	-3,049498	-9,196365
2,475024	-2,982476	-9,311260
2,570770	-3,173967	-9,320834
2,589919	-3,202690	-9,234664
2,637791	-3,145243	-9,349558
2,714388	-3,106945	-9,445304
2,733537	-3,087796	-9,665519
2,762261	-2,972901	-9,837861
2,790984	-2,781410	-9,598496
2,790984	-2,647366	-9,407005
2,790984	-2,446300	-9,579348
2,819708	-2,589919	-9,962330
2,905879	-2,762261	-9,569773
2,829283	-2,542046	-9,435729
2,829283	-2,417577	-9,387856
2,905879	-2,379278	-9,636795
2,953752	-2,312256	-9,550624
2,944177	-2,168638	-9,608071
3,001625	-2,139914	-9,512326
3,049498	-2,216511	-9,531475
3,039923	-2,168638	-9,569773
3,039923	-2,130340	-9,608071
3,087796	-2,111191	-9,407005
3,097370	-1,986721	-9,416580
3,126094	-2,130340	-9,502751
3,183541	-2,293107	-9,531475
3,154818	-2,178212	-9,483603
3,193116	-2,264384	-9,416580
3,087796	-2,676090	-9,272962
3,135669	-2,752686	-9,320834
3,365458	-2,561195	-9,483603
3,355883	-2,771835	-9,483603
3,288862	-2,790984	-9,464453
3,336734	-2,628217	-9,253813
3,327160	-2,513322	-9,148493
3,317585	-2,542046	-9,301685
3,308011	-2,475024	-9,359133
3,250563	-2,408002	-9,493176
3,202690	-2,398427	-9,512326
3,164392	-2,302682	-9,531475
3,145243	-2,293107	-9,349558
3,078221	-2,312256	-9,320834
3,126094	-2,475024	-9,244238
3,068647	-2,436726	-9,167642
3,059072	-2,379278	-9,196365
3,106945	-2,408002	-9,100619
3,030348	-2,034594	-8,851681
2,944177	-2,034594	-8,937852
3,097370	-2,360129	-9,196365
3,193116	-2,484598	-9,368708
3,097370	-2,513322	-9,550624
3,087796	-2,580344	-9,694242
3,145243	-2,609068	-9,742115
3,087796	-2,532471	-9,665519
3,059072	-2,408002	-9,512326
3,039923	-2,388853	-9,483603
3,020774	-2,398427	-9,493176
3,030348	-2,494173	-9,445304
2,982476	-2,465449	-9,378282
2,992050	-2,427151	-9,263388
2,953752	-2,465449	-9,301685
2,972901	-2,522897	-9,301685
3,020774	-2,570770	-9,272962
3,020774	-2,503747	-9,215514
2,982476	-2,446300	-9,282537
2,963326	-2,503747	-9,282537
2,992050	-2,542046	-9,330409
2,982476	-2,609068	-9,416580
3,011199	-2,628217	-9,416580
3,030348	-2,676090	-9,387856
3,020774	-2,628217	-9,320834
2,972901	-2,455875	-9,186790
2,915454	-2,513322	-9,272962
3,001625	-2,637791	-9,464453
2,992050	-2,580344	-9,416580
2,925028	-2,532471	-9,244238
2,982476	-2,656940	-9,339984
3,039923	-2,628217	-9,282537
2,944177	-2,475024	-9,272962
2,982476	-2,580344	-9,426155
3,049498	-2,685664	-9,435729
2,953752	-2,676090	-9,445304
3,001625	-2,618642	-9,368708
3,001625	-2,666515	-9,253813
3,020774	-2,714388	-9,359133
3,011199	-2,522897	-9,292110
2,944177	-2,542046	-9,177217
3,020774	-2,685664	-9,359133
3,059072	-2,819708	-9,368708
2,963326	-2,704813	-9,320834
2,944177	-2,427151	-9,272962
2,905879	-2,455875	-9,158067
3,030348	-2,858006	-9,263388
3,030348	-2,704813	-9,368708
2,925028	-2,532471	-9,311260
2,992050	-2,752686	-9,339984
3,049498	-2,733537	-9,435729
2,963326	-2,522897	-9,292110
2,972901	-2,714388	-9,205940
3,030348	-2,733537	-9,320834
2,972901	-2,609068	-9,272962
2,963326	-2,704813	-9,311260
2,963326	-2,599493	-9,445304
2,944177	-2,542046	-9,368708
2,963326	-2,637791	-9,311260
