0,870316	1,290466	9,547379
0,939758	1,341934	9,524628
0,949326	1,370667	9,402527
0,994812	1,394608	9,288803
0,944534	1,386230	9,175079
0,908630	1,449677	9,128387
0,924194	1,467636	9,146347
1,077423	1,398193	9,096069
1,167206	1,352707	9,019455
1,247406	1,344330	8,990723
1,391052	1,310806	9,183456
1,367111	1,394608	9,357025
1,279724	1,429321	9,313934
1,204315	1,357498	9,176270
1,126495	1,278488	9,063736
1,059464	1,289261	9,228943
0,980453	1,351517	9,404922
0,972076	1,381439	9,512650
0,982849	1,359894	9,577301
0,982849	1,371857	9,619202
1,100159	1,296448	9,609619
1,118118	1,228210	9,549759
1,195938	1,253342	9,493500
1,201920	1,300034	9,374985
1,169601	1,297638	9,266052
1,162415	1,259338	9,082901
1,136078	1,209061	8,905731
1,128891	1,218628	8,993118
1,204315	1,194687	9,151138
1,200714	1,181519	9,292389
1,250992	1,052231	9,402527
1,211487	1,039062	9,586868
1,140869	1,159973	9,894531
1,086990	1,140823	10,110016
1,067841	0,921753	10,234512
0,975662	0,921753	10,216553
0,899048	1,030685	10,143524
0,851166	1,033081	10,070511
0,906235	0,969635	10,045364
1,009186	0,973221	9,953186
1,049881	1,030685	9,762848
1,049881	1,041458	9,725739
1,276138	0,970840	9,804749
1,249802	1,018723	9,882553
1,221069	0,980408	9,948395
1,290497	0,901398	9,906494
1,241425	0,978012	9,914886
1,145660	0,991180	9,898117
1,206711	1,017517	9,998672
1,347961	1,022308	10,044174
1,250992	1,052231	10,064514
1,235428	1,065399	9,896927
1,218674	1,109695	9,791580
1,189941	1,148010	9,702988
1,124100	1,164764	9,682648
1,170792	1,167160	9,755661
1,250992	1,130051	9,893341
1,316833	1,148010	10,029800
1,369507	1,066605	10,211761
1,446121	1,053436	10,397308
1,437744	1,148010	10,390137
1,456894	1,148010	10,217743
1,483231	1,101318	9,985504
1,435349	1,146805	9,904114
1,431763	1,163559	9,965164
1,543091	1,128845	9,985504
1,489227	1,157578	10,031006
1,513168	1,212646	9,977127
1,516754	1,291656	9,959167
1,514359	1,288071	9,912491
1,666397	1,228210	9,919662
1,828003	1,179123	9,797562
1,884262	1,203064	9,602432
1,880676	1,234192	9,495895
1,816025	1,266510	9,455200
1,693924	1,250961	9,410904
1,734619	1,252151	9,509064
1,820816	1,248566	9,564133
1,811234	1,181519	9,786789
1,895035	1,215042	10,023819
1,916580	1,304825	10,123184
1,898636	1,285675	10,052551
1,786102	1,271301	9,941223
1,836380	1,261734	9,917282
1,842361	1,276093	9,993896
1,868698	1,240173	10,071701
1,920181	1,279678	10,102829
1,889053	1,235397	10,306335
1,934540	1,277298	10,318298
1,921371	1,310806	10,305130
1,942917	1,319183	10,242889
1,978836	1,328766	10,236908
2,019531	1,355103	10,369781
2,059036	1,335953	10,405685
2,018341	1,297638	10,391327
2,002777	1,331161	10,455978
2,050659	1,386230	10,532593
2,073410	1,422134	10,622375
2,127274	1,431717	10,648697
2,123688	1,416153	10,740875
2,203888	1,470032	10,883331
2,094955	1,484390	11,040161
2,067413	1,467636	11,064102
2,098541	1,528687	10,959946
2,128479	1,602905	10,884537
2,256561	1,525085	10,697784
2,315216	1,610092	10,452377
2,342758	1,784866	10,187820
2,464859	1,848312	9,742493
2,585770	1,915344	9,273239
2,712662	1,991959	8,965576
2,910187	2,060196	8,890167
2,968842	2,092514	8,911713
2,897018	2,197861	8,778839
2,779694	2,203842	8,662720
2,608505	2,256516	8,669891
2,494781	2,257721	8,726166
2,426544	2,339127	8,899734
2,432541	2,361862	9,060150
2,484009	2,269684	9,084091
2,432541	2,260117	9,120010
2,415771	2,366653	9,219360
2,499573	2,458832	9,373795
2,642029	2,454041	9,536591
2,706665	2,479187	9,619202
2,740189	2,488754	9,561737
2,712662	2,497131	9,364212
2,713852	2,516296	9,185852
2,725830	2,603683	9,114014
2,795258	2,650360	9,072128
2,849121	2,646774	9,094864
2,835953	2,720993	9,067337
2,829971	2,742538	8,934448
2,888626	2,741348	8,844681
2,911377	2,826340	8,800385
2,987991	2,888596	8,736938
3,077774	2,955627	8,669891
3,047852	2,934082	8,563354
2,972427	2,975983	8,472382
2,937714	3,092102	8,481949
2,940109	3,060974	8,599274
2,892227	3,058578	8,606445
2,849121	3,110046	8,656723
2,845535	3,094498	8,667496
2,891022	3,123215	8,680664
2,919754	3,167511	8,843475
3,008347	3,163925	9,082901
3,028687	3,144775	9,175079
2,948486	3,064560	9,069733
2,858704	3,098083	8,956009
2,791672	3,153152	8,855453
2,770111	3,205826	8,888962
2,789276	3,233353	9,057755
2,819199	3,250107	9,068527
2,881454	3,256104	9,007477
2,845535	3,264481	8,891357
2,828781	3,262085	8,705811
2,877853	3,269272	8,619614
2,950882	3,270462	8,787216
3,031082	3,302780	8,896149
2,983200	3,315948	8,711792
2,911377	3,284836	8,677078
2,882645	3,288422	8,929672
2,876663	3,356659	9,143951
2,858704	3,313553	9,306747
2,831177	3,325531	9,273239
2,782089	3,300385	9,233734
2,795258	3,294403	9,177460
2,788071	3,287216	9,163101
2,703079	3,448837	9,176270
2,717453	3,409332	9,024231
2,867081	3,287216	8,924881
2,910187	3,374619	8,950012
2,823990	3,482346	9,013458
2,773712	3,434464	8,964386
2,718643	3,430878	8,795593
2,628860	3,489532	8,659119
2,545059	3,526642	8,685455
2,529495	3,499115	8,790802
2,522324	3,481155	8,900940
2,571396	3,483551	9,026627
2,634842	3,471573	9,075714
2,566605	3,514679	9,194229
2,588165	3,561356	9,219360
2,704285	3,520660	9,111633
2,782089	3,506287	8,903336
2,833572	3,548187	8,831512
2,833572	3,509888	8,861435
2,735397	3,435669	8,966782
2,478027	3,530228	9,143951
2,274521	3,585297	9,200211
2,221848	3,556564	9,300766
2,269730	3,569733	9,394150
2,351135	3,584106	9,616806
2,485214	3,554184	9,850235
2,527100	3,611633	10,045364
2,586960	3,725357	10,187820
2,662384	3,755295	10,130356
2,765335	3,725357	10,022614
2,887436	3,732544	10,056137
2,858704	3,778030	10,071701
2,892227	3,830704	10,007065
2,859894	3,900146	9,940018
2,780899	3,900146	9,852631
2,687515	3,902527	9,759262
2,554642	3,946823	9,787994
2,461273	4,064148	9,991501
2,497177	4,171875	10,031006
2,527100	4,149139	9,748489
2,486404	4,187439	9,427658
2,574997	4,199417	9,403717
2,730621	4,238922	9,494705
2,837158	4,351440	9,512650
2,846741	4,434052	9,295975
2,700684	4,466370	9,033813
2,574997	4,505875	8,821930
2,500778	4,538193	8,770447
2,507950	4,596848	8,849457
2,563019	4,656708	8,659119
2,689911	4,667480	8,400543
2,736603	4,729736	8,277252
2,668365	4,850632	8,296402
2,675552	4,865005	8,246124
2,658783	4,868591	8,223373
2,592941	4,958374	8,271255
2,527100	4,978729	8,179092
2,547455	4,976334	8,046204
2,552246	5,009857	7,910934
2,510345	5,024216	8,011490
2,464859	5,086472	8,211411
2,381058	5,100830	8,370621
2,300858	5,122375	8,244919
2,292480	5,163086	8,155136
2,330780	5,178650	8,153946
2,347549	5,283981	8,084518
2,146423	5,357010	8,102478
2,164383	5,311523	8,200638
2,191925	5,349823	8,100082
2,120087	5,541367	8,056976
2,201492	5,686218	8,016281
2,303253	5,634735	7,732559
2,359512	5,629944	7,354279
2,331985	5,722122	7,141205
2,347549	5,783173	7,165146
2,393036	5,856201	7,296829
2,394226	5,866974	7,268097
2,390640	5,889725	7,023880
2,426544	5,923233	6,885025
2,448105	5,977112	6,948471
2,469650	6,024994	7,008316
2,367889	6,107590	6,975998
2,243393	6,157867	6,875443
2,227829	6,228500	6,816788
2,237411	6,259628	6,741364
2,268539	6,305115	6,650391
2,276917	6,396088	6,590530
2,217056	6,429611	6,469620
2,189529	6,453552	6,446884
2,182343	6,542145	6,334351
2,240997	6,599594	6,208664
2,291275	6,629532	6,163162
2,328384	6,698959	6,188309
2,309235	6,730087	6,149994
2,252975	6,710938	6,164368
2,215866	6,731277	6,445679
2,205093	6,728882	6,638412
2,092560	6,794724	6,655182
1,951309	6,845001	6,557007
1,915390	6,845001	6,607285
1,971649	6,837830	6,891006
2,069809	6,815079	6,992752
2,080582	6,847397	6,858688
1,974045	6,926407	6,643204
1,891449	6,994644	6,389420
1,790894	7,048508	6,145218
1,708298	7,082031	6,081772
1,584991	7,119141	5,988388
1,449722	7,103577	5,855515
1,343170	7,174210	5,721436
1,324020	7,223297	5,630463
1,485626	7,188568	5,590958
1,599350	7,243637	5,517929
1,570618	7,316666	5,322800
1,528732	7,315460	5,300064
1,575409	7,334625	5,443710
1,508377	7,388489	5,632858
1,416199	7,395676	5,697495
1,391052	7,374130	5,756149
1,368317	7,454330	5,880646
1,422180	7,509399	6,009933
1,417389	7,485458	6,043457
1,381485	7,511795	6,013535
1,321625	7,603973	6,111694
1,268951	7,678192	6,086548
1,301270	7,671005	5,896210
1,337189	7,676987	5,725021
1,387466	7,711700	5,534683
1,338379	7,703323	5,350342
1,267761	7,745224	5,150421
1,145660	7,782333	5,058243
1,077423	7,789520	5,142044
1,057068	7,872116	5,292877
0,998413	8,013382	5,278503
0,917007	8,045700	5,116898
0,851166	7,993027	5,149216
0,690750	8,111542	5,215057
0,627304	8,140274	5,244995
0,687164	8,088791	5,206680
0,721878	8,104355	5,085770
0,675186	8,164215	5,003174
0,630905	8,189346	4,900223
0,633301	8,163010	4,865509
0,644073	8,157028	4,921768
0,580627	8,255188	5,092957
0,572235	8,248016	5,274918
0,523163	8,280334	5,307236
0,450134	8,276733	5,359909
0,415421	8,279129	5,242599
0,320847	8,342575	5,168381
0,284943	8,419189	5,175552
0,326843	8,441940	5,212662
0,457321	8,403625	5,187531
0,641678	8,415604	5,089371
0,617737	8,506577	5,060638
0,519562	8,530518	5,041489
0,421402	8,510178	5,006775
0,282547	8,592773	5,104935
0,198746	8,643051	5,254562
0,160446	8,702911	5,097748
0,033539	8,756775	4,751785
-0,027512	8,734039	4,483627
-0,011948	8,769943	4,642853
0,002426	8,912399	4,630875
0,040726	8,886063	4,509964
0,058685	8,874100	4,342377
0,001221	8,888458	4,235840
-0,101730	8,919586	4,080215
-0,155594	8,866913	3,871918
-0,256149	8,862122	3,818054
-0,375870	8,926758	3,961700
-0,502762	8,949509	4,073029
-0,624863	8,930359	3,971283
-0,653595	8,868103	3,943741
-0,632050	8,870499	4,026337
-0,503952	8,887268	4,222672
-0,374664	8,880081	4,237030
-0,401001	8,899231	3,942551
-0,418961	8,911209	3,689957
-0,464447	8,947113	3,683975
-0,463257	8,999786	3,722275
-0,463257	8,915985	3,491241
-0,535080	8,850143	3,263794
-0,649994	8,881271	3,189575
-0,764923	8,898041	3,153656
-0,908569	8,809448	3,090210
-1,031876	8,888458	2,966904
-1,073776	8,886063	2,850784
-1,036667	8,808258	2,796921
-1,179123	8,841766	2,768188
-1,267700	8,850143	2,673615
-1,280869	8,789093	2,618546
-1,328751	8,768753	2,562286
-1,368256	8,763962	2,485672
-1,358688	8,760376	2,506027
-1,460434	8,743607	2,478485
-1,582535	8,722061	2,322861
-1,678314	8,659805	2,188797
-1,821960	8,614319	2,025986
-1,928497	8,651428	2,009232
-1,916534	8,604752	2,136124
-1,928497	8,607132	2,179214
-2,061386	8,631088	1,908676
-2,234955	8,609528	1,549545
-2,311569	8,585587	1,441803
-2,363052	8,593979	1,545944
-2,438461	8,574814	1,620163
-2,469589	8,508972	1,571091
-2,509094	8,488632	1,579468
-2,507904	8,467072	1,526794
-2,471985	8,409622	1,439407
-2,471985	8,337799	1,446594
-2,556976	8,342575	1,510040
-2,597687	8,257584	1,486099
-2,682678	8,238434	1,537567
-2,884979	8,305466	1,748260
-3,038208	8,277939	1,757843
-3,100464	8,226456	1,579468
-3,119614	8,179779	1,592636
-2,969986	8,172592	2,020004
-3,065750	8,245621	1,908676
-3,117218	8,101959	1,559113
-3,154327	8,100769	1,329269
-3,232147	8,136673	1,196396
-3,321930	8,078018	1,004852
-3,363831	7,995422	0,801346
-3,406921	7,963104	0,693619
-3,479950	7,969086	0,636154
-3,591278	7,970276	0,559540
-3,785202	7,978668	0,366806
-3,927658	7,941559	0,132172
-4,082092	7,916412	0,053162
-4,062927	7,876907	0,022034
-4,156311	7,800293	-0,052185
-4,248489	7,807480	-0,179077
-4,248489	7,807480	-0,188644
-4,211380	7,684174	-0,173080
-4,303543	7,569260	-0,133591
-4,454391	7,564468	0,096268
-4,557343	7,570450	0,316528
-4,504669	7,542923	0,466171
-4,419662	7,504608	0,502075
-4,287994	7,503418	0,418274
-4,198212	7,566864	0,254272
-4,117996	7,599182	0,045975
-4,059341	7,553696	-0,006683
-4,128769	7,586014	-0,040207
-4,248489	7,659042	-0,021057
-4,399323	7,649460	-0,079712
-4,584869	7,583618	-0,170700
-4,693802	7,536926	-0,158722
-4,774017	7,586014	0,078308
-4,904495	7,596786	0,198013
-5,064911	7,583618	-0,011475
-5,188202	7,550095	-0,104858
-5,298340	7,563263	-0,067749
-5,342636	7,575241	0,102249
-5,410873	7,540527	0,201599
-5,464737	7,473480	0,081894
-5,446777	7,453140	0,007675
-5,360596	7,514191	-0,231750
-5,295944	7,559677	-0,547775
-5,312714	7,469894	-0,711777
-5,322281	7,358566	-0,735718
-5,382141	7,423203	-0,787201
-5,391708	7,376526	-0,741714
-5,456360	7,290329	-0,787201
-5,576065	7,277161	-0,996689
-5,582047	7,323853	-0,926071
-5,571274	7,347794	-0,873398
-5,597610	7,254410	-1,075699
-5,637115	7,205338	-1,066132
-5,716125	7,189774	-0,803955
-5,720917	7,168228	-0,625595
-5,850204	7,080841	-0,514267
-6,114761	7,109573	-0,527435
-6,247635	7,060486	-0,477158
-6,197357	6,979080	-0,327515
-6,191376	6,971893	-0,261673
-6,210526	6,945557	-0,441238
-6,180603	6,870148	-0,546585
-6,107574	6,824661	-0,457993
-6,138702	6,805496	-0,361038
-6,098007	6,769592	-0,450821
-6,148285	6,712128	-0,601654
-6,236862	6,716919	-0,770447
-6,269196	6,722900	-0,742905
-6,373337	6,725296	-0,693832
-6,491852	6,738464	-0,715378
-6,550507	6,682205	-0,645935
-6,598389	6,615158	-0,621994
-6,592407	6,531372	-0,601654
-6,609161	6,508621	-0,598053
-6,634308	6,483490	-0,637558
-6,663040	6,437988	-0,782410
-6,694168	6,376938	-0,958389
-6,604385	6,302719	-0,973953
-6,511002	6,321869	-0,908112
-6,531357	6,248856	-0,975143
-6,661835	6,199768	-1,050568
-6,754013	6,221313	-1,090073
-6,788727	6,206955	-1,046967
-6,850983	6,198578	-0,987122
-6,933578	6,144699	-0,930847
-7,097580	6,099213	-0,860229
-7,250809	6,053726	-0,894943
-7,241241	6,002243	-0,847061
-7,308273	5,993866	-0,655518
-7,358551	5,942398	-0,430466
-7,292709	5,805923	-0,333496
-7,158630	5,808319	-0,333496
-7,067657	5,803528	-0,481934
-7,012589	5,750854	-0,669891
-6,995834	5,720932	-0,764450
-6,980270	5,737686	-0,808746
-6,924011	5,734100	-0,782410
-6,958725	5,664673	-0,860229
-7,037735	5,574890	-0,958389
-7,202927	5,552139	-0,996689
-7,413620	5,590439	-0,960785
-7,624313	5,583267	-0,917679
-7,670990	5,509048	-0,916489
-7,740433	5,469543	-0,915283
-7,863724	5,446793	-0,797974
-7,845764	5,408493	-0,763260
-7,845764	5,377365	-0,797974
-7,833801	5,331879	-0,735718
-7,797882	5,331879	-0,695023
-7,654236	5,333069	-0,690231
-7,527344	5,273209	-0,768051
-7,358551	5,231308	-0,971558
-7,140686	5,206177	-1,096054
-6,995834	5,195404	-1,177460
-7,012589	5,194199	-1,325897
-7,067657	5,134354	-1,418076
-7,146667	5,118790	-1,383362
-7,250809	5,125977	-1,256470
-7,414810	5,109207	-1,027817
-7,514175	5,076889	-0,750092
-7,625504	5,105621	-0,684250
-7,793106	5,122375	-0,752487
-7,848160	5,080475	-0,839874
-7,818237	5,091248	-0,830292
-7,826614	5,124771	-0,847061
-7,838593	5,125977	-0,923676
-7,862534	5,076889	-0,999084
-7,860138	5,055344	-1,070908
-7,809860	5,104416	-1,061340
-7,717682	5,106812	-0,978729
-7,660217	5,098434	-1,076904
-7,675781	5,133148	-1,193024
-7,607544	5,124771	-1,167877
-7,530930	5,105621	-1,172668
-7,563263	5,100830	-1,236115
-7,667404	5,124771	-1,349838
-7,727264	5,090057	-1,371384
-7,619522	5,037384	-1,276810
-7,570435	5,115204	-1,257660
-7,593185	5,146317	-1,364197
-7,588394	5,093643	-1,476730
-7,590790	5,124771	-1,477921
-7,624313	5,151108	-1,495880
-7,797882	5,154694	-1,403702
-7,935547	5,135544	-1,380966
-7,996613	5,067307	-1,202591
-8,001389	5,113998	-1,129578
-7,951111	5,134354	-1,102036
-7,933167	5,141525	-1,112808
-7,884079	5,136749	-1,037399
-7,751205	5,058929	-0,982330
-7,657822	5,093643	-1,014648
-7,605148	5,111603	-1,147522
-7,609940	5,069702	-1,245697
-7,711700	5,066116	-1,328293
-7,638672	5,061325	-1,189423
-7,698532	5,055344	-1,072113
-7,766769	5,078079	-1,199005
-7,886475	5,062531	-1,340256
-7,915207	5,084076	-1,413284
-7,857742	5,115204	-1,352234
-7,856552	5,141525	-1,371384
-7,881683	5,115204	-1,552155
-7,964279	5,110413	-1,724533
-7,954712	5,158295	-1,653900
-7,840988	5,170258	-1,455185
-7,820633	5,143921	-1,469543
-7,869720	5,088867	-1,608414
-7,852951	5,027802	-1,564117
-7,873306	5,090057	-1,491089
-7,860138	5,061325	-1,486313
-7,898438	5,063721	-1,380966
-7,930771	5,099640	-1,300751
-7,906830	5,090057	-1,267242
-7,855347	5,081680	-1,255264
-7,836197	5,054138	-1,270828
-7,840988	5,000275	-1,200195
-7,941544	5,015839	-1,159500
-8,004990	5,017029	-1,073303
-8,135468	4,981125	-1,014648
-8,184555	4,963165	-0,944016
-8,204895	4,972748	-0,806351
-8,231232	4,987106	-0,690231
-8,173782	5,008652	-0,703400
-8,004990	4,932037	-0,722549
-7,856552	4,885345	-0,765656
-7,720078	4,908096	-0,855438
-7,588394	4,894928	-0,981125
-7,564453	4,848236	-1,019440
-7,593185	4,906906	-0,964371
-7,777542	4,912888	-1,208572
-7,943939	4,918869	-1,245697
-8,081604	5,017029	-1,206192
-8,219269	5,018234	-1,297165
-8,183350	4,973938	-1,169083
-8,122299	5,003860	-1,085281
-8,098358	5,067307	-1,263641
-8,068436	5,049362	-1,444412
-8,002594	5,009857	-1,487503
-7,964279	5,027802	-1,481522
-7,981049	5,007462	-1,501877
-8,015762	4,957184	-1,458771
-8,037308	4,957184	-1,461166
-7,997803	4,920074	-1,334274
-7,954712	4,967957	-1,246887
-7,846970	4,935638	-1,219360
-7,803879	4,916473	-1,238510
-7,813446	4,924850	-1,322311
-7,879288	4,942810	-1,371384
-7,866119	4,979919	-1,386948
-7,848160	4,975128	-1,295975
-7,830215	5,025421	-1,269638
-7,852951	5,037384	-1,252869
-7,861328	5,051743	-1,354630
-7,890060	5,018234	-1,430038
-7,868515	5,057739	-1,424057
-7,892456	5,084076	-1,342651
-7,970276	5,038574	-1,493484
-7,954712	5,013443	-1,529404
-7,856552	5,088867	-1,450394
-7,796692	5,078079	-1,409698
-7,745209	5,060135	-1,379761
-7,763168	5,111603	-1,400116
-7,801483	5,097244	-1,366592
-7,872101	5,102036	-1,331879
-7,900833	5,038574	-1,323502
-7,919998	5,058929	-1,343857
-7,978653	5,070908	-1,337860
-7,965485	5,072098	-1,303146
-7,935547	5,075699	-1,287582
-7,880493	5,073303	-1,246887
-7,815842	5,046967	-1,300751
-7,819443	5,046967	-1,339066
-7,790710	5,042175	-1,367798
-7,797882	5,062531	-1,328293
-7,878098	5,066116	-1,363007
-7,892456	4,991898	-1,226532
-7,906830	5,032593	-1,238510
-7,876892	5,027802	-1,317520
-7,850555	4,985916	-1,351028
-7,842178	5,027802	-1,354630
-7,861328	5,033798	-1,383362
-7,873306	5,008652	-1,421661
-7,977448	5,025421	-1,412094
-8,076813	5,061325	-1,396530
-8,057663	5,042175	-1,293579
-7,999008	5,064911	-1,184631
-7,911606	5,034988	-1,170273
-7,862534	4,991898	-1,233719
-7,789505	4,997879	-1,240906
-7,710495	5,003860	-1,210968
-7,714096	4,995483	-1,166687
-7,776337	4,960770	-1,225342
-7,849365	4,971542	-1,185837
-7,864929	4,949997	-1,085281
-7,914001	4,955978	-1,015854
-8,007385	4,944016	-1,052963
-8,100754	4,965561	-1,130768
-8,112732	4,985916	-1,169083
-8,091171	4,972748	-1,172668
-8,054062	4,967957	-1,256470
-8,018158	4,933243	-1,406097
-7,984634	4,892532	-1,536591
-7,979843	4,906906	-1,546158
-7,955902	4,910492	-1,534195
-8,020554	4,850632	-1,517426
-8,072021	4,851837	-1,559326
-8,122299	4,909302	-1,573700
-8,121109	4,912888	-1,465958
-8,097168	4,897324	-1,385757
-8,061249	4,884155	-1,334274
-8,069626	4,867401	-1,328293
-8,073227	4,872192	-1,251678
-8,048080	4,848236	-1,264847
-7,991821	4,875778	-1,209778
-7,911606	4,917679	-1,152313
-7,824219	4,903305	-1,185837
-7,793106	4,874573	-1,274414
-7,765564	4,884155	-1,404907
-7,763168	4,899719	-1,558136
-7,807465	4,932037	-1,468353
-7,892456	4,981125	-1,374969
-8,031326	4,991898	-1,395325
-8,086395	4,977524	-1,376175
-8,123505	4,995483	-1,210968
-8,054062	5,003860	-1,160690
-7,949921	5,040970	-1,164291
-7,869720	5,043365	-1,234909
-7,788315	5,007462	-1,276810
-7,735641	5,043365	-1,226532
-7,714096	5,094849	-1,203796
-7,771545	5,102036	-1,215759
-7,765564	5,098434	-1,285187
-7,813446	5,093643	-1,262451
-7,862534	5,124771	-1,252869
-7,928375	5,135544	-1,305542
-7,970276	5,096039	-1,373779
-7,990616	5,113998	-1,355820
-7,921188	5,103226	-1,345047
-7,831406	5,087662	-1,305542
-7,809860	5,099640	-1,378571
-7,811050	5,106812	-1,372589
-7,754791	5,100830	-1,382156
-7,744019	5,119980	-1,348648
-7,789505	5,128357	-1,227737
-7,862534	5,127167	-1,212173
-7,928375	5,147522	-1,136749
-7,903229	5,108017	-1,096054
-7,885269	5,079285	-1,191818
-7,873306	5,062531	-1,227737
-7,791901	5,044571	-1,287582
-7,709305	4,990692	-1,380966
-7,777542	4,997879	-1,364197
-7,899643	5,023026	-1,266037
-8,004990	5,013443	-1,125977
-8,103149	4,991898	-1,197800
-8,098358	5,008652	-1,161896
-8,048080	5,007462	-1,098450
-7,989426	4,990692	-1,142746
-7,934357	4,973938	-1,333084
-7,912811	4,977524	-1,477921
-7,885269	5,002670	-1,449203
-7,893661	4,977524	-1,354630
-7,908020	4,955978	-1,345047
-7,972672	4,936829	-1,316315
-8,037308	4,885345	-1,238510
-8,068436	4,891342	-1,220551
-8,057663	4,857819	-1,226532
-8,039703	4,837463	-1,210968
-8,037308	4,853027	-1,227737
-8,008575	4,796768	-1,231323
-7,976257	4,778809	-1,272034
-7,942734	4,777618	-1,318710
-7,881683	4,785995	-1,327087
-7,900833	4,801559	-1,392929
-7,923584	4,833878	-1,528198
-7,996613	4,861404	-1,561722
-8,043289	4,865005	-1,595245
-8,078003	4,906906	-1,609604
-8,097168	4,880569	-1,655106
-8,122299	4,930847	-1,601227
-8,107941	4,936829	-1,541367
-8,019348	4,903305	-1,450394
-7,928375	4,930847	-1,424057
-7,880493	4,973938	-1,402512
-7,876892	5,007462	-1,440811
-7,842178	4,960770	-1,412094
-7,784714	4,989502	-1,353424
-7,795486	5,014633	-1,334274
-7,852951	5,006256	-1,400116
-7,892456	5,026611	-1,431244
-7,925980	5,051743	-1,339066
-8,020554	5,032593	-1,291183
-8,070831	5,052948	-1,169083
-8,113922	5,069702	-1,151123
-8,088776	5,044571	-1,133163
-7,960693	5,024216	-1,159500
-7,857742	5,014633	-1,227737
-7,788315	5,015839	-1,360611
-7,765564	5,058929	-1,421661
-7,771545	5,058929	-1,419266
-7,775146	5,040970	-1,336670
-7,791901	5,044571	-1,194214
-7,837387	5,076889	-1,021835
-7,899643	5,076889	-1,097244
-8,000198	5,032593	-1,158295
-8,027725	5,050552	-1,207382
-8,028931	5,128357	-1,267242
-7,902039	5,084076	-1,204987
-7,843384	5,038574	-1,181046
-7,840988	5,037384	-1,233719
-7,778732	5,073303	-1,274414
-7,776337	5,067307	-1,214569
-7,739227	5,078079	-1,124786
-7,745209	5,087662	-1,183441
-7,747604	5,049362	-1,199005
-7,789505	5,040970	-1,250473
-7,807465	5,007462	-1,234909
-7,791901	4,984711	-1,210968
-7,875702	5,045761	-1,202591
-7,892456	4,990692	-1,175064
-7,946335	4,949997	-1,288788
-7,954712	4,982315	-1,329483
-7,945129	4,977524	-1,304352
-7,919998	4,932037	-1,361801
-7,942734	4,893738	-1,467148
-8,004990	4,904510	-1,519821
-7,997803	4,911682	-1,469543
-8,021744	4,896133	-1,388138
-8,006180	4,865005	-1,358215
-8,012161	4,855423	-1,414474
-7,966675	4,830292	-1,433640
-7,961884	4,847046	-1,410889
-7,964279	4,870987	-1,384552
-7,972672	4,835068	-1,577286
-8,032516	4,844650	-1,664673
-8,020554	4,891342	-1,570099
-8,026535	4,837463	-1,407303
-7,985840	4,802750	-1,361801
-7,973862	4,849442	-1,382156
-7,993011	4,865005	-1,348648
-8,028931	4,845856	-1,239700
-7,940338	4,821899	-1,146332
-7,864929	4,799164	-1,099640
-7,879288	4,763245	-1,155914
-7,966675	4,827896	-1,147522
-7,978653	4,862610	-1,111618
-8,012161	4,892532	-1,158295
-8,050476	4,838669	-1,160690
-8,032516	4,911682	-1,177460
-8,051666	4,922470	-1,246887
-8,021744	4,942810	-1,380966
-8,020554	4,972748	-1,499481
-7,975052	5,032593	-1,570099
-7,925980	5,086472	-1,640732
-7,890060	5,109207	-1,635941
-7,830215	5,121185	-1,583267
-7,800278	5,137939	-1,602432
-7,808655	5,130753	-1,510254
-7,793106	5,219345	-1,337860
-7,806274	5,246872	-1,257660
-7,852951	5,222931	-1,185837
-7,830215	5,261246	-1,219360
-7,779938	5,237305	-1,275620
-7,755997	5,262436	-1,218155
-7,714096	5,250473	-1,176254
-7,626709	5,236099	-1,199005
-7,718872	5,246872	-1,263641
-7,752396	5,239700	-1,307938
-7,771545	5,198990	-1,323502
-7,801483	5,200195	-1,313919
-7,838593	5,204971	-1,339066
-7,874496	5,207367	-1,339066
-7,867325	5,213364	-1,305542
-7,834991	5,195404	-1,293579
-7,779938	5,181030	-1,258865
-7,705704	5,149918	-1,260056
-7,732040	5,123581	-1,262451
-7,769150	5,128357	-1,268433
-7,842178	5,117584	-1,337860
-7,872101	5,117584	-1,378571
-7,909225	5,068512	-1,424057
-7,921188	5,086472	-1,324692
-7,958298	5,063721	-1,309143
-7,975052	5,073303	-1,388138
-7,982239	5,036194	-1,426453
-7,937943	5,002670	-1,380966
-7,957108	5,031403	-1,333084
-7,965485	5,006256	-1,349838
-7,987030	5,009857	-1,249283
-8,012161	5,025421	-1,117599
-8,039703	4,973938	-1,117599
-8,010971	4,923660	-1,141541
-7,959503	4,963165	-1,060135
-7,890060	4,918869	-1,123581
-7,818237	4,888947	-1,360611
-7,777542	4,897324	-1,573700
-7,805069	4,946411	-1,616791
-7,876892	5,002670	-1,509048
-7,921188	4,954788	-1,371384
-7,946335	4,928452	-1,353424
-7,997803	4,952393	-1,372589
-8,010971	4,964355	-1,364197
-7,987030	4,997879	-1,439621
-7,959503	5,025421	-1,451584
-7,941544	4,965561	-1,397720
-7,933167	4,965561	-1,312729
-7,955902	5,005066	-1,293579
-7,984634	4,995483	-1,348648
-7,979843	5,015839	-1,368988
-7,903229	5,001465	-1,366592
-7,849365	4,995483	-1,401306
-7,790710	5,012253	-1,528198
-7,738037	5,009857	-1,560532
-7,776337	5,008652	-1,535385
-7,800278	5,040970	-1,549759
-7,862534	5,050552	-1,467148
-7,864929	5,051743	-1,370193
-7,876892	5,106812	-1,318710
-7,897247	5,080475	-1,242096
-7,899643	5,070908	-1,182251
-7,915207	5,131958	-1,112808
-7,874496	5,149918	-1,067322
-7,834991	5,124771	-1,055344
-7,788315	5,143921	-1,110413
-7,777542	5,151108	-1,251678
-7,775146	5,130753	-1,268433
-7,717682	5,152313	-1,328293
-7,686554	5,176254	-1,283997
-7,705704	5,165482	-1,327087
-7,747604	5,152313	-1,438416
-7,812256	5,134354	-1,389343
-7,915207	5,166672	-1,260056
-7,961884	5,208572	-1,200195
-7,878098	5,169067	-1,215759
-7,854156	5,157089	-1,206192
-7,755997	5,171463	-1,269638
-7,716492	5,158295	-1,361801
-7,736832	5,122375	-1,442017
-7,763168	5,159485	-1,397720
-7,783524	5,189423	-1,341461
-7,771545	5,157089	-1,353424
-7,772751	5,147522	-1,298355
-7,789505	5,160690	-1,299561
-7,826614	5,152313	-1,275620
-7,904434	5,118790	-1,285187
-7,908020	5,123581	-1,318710
-7,894852	5,147522	-1,318710
-7,882889	5,105621	-1,218155
-7,863724	5,084076	-1,257660
-7,882889	5,066116	-1,324692
-7,878098	5,118790	-1,323502
-7,898438	5,119980	-1,360611
-7,931961	5,091248	-1,436035
-7,908020	5,070908	-1,477921
-7,890060	5,088867	-1,432434
-7,891266	5,093643	-1,299561
-7,869720	5,057739	-1,325897
-7,880493	5,029007	-1,289978
-7,874496	5,052948	-1,143936
-7,861328	5,032593	-1,155914
-7,839783	5,057739	-1,224136
-7,778732	5,060135	-1,210968
-7,750000	5,100830	-1,321106
-7,765564	5,109207	-1,471939
-7,775146	5,042175	-1,522217
-7,781128	5,057739	-1,529404
-7,818237	5,094849	-1,562927
-7,866119	5,057739	-1,591660
-7,867325	5,066116	-1,568909
-7,882889	5,076889	-1,446808
-7,927170	5,087662	-1,363007
-7,929565	5,050552	-1,363007
-7,931961	5,018234	-1,327087
-7,945129	5,052948	-1,269638
-7,929565	5,009857	-1,170273
-7,971466	4,989502	-1,153519
-8,004990	5,021820	-1,269638
-8,027725	4,964355	-1,307938
-7,951111	4,915283	-1,270828
-7,911606	4,922470	-1,257660
-7,964279	4,963165	-1,283997
-7,970276	4,908096	-1,312729
-7,994217	4,891342	-1,294769
-8,021744	4,952393	-1,272034
-8,014557	4,933243	-1,255264
-7,984634	4,909302	-1,292374
-7,979843	4,955978	-1,458771
-7,919998	4,965561	-1,471939
-7,866119	4,967957	-1,414474
-7,908020	4,973938	-1,400116
-7,941544	5,003860	-1,437225
-7,928375	4,984711	-1,427643
-7,941544	4,976334	-1,376175
-7,898438	4,961960	-1,367798
-7,861328	4,965561	-1,383362
-7,866119	4,970352	-1,377365
-7,868515	4,949997	-1,404907
-7,910416	4,940414	-1,336670
-7,945129	4,977524	-1,195404
-7,934357	4,966751	-1,158295
-7,979843	4,963165	-1,261246
-7,977448	4,973938	-1,396530
-7,943939	4,994293	-1,443207
-7,867325	4,971542	-1,456375
-7,778732	4,971542	-1,433640
-7,900833	5,020630	-1,465958
-7,966675	5,069702	-1,407303
-8,000198	5,052948	-1,219360
-8,022949	5,037384	-1,157104
-8,012161	5,070908	-1,182251
-7,976257	5,050552	-1,218155
-7,851761	5,033798	-1,261246
-7,772751	5,021820	-1,336670
-7,815842	5,036194	-1,368988
-7,793106	4,996689	-1,366592
-7,840988	5,027802	-1,333084
-7,880493	5,072098	-1,181046
-7,894852	5,055344	-1,125977
-7,886475	5,038574	-1,264847
-7,928375	5,075699	-1,310333
-7,949921	5,080475	-1,391739
-7,935547	5,106812	-1,428848
-7,927170	5,148712	-1,355820
-7,896057	5,181030	-1,269638
-7,887665	5,183426	-1,402512
-7,923584	5,172653	-1,470749
-7,894852	5,188217	-1,510254
-7,876892	5,242096	-1,392929
-7,765564	5,270813	-1,279205
-7,631485	5,233704	-1,403702
-7,591980	5,234909	-1,566513
-7,563263	5,269623	-1,550949
-7,556076	5,225327	-1,431244
-7,571640	5,238495	-1,313919
-7,632690	5,307922	-1,312729
-7,669800	5,252869	-1,214569
-7,734436	5,285187	-1,043381
-7,717682	5,300751	-1,019440
-7,662613	5,315109	-1,122391
-7,607544	5,331879	-1,159500
-7,478256	5,351028	-1,189423
-7,445938	5,389328	-1,226532
-7,484253	5,431229	-1,328293
-7,518967	5,461151	-1,385757
-7,569244	5,480316	-1,357025
-7,593185	5,491089	-1,351028
-7,570435	5,510239	-1,368988
-7,558472	5,507843	-1,292374
-7,517761	5,528198	-1,322311
-7,432770	5,552139	-1,297165
-7,323837	5,560516	-1,249283
-7,252014	5,585663	-1,209778
-7,208908	5,638336	-1,175064
-7,150253	5,646713	-1,084076
-7,095184	5,644318	-1,000290
-7,114349	5,683823	-1,017044
-7,171799	5,708954	-1,046967
-7,214905	5,770004	-1,066132
-7,232849	5,931625	-1,007462
-7,183777	5,852615	-0,850647
-7,107162	5,797546	-0,875778
-7,110748	5,945984	-0,978729
-7,062866	5,993866	-0,990707
-6,949142	5,949570	-1,054153
-7,050903	6,047745	-0,903320
-6,889282	6,163864	-0,843460
-6,855774	6,080063	-0,697418
-6,829437	6,151886	-0,851837
-6,786331	6,205750	-0,918884
-6,728882	6,186600	-0,764450
-6,736053	6,254837	-0,770447
-6,765991	6,246460	-0,763260
-6,733658	6,194977	-0,739319
-6,660645	6,217728	-0,758469
-6,575653	6,178223	-0,681854
-6,528961	6,246460	-0,770447
-6,558884	6,282364	-0,836288
-6,569656	6,294342	-0,782410
-6,607971	6,351807	-0,693832
-6,549316	6,327866	-0,668686
-6,548111	6,311096	-0,681854
-6,575653	6,391312	-0,712982
-6,582825	6,367371	-0,769241
-6,581635	6,370956	-0,673477
-6,592407	6,453552	-0,558548
-6,551712	6,446365	-0,550171
-6,451157	6,439194	-0,964371
-6,431992	6,457153	-0,601654
-6,127930	6,415253	-0,200623
-6,138702	6,619949	-0,474762
-6,105194	6,491867	-0,552567
-6,051315	6,550522	-0,398148
-6,083633	6,688187	-0,192245
-6,111176	6,700165	-0,060562
-6,155472	6,768387	-0,107254
-6,159058	6,937180	-0,297592
-5,999847	6,903671	-0,489120
-5,849014	7,007812	-0,711777
-5,726898	7,144287	-0,957184
-5,614380	7,147873	-1,066132
-5,571274	7,260406	-1,187027
-5,620361	7,390884	-1,255264
-5,637115	7,410034	-1,388138
-5,649094	7,473480	-1,396530
-5,667053	7,589600	-1,408493
-5,684998	7,580032	-1,601227
-5,679016	7,594391	-1,572495
-5,562897	7,663818	-1,439621
-5,410873	7,661423	-1,269638
-5,313904	7,651855	-1,163086
-5,215744	7,657837	-1,036194
-5,182220	7,606369	-0,762054
-5,177429	7,643478	-0,546585
-5,202576	7,705719	-0,425674
-5,236099	7,744034	-0,380188
-5,169052	7,782333	-0,247314
-5,034973	7,808670	-0,141968
-4,960754	7,862549	-0,146744
-4,888931	7,860153	-0,256882
-4,778793	7,861343	-0,314346
-4,728516	7,906830	-0,311951
-4,656693	7,953522	-0,149139
-4,661484	7,961899	0,047180
-4,645920	7,973877	0,108231
-4,651901	8,044495	-0,030640
-4,615997	8,111542	-0,115631
-4,556137	8,118729	-0,090485
-4,505859	8,157028	-0,033020
-4,440018	8,190552	-0,050980
-4,449600	8,189346	-0,059357
-4,481918	8,234848	-0,110840
-4,485504	8,198929	-0,126404
-4,393326	8,198929	-0,112030
-4,344254	8,256393	0,026825
-4,321503	8,246811	0,165695
-4,252075	8,261185	0,250687
-4,155106	8,220474	0,379974
-4,067719	8,237228	0,484116
-4,021042	8,237228	0,498489
-3,959976	8,250397	0,420670
-3,926468	8,285126	0,437439
-3,919281	8,277939	0,478134
-3,955200	8,281525	0,390747
-3,938431	8,335403	0,393143
-3,965973	8,349762	0,508057
-3,951599	8,317444	0,539185
-3,909698	8,303070	0,520035
-3,827103	8,275543	0,402725
-3,734924	8,280334	0,345261
-3,654724	8,250397	0,357224
-3,641556	8,264771	0,329697
-3,677460	8,250397	0,333282
-3,736130	8,244415	0,423065
-3,754074	8,240829	0,518829
-3,786407	8,236038	0,551163
-3,787598	8,190552	0,622986
-3,701416	8,163010	0,724731
-3,628387	8,182175	0,652908
-3,664291	8,214493	0,456589
-3,691833	8,230057	0,401520
-3,664291	8,305466	0,354828
-3,673874	8,367722	0,296173
-3,575714	8,336594	0,235123
-3,479950	8,356949	0,198013
-3,345871	8,385681	0,250687
-3,305176	8,439545	0,198013
-3,226166	8,482635	0,032806
-3,116028	8,483841	0,119003
-3,041809	8,494614	0,305756
-3,069336	8,522141	0,405106
-3,033432	8,544891	0,664886
-3,063354	8,585587	0,865997
-3,063354	8,597565	1,049149
-3,074127	8,607132	1,185623
-3,042999	8,613129	1,208374
-2,898148	8,633469	1,349625
-2,737747	8,629883	1,483704
-2,596481	8,615524	1,324478
-2,521072	8,754379	1,387939
-2,349884	8,791489	1,368774
-2,454025	8,699310	1,070694
-2,402557	8,815430	0,844452
-2,451630	8,913605	1,152100
-2,400162	8,924377	1,352020
-2,505508	8,876480	1,319702
-2,537827	8,869308	1,264633
-2,540222	8,874100	1,253860
-2,495926	8,853745	1,234711
-2,383408	8,841766	1,114990
-2,227783	8,911209	0,992889
-2,130814	8,892044	0,848038
-2,099686	8,904022	0,825302
-1,984772	9,016541	0,985703
-1,787247	8,842972	1,336456
-1,723801	8,883667	1,502853
-1,738159	8,893250	1,478912
-1,800415	8,790298	1,557922
-1,880615	8,838181	1,848816
-1,905762	8,894440	2,046341
-1,891388	8,825012	2,088242
-1,813583	8,835785	2,099014
-1,681900	8,864517	2,236679
-1,581345	8,869308	2,272583
-1,583740	8,893250	2,320480
-1,534653	8,917191	2,339630
-1,471207	8,937546	2,193588
-1,411362	8,945923	1,985291
-1,395798	8,956696	1,774597
-1,349106	8,935150	1,526794
-1,308411	8,888458	1,429825
-1,211441	8,859726	1,369980
-1,150391	8,789093	1,405884
-1,073776	8,757980	1,648895
-1,052231	8,734039	1,985291
-1,103699	8,678970	2,200760
-1,133621	8,651428	2,364761
-1,145599	8,584396	2,464127
-1,101303	8,535309	2,575455
-1,017502	8,544891	2,752625
-0,943283	8,492218	2,820862
-0,870270	8,459900	2,783752
-0,781677	8,438354	2,681992
-0,757736	8,477859	2,687988
-0,772110	8,394058	2,854385
-0,760132	8,343781	3,048309
-0,715836	8,342575	3,253021
-0,672745	8,330612	3,436172
-0,536270	8,315048	3,619324
-0,354309	8,297089	3,779739
-0,219040	8,269562	3,596588
0,047913	8,270752	3,349976
0,229874	8,283920	3,140488
0,185577	8,285126	3,072250
0,168823	8,264771	3,302094
0,074249	8,336594	3,486450
0,055099	8,240829	3,535538
0,071854	8,251602	3,569046
0,046707	8,313843	3,780930
0,091003	8,275543	3,960495
0,087418	8,273148	4,081406
0,065872	8,301880	4,105347
0,011993	8,364120	4,005997
0,032349	8,337799	3,800095
0,131714	8,288712	3,589401
0,251419	8,285126	3,397858
0,409439	8,250397	3,385895
0,761383	8,184570	3,518768
1,070236	8,216888	3,461304
1,243820	8,226456	3,245834
1,298889	8,173782	3,140488
1,250992	8,180969	3,270966
1,120514	8,213287	3,504410
0,925385	8,153442	3,897049
0,670410	8,122314	4,384277
0,463303	8,076828	4,761368
0,357956	8,036118	5,158798
0,282547	7,948730	5,529907
0,232269	7,881699	5,771713
0,177200	7,837402	5,890228
0,223892	7,739243	5,953674
0,508789	7,619537	6,014725
0,877502	7,621933	5,947693
1,309662	7,524963	5,515533
1,595764	7,491440	5,033112
1,801666	7,492645	4,718262
1,914185	7,461517	4,723053
1,945312	7,461517	4,823608
1,811234	7,462708	4,806854
1,577805	7,441162	4,804459
1,422180	7,417221	4,982819
1,194733	7,439972	5,140839
0,993622	7,433975	5,292877
0,828415	7,394470	5,450897
0,711105	7,454330	5,440125
0,626114	7,280746	5,399414
0,689560	7,179001	5,325195
1,028336	7,110764	5,276123
1,414993	6,837830	5,355118
1,980026	6,714523	5,507156
2,643219	6,720505	5,646027
3,123260	6,643890	5,710663
3,551819	6,454758	5,758545
3,879837	6,440384	5,909378
3,967224	6,552917	6,196686
3,987564	6,502640	6,472015
3,758926	6,465530	6,438507
3,272903	6,481094	6,487579
2,804840	6,509811	6,630035
2,372681	6,465530	6,719818
2,074600	6,393707	6,801224
1,880676	6,354202	7,002335
1,726242	6,398483	7,213028
1,701111	6,341034	7,232178
1,935745	6,248856	7,098099
2,256561	6,068085	6,990356
2,711456	5,981903	7,101700
3,167557	5,911270	7,293228
3,623657	5,844238	7,427307
3,843918	5,770004	7,501526
3,885818	5,738892	7,629623
3,792450	5,758041	7,943253
3,525482	5,789169	8,173096
3,263321	5,796341	8,200638
3,112488	5,735291	8,320343
2,655197	5,822678	8,351471
2,539078	5,615585	8,608841
2,341553	5,706558	8,661514
2,223038	5,702972	8,565750
2,323593	5,544952	8,507095
2,369095	5,461151	8,486740
2,597733	5,386932	8,765671
2,783279	5,418060	8,891357
3,019119	5,377365	8,750107
3,161575	5,292374	8,590881
3,240585	5,276810	8,637573
3,361481	5,222931	8,626801
3,444092	5,128357	8,515472
3,453659	5,142731	8,463989
3,333954	5,183426	8,517868
3,099319	5,115204	8,625610
2,853912	5,075699	8,557373
2,636047	5,027802	8,386185
2,487610	5,015839	8,305984
2,432541	4,939224	8,430481
2,389435	4,860214	8,666306
2,323593	4,745285	8,680664
2,311630	4,588470	8,758484
2,335571	4,498688	9,079300
2,278107	4,514252	9,397736
2,388245	4,398132	9,463577
2,306839	4,378983	9,292389
2,195511	4,305954	9,189438
2,221848	4,229340	9,317535
2,358322	4,150330	9,486313
2,569000	4,096466	9,462372
2,692307	4,067734	9,360626
2,729416	4,019852	9,367813
2,746170	3,921692	9,456390
2,855118	3,786407	9,572510
2,827576	3,812744	9,585678
2,723434	3,768463	9,486313
2,488800	3,697830	9,214584
2,294876	3,627197	9,049377
1,962082	3,710999	9,106842
1,625687	3,694244	9,193024
1,492813	3,512283	9,497086
1,418594	3,493118	9,761658
1,347961	3,476364	9,928055
1,438950	3,347076	10,115997
1,608932	3,335114	10,439209
1,859131	3,343491	10,739685
2,013550	3,292007	10,882141
2,072205	3,215393	10,964737
2,021927	3,233353	10,888123
1,945312	3,238144	10,743271
1,887848	3,218994	10,688202
1,863907	3,218994	10,616379
1,817230	3,240540	10,348236
1,772934	3,229767	9,969955
1,687943	3,172302	9,719757
1,673569	3,094498	9,651520
1,664001	3,083710	9,686234
1,625687	3,132797	9,743698
1,599350	3,102875	9,604828
1,634064	3,047806	9,544983
1,640060	3,014282	9,650330
1,599350	2,948441	9,793976
1,555054	2,922104	9,984314
1,533508	2,900558	10,013046
1,521545	2,889786	9,926849
1,620895	2,777252	9,801163
1,817230	2,782043	9,823898
1,950104	2,792816	9,883759
2,027924	2,682693	9,876572
2,183533	2,625229	9,761658
2,355927	2,646774	9,674271
2,415771	2,700638	9,764053
2,325989	2,772476	9,795166
2,181152	2,821548	9,541382
2,116501	2,750916	9,414490
2,085373	2,780853	9,550964
2,039886	2,917313	9,667084
1,944122	2,907745	9,304367
1,935745	2,898163	9,161911
2,103333	2,912537	9,266052
2,322403	2,896973	9,221756
2,454086	2,930481	9,069733
2,494781	2,954422	9,021851
2,525909	2,942459	9,020645
2,456482	2,949646	8,947617
2,336761	2,932877	8,890167
2,242203	2,894577	9,019455
2,248184	2,858658	9,146347
2,225433	2,850281	9,202606
2,171570	2,838318	9,216965
2,203888	2,803589	9,237320
2,237411	2,784439	9,330704
2,286484	2,784439	9,416885
2,409790	2,736557	9,384567
2,399017	2,718597	9,281616
2,284088	2,720993	9,139160
2,167984	2,738953	8,967972
2,030304	2,732971	8,747711
1,986023	2,701843	8,703415
2,080582	2,612061	8,839890
2,183533	2,588120	9,096069
2,176361	2,553406	9,288803
2,128479	2,451645	9,477936
2,024323	2,500732	9,756866
1,928558	2,530655	10,117188
1,907013	2,463623	10,441605
1,942917	2,432495	10,584061
2,017136	2,401367	10,625961
2,093750	2,432495	10,636734
2,167984	2,474396	10,593643
2,147629	2,427704	10,226120
2,115311	2,387009	9,767639
2,126083	2,412140	9,501877
2,106918	2,482773	9,444427
2,109314	2,463623	9,386963
2,252975	2,329544	9,288803
2,296066	2,282852	9,355835
2,282898	2,378616	9,506668
2,306839	2,391785	9,607224
2,254166	2,325958	9,556946
2,212265	2,274475	9,352249
2,128479	2,352295	9,396530
2,067413	2,351089	9,507874
2,020737	2,298416	9,640747
2,020737	2,329544	9,773621
2,076996	2,365463	9,693420
2,144028	2,349899	9,602432
2,116501	2,275681	9,418091
1,951309	2,363068	9,396530
1,951309	2,407349	9,315140
1,929749	2,383408	9,203796
1,912994	2,427704	9,258865
1,941727	2,461227	9,248093
1,963272	2,466019	9,090073
1,965668	2,387009	9,098465
1,851944	2,352295	9,177460
1,716675	2,378616	9,237320
1,686737	2,388199	9,306747
1,643646	2,376236	9,257675
1,678360	2,317566	9,402527
1,713074	2,276871	9,616806
1,678360	2,244553	9,650330
1,634064	2,234970	9,602432
1,711884	2,142792	9,652710
1,823212	2,187088	9,670670
1,853134	2,248138	9,576096
1,916580	2,147583	9,379776
1,885468	2,121246	9,257675
1,890244	2,170334	9,272034
1,885468	2,115265	9,197815
1,800461	2,067383	9,103241
1,737015	2,073364	9,319916
1,770538	2,049423	9,550964
1,800461	1,959641	9,529419
1,754974	1,934494	9,394150
1,680756	1,941681	9,459976
1,579010	1,908157	9,450409
1,403030	1,875839	9,379776
1,265366	1,827957	9,385757
1,266556	1,774094	9,518646
1,331207	1,709442	9,702988
1,468872	1,708252	9,898117
1,557449	1,678314	9,983109
1,541901	1,623260	9,904114
1,462891	1,575363	9,853836
1,326416	1,608887	9,863403
1,297684	1,568192	9,876572
1,294098	1,477203	9,805939
1,409012	1,504745	9,725739
1,507172	1,496353	9,664688
1,600555	1,413757	9,675461
1,541901	1,413757	9,627579
1,434158	1,478409	9,653915
1,367111	1,436508	9,771225
1,266556	1,412567	9,833481
1,223465	1,425735	9,900513
1,361130	1,361084	9,908890
1,399445	1,315598	9,883759
1,283325	1,369461	9,874176
1,101364	1,418549	10,015442
0,949326	1,401794	10,082474
0,818848	1,382629	10,089661
0,737442	1,382629	10,095642
0,756592	1,362289	10,069305
0,755402	1,358688	9,942413
0,816452	1,380249	9,791580
0,951721	1,362289	9,802353
1,128891	1,339539	9,837067
1,303665	1,309616	9,746094
1,409012	1,279678	9,691025
1,539505	1,254547	9,787994
1,596954	1,298843	9,850235
1,602951	1,301239	9,802353
1,558655	1,274902	9,718552
1,559845	1,289261	9,686234
1,533508	1,312012	9,580887
1,483231	1,306015	9,467163
1,432953	1,295242	9,431259
1,358734	1,304825	9,365417
1,292892	1,291656	9,301971
1,182770	1,268906	9,286407
1,049881	1,271301	9,329498
1,151642	1,256943	9,534210
1,338379	1,197083	9,719757
1,464081	1,126450	9,732925
1,596954	1,142014	9,849045
1,701111	1,149200	9,932831
1,619705	1,122864	9,847839
1,484436	1,104904	9,689819
1,306061	1,110901	9,558151
1,118118	1,136032	9,603638
1,019958	1,144409	9,787994
0,931366	1,130051	9,851440
0,858353	1,071396	9,852631
0,833206	1,106110	9,947205
0,793701	1,168350	10,040573
0,806870	1,107300	10,099228
1,030731	1,071396	9,986710
1,203110	1,066605	9,683838
1,245010	1,098923	9,500687
1,277328	1,144409	9,370193
1,250992	1,149200	9,389359
1,291702	1,167160	9,422867
1,284515	1,203064	9,408508
1,271347	1,225815	9,421677
1,235428	1,255737	9,519836
1,195938	1,295242	9,652710
1,237823	1,349121	9,902908
1,312042	1,319183	10,155502
1,325211	1,328766	10,180634
1,424576	1,358688	10,039383
1,516754	1,355103	10,022614
1,496399	1,375458	10,017838
1,395844	1,406570	9,944809
1,316833	1,400589	9,926849
1,319229	1,377853	9,917282
1,338379	1,351517	9,951996
1,385071	1,375458	10,070511
1,490417	1,368271	10,214157
1,575409	1,282074	10,129166
1,557449	1,236588	9,948395
1,541901	1,240173	9,835876
1,559845	1,180328	9,680252
1,552673	1,151596	9,646729
1,528732	1,143219	9,656311
1,478439	1,132446	9,647934
1,300079	1,064209	9,550964
1,167206	1,013931	9,388153
1,047485	0,966049	9,394150
0,919403	0,944504	9,549759
0,903839	0,904999	9,522232
0,944534	0,860703	9,386963
0,938553	0,812820	9,364212
0,924194	0,810425	9,352249
0,847580	0,726624	9,358231
0,726669	0,672760	9,323517
0,627304	0,676346	9,269638
0,578232	0,684723	9,367813
0,539917	0,663177	9,510254
0,494431	0,642822	9,442032
0,493240	0,611710	9,433640
0,414230	0,582977	9,543777
0,268173	0,632050	9,553360
0,153259	0,648819	9,566528
0,178391	0,609314	9,685043
0,237061	0,677536	9,687439
0,278946	0,687119	9,681442
0,386688	0,597336	9,813126
0,451340	0,671555	9,838272
0,481262	0,732605	9,795166
0,456116	0,679932	9,725739
0,360352	0,720642	9,691025
0,292114	0,797256	9,706589
0,249023	0,822388	9,764053
0,331619	0,861893	9,841858
0,438171	0,974426	9,829880
0,498016	0,896606	9,604828
0,634491	0,936111	9,427658
0,772156	1,016327	9,528214
0,884689	1,003159	9,541382
0,928970	1,022308	9,556946
0,815247	1,061813	9,561737
0,748215	1,089340	9,606033
0,721878	1,137238	9,591660
0,744629	1,143219	9,635956
0,719482	1,136032	9,698212
0,725464	1,119278	9,808334
0,729065	1,140823	9,911285
0,785324	1,128845	10,108810
0,802078	1,122864	10,130356
0,776947	1,157578	10,052551
0,756592	1,118073	9,981918
0,719482	1,054626	9,942413
0,650055	0,988785	9,930450
0,517181	0,988785	9,992691
0,429779	0,984009	10,032196
0,391479	0,993576	10,040573
0,399857	0,991180	9,986710
0,385498	0,921753	9,928055
0,386688	0,938507	9,761658
0,354370	0,930130	9,659897
0,393875	0,891830	9,495895
0,384293	0,943298	9,359421
0,351974	0,943298	9,134369
0,349579	0,901398	9,051773
0,331619	0,933716	8,990723
0,306488	0,972031	8,963181
0,312469	0,915771	8,808762
0,204727	0,821198	8,654327
0,164032	0,775711	8,589691
