-0,377307	2,360669	8,786158
-0,511575	2,188291	7,486702
-0,508857	1,980479	6,126300
-0,463592	1,821883	5,171108
-0,304797	1,553271	4,904953
-0,004409	1,224428	4,489942
0,138209	1,307070	3,910862
0,355733	1,287941	4,312393
0,640836	1,080157	4,177746
0,590245	1,289333	4,103550
0,657035	1,069772	4,677225
0,588824	1,026289	3,949593
0,251760	1,160057	4,116400
0,142985	0,694366	3,823673
-0,243779	0,693396	3,230362
-0,473709	0,387126	3,587940
-0,629883	0,109542	2,831095
-0,887940	0,192028	2,909395
-0,818567	-0,207425	2,852320
-0,742964	-0,253098	2,131500
-0,559886	-0,461048	2,475172
-0,503463	-0,560379	1,637291
-0,567492	-0,322839	1,192034
-0,285439	-0,694014	0,900002
-0,100019	-0,770689	-0,154364
0,120144	-0,766906	0,018244
0,473434	-1,057897	-0,463285
0,531018	-0,856853	-0,877245
0,532078	-1,068551	-0,378090
0,388309	-1,199604	-0,888580
0,062612	-1,014273	-0,657227
-0,069625	-1,337188	-0,524828
-0,324804	-1,346520	-1,052883
-0,493522	-1,383674	-0,509995
-0,469513	-1,626958	-0,700085
-0,552783	-1,453837	-0,769810
-0,521719	-1,541354	-0,371635
-0,715202	-1,369069	-0,539606
-0,747418	-1,615275	-0,779316
-0,952280	-1,291268	-1,187529
-0,725435	-1,399811	-1,301500
-0,407008	-1,542176	-2,221060
-0,168551	-1,374524	-2,980656
0,151512	-1,341917	-3,402531
0,399896	-1,357005	-3,865494
0,509541	-1,263729	-4,186071
0,589591	-1,170920	-4,338139
0,646929	-0,960674	-4,293155
0,610439	-0,708212	-4,143215
0,576449	-0,483244	-3,976328
0,667067	-0,398095	-3,714485
0,775939	-0,386469	-3,417877
0,876452	-0,313960	-3,185364
0,992299	-0,284689	-2,932324
1,047624	-0,252653	-2,780649
1,000904	-0,285436	-2,719636
0,911819	-0,309757	-2,625819
0,862573	-0,280362	-2,590023
0,864351	-0,253977	-2,559482
0,815980	-0,212764	-2,612625
0,670985	-0,149142	-2,726953
0,437191	-0,136550	-2,848103
0,244406	-0,146593	-3,010160
0,061443	-0,055983	-3,165648
-0,089701	0,106532	-3,258446
-0,203926	0,210677	-3,373859
-0,328815	0,196325	-3,472891
-0,485232	0,245158	-3,509978
-0,598879	0,389584	-3,605736
-0,607436	0,470639	-3,719684
-0,512755	0,566135	-3,759121
-0,394884	0,614749	-3,685337
-0,323573	0,717813	-3,536295
-0,208102	0,802180	-3,368208
-0,000796	0,767208	-3,116906
0,203343	0,777523	-2,869892
0,315909	0,770456	-2,679935
0,372430	0,664253	-2,644814
0,410956	0,652069	-2,616731
0,359405	0,640405	-2,571266
0,342114	0,630122	-2,419965
0,344565	0,679354	-2,122727
0,353215	0,666066	-1,761391
0,298856	0,598930	-1,307599
0,219932	0,537567	-0,952219
0,204681	0,486560	-0,522359
0,145544	0,449575	-0,014701
-0,009981	0,430534	0,648078
-0,288587	0,476580	1,249175
-0,587120	0,480862	1,658227
-0,786688	0,378952	1,984505
-0,930071	0,300281	2,319269
-1,151063	0,420278	2,633052
-1,502162	0,560319	2,648495
-1,785921	0,570838	2,618698
-1,902785	0,503595	2,771082
-1,843053	0,497688	3,051973
-1,654484	0,632782	3,328382
-1,403080	0,654663	3,652953
-1,095645	0,573535	3,812047
-0,858315	0,521072	3,736296
-0,679950	0,497302	3,530126
-0,524807	0,528090	3,196635
-0,395908	0,642736	2,692342
-0,267886	0,756486	2,011173
-0,093642	0,735426	1,162662
0,085987	0,617076	0,312429
0,244998	0,619112	-0,436714
0,312832	0,679164	-0,836835
0,409238	0,644845	-0,954856
0,562034	0,572382	-0,931475
0,665093	0,503878	-0,780617
0,704463	0,445241	-0,641730
0,709139	0,353312	-0,403252
0,746400	0,320003	-0,062116
0,866224	0,252169	0,386062
1,060728	0,190248	0,904528
1,239318	0,150282	1,388247
1,372607	0,052233	1,600929
1,352834	-0,027171	1,582416
1,213468	0,031888	1,597293
0,992796	0,121287	1,671438
0,800951	0,235885	1,782475
0,733656	0,369714	1,849271
0,860814	0,403986	1,812693
1,022880	0,435237	1,760445
1,074969	0,353940	1,695661
1,117592	0,295603	1,592112
1,206269	0,295857	1,551412
1,459180	0,287443	1,551420
1,671092	0,185899	1,569627
1,644283	0,050086	1,497987
1,393002	0,051556	1,517298
1,227402	0,236606	1,710872
1,331482	0,514895	2,043869
1,755677	0,674331	2,514245
2,365088	0,711840	2,766047
3,030755	0,630764	2,663912
3,320991	0,508444	2,197206
3,177776	0,501567	1,474294
2,696408	0,607150	0,567472
2,054648	0,788357	-0,304506
1,422491	1,009921	-1,064333
1,005840	1,072256	-1,584095
0,860214	0,968901	-1,693448
1,041553	0,822997	-1,530967
1,366677	0,705333	-1,034197
1,652632	0,686850	-0,296803
1,835411	0,709404	0,489437
1,893548	0,686274	1,312839
1,864387	0,695552	1,989760
1,804668	0,792025	2,501598
1,737741	0,921889	2,697519
1,677498	0,978844	2,578438
1,635053	0,977485	2,343353
1,510118	0,984063	2,078662
1,426441	1,049653	1,880325
1,429410	1,166285	1,734107
1,562034	1,220332	1,630535
1,684418	1,193661	1,638657
1,802429	1,134970	1,721777
1,954309	1,132072	1,802629
2,125607	1,064642	1,779202
2,237741	1,010686	1,732699
2,103354	1,054667	1,751991
1,782293	1,265120	1,908209
1,565655	1,331004	1,825359
1,605906	1,138534	1,283115
1,735786	0,824645	0,574467
1,785114	0,458605	-0,093002
1,611965	0,052760	-0,744787
1,147835	-0,229777	-1,249919
0,409735	-0,370564	-1,557308
-0,367489	-0,509062	-1,624130
-1,006504	-0,632298	-1,346228
-1,521549	-0,886040	-0,915141
-1,773649	-1,214497	-0,640169
-2,051952	-1,222501	-0,192274
-2,272665	-1,319895	0,107632
-2,088200	-1,571151	0,228806
-1,920511	-1,624670	0,756690
-1,886921	-1,552568	1,182831
-1,937626	-1,388576	0,971167
-1,952322	-1,356027	0,297136
-1,943022	-1,418097	-0,465233
-1,976757	-1,533831	-1,181427
-2,067905	-1,590016	-1,602100
-2,155191	-1,543046	-1,756693
-2,198201	-1,354139	-1,878450
-2,319767	-1,184825	-1,849441
-2,458195	-1,041720	-1,861670
-2,559354	-1,033523	-2,155876
-2,653697	-1,140942	-2,701545
-2,720553	-1,213461	-3,292253
-2,734768	-1,305962	-3,788759
-2,701133	-1,299518	-4,117983
-2,648370	-1,290518	-4,117031
-2,681806	-1,265129	-3,825143
-2,722935	-1,141400	-3,415413
-2,772110	-0,997397	-2,864484
-2,587341	-0,909002	-2,335642
-2,640662	-0,731987	-1,713375
-3,142986	-0,540582	-1,348666
-3,541024	-0,155696	-1,380605
-3,417964	0,159879	-0,614152
-3,183517	0,224620	0,461571
-2,992138	0,226632	0,496625
-2,602487	0,079780	0,330259
-2,228511	-0,040558	0,863719
-2,140023	-0,096607	1,184188
-2,160224	0,050083	0,911913
-2,115081	0,171267	0,824343
-1,782080	0,197353	0,924745
-1,103887	-0,011637	0,784803
-0,594852	-0,129012	0,575181
-1,011221	0,220485	0,630604
-1,184392	0,458907	0,351261
-1,002091	0,505980	0,228335
-0,868714	0,391381	0,150100
-0,869276	0,139765	-0,038892
-0,908018	-0,112285	-0,402696
-1,032872	-0,234444	-0,914954
-1,130839	-0,182758	-1,418621
-1,109615	-0,111734	-1,621396
-1,000704	-0,084602	-1,643796
-0,890578	-0,110773	-1,512327
-0,322692	-0,466902	-2,373436
0,155567	-0,513341	-2,702252
0,270022	-0,420255	-2,439524
0,303164	-0,328538	-2,307882
0,322976	-0,260914	-2,443901
0,163568	-0,206815	-2,369793
0,298458	-0,332090	-2,793174
0,416891	-0,357615	-2,756475
0,347880	-0,271725	-2,566227
0,176790	-0,134055	-2,540445
0,030336	-0,090972	-2,614619
0,036720	-0,073730	-2,502548
0,566632	-0,255309	-2,600586
0,740610	-0,221484	-2,322766
0,425850	-0,045986	-2,204893
0,275556	0,006302	-2,568370
0,189805	0,093152	-2,790195
0,077149	0,251694	-2,945620
0,090443	0,321058	-3,125514
0,221756	0,256846	-3,270394
0,262634	0,246664	-3,030024
0,203406	0,385990	-2,640461
0,003752	0,544388	-2,403507
-0,104261	0,607886	-2,139236
-0,166722	0,651995	-1,740124
-0,162113	0,646095	-1,336545
0,002475	0,574335	-0,833652
0,207876	0,518843	-0,224466
0,465092	0,499352	0,296391
0,681412	0,465558	0,757133
0,710804	0,473008	1,275127
0,639517	0,475123	1,746017
0,577690	0,533333	2,001111
0,470770	0,634479	2,125706
0,323943	0,738381	2,155460
0,235216	0,745856	2,199381
0,064626	0,711602	2,254622
-0,173348	0,753156	2,280626
-0,477705	0,760545	2,203737
-0,784385	0,788477	2,065615
-0,998126	0,772518	1,925429
-1,142312	0,697507	1,847765
-1,218390	0,740916	1,810524
-1,389385	0,886751	2,039313
-1,446701	0,942116	1,635283
-1,050097	0,861908	1,721935
-0,990432	1,012268	1,906198
-0,853637	0,921863	1,947285
-0,864880	0,866775	2,300992
-0,235080	0,572753	1,512315
0,250547	0,543432	1,910865
0,140110	0,792924	2,467229
0,053666	0,842152	2,548381
0,702771	0,569339	2,556820
0,694383	0,804068	3,151572
0,461646	1,015788	3,346782
1,131634	0,678549	3,498153
1,419590	0,636699	3,956360
1,587686	0,596505	3,998267
1,771015	0,461884	3,665008
1,450333	0,687452	3,395519
1,299133	0,778856	2,407089
1,492285	0,694912	2,213928
1,544341	0,622958	1,987586
1,704736	0,573073	1,535479
1,896259	0,614550	0,941078
1,885721	0,834498	0,417670
1,451118	1,054501	0,237420
1,745074	0,850302	-0,951629
1,974502	0,688860	-1,152990
1,648547	0,758901	-1,098600
1,336086	0,752689	-1,064672
1,141647	0,654824	-1,165861
1,083789	0,568878	-1,183604
1,108364	0,382312	-1,030196
1,184531	0,191884	-0,856712
1,369964	0,058696	-0,647064
1,497241	-0,012419	-0,396033
1,510952	-0,122935	-0,256487
1,393588	-0,178793	-0,221474
1,161794	-0,172722	-0,274860
0,933268	-0,112323	-0,409512
0,689156	-0,067837	-0,586179
0,485249	-0,080124	-0,693040
0,346060	-0,132092	-0,520911
0,328557	-0,206235	-0,260638
0,351921	-0,323009	0,004099
0,312176	-0,474837	0,238875
0,311985	-0,635571	0,360607
0,194046	-0,724888	0,396701
0,102563	-0,785819	0,403554
0,101203	-0,823065	0,304643
0,080962	-0,886381	0,154652
0,071484	-0,918834	-0,023764
0,106979	-0,921810	-0,229692
0,138257	-0,899302	-0,422218
0,198716	-0,901400	-0,552301
0,330397	-0,879140	-0,636250
0,479796	-0,837381	-0,711063
0,645287	-0,851863	-0,723037
0,787250	-0,880696	-0,746032
0,928591	-0,903751	-0,712707
0,990920	-0,878140	-0,704236
1,008214	-0,805943	-0,779819
0,932975	-0,709878	-0,900625
0,875677	-0,557368	-1,049944
0,906437	-0,478451	-1,157912
0,932962	-0,429697	-1,189684
0,945577	-0,409834	-1,266835
0,932670	-0,436082	-1,357267
0,813177	-0,421657	-1,448777
0,597868	-0,394784	-1,517188
0,394017	-0,373286	-1,477117
0,224235	-0,317781	-1,347380
0,120013	-0,262843	-1,188036
0,059621	-0,284969	-1,039491
0,006511	-0,310337	-0,878517
-0,090555	-0,299991	-0,693231
-0,141402	-0,252444	-0,492341
-0,145678	-0,194289	-0,257887
-0,075368	-0,201403	-0,010936
0,004830	-0,209011	0,163627
0,070905	-0,218917	0,256365
0,140037	-0,190454	0,266384
0,199175	-0,152363	0,183420
0,280972	-0,087418	0,019355
0,361728	-0,051733	-0,187543
0,372695	-0,046184	-0,405735
0,302941	-0,041732	-0,535269
0,171492	-0,015185	-0,658062
0,064403	0,029990	-0,768747
-0,105534	0,079535	-0,858247
-0,232864	0,077031	-0,913563
-0,367297	0,028104	-0,885037
-0,404922	0,041636	-0,742515
-0,477172	0,068746	-0,526006
-0,511987	0,077982	-0,358562
-0,524507	0,102608	-0,177670
-0,565174	0,162531	0,036942
-0,541202	0,193233	0,105212
-0,504788	0,161288	0,082253
-0,443100	0,130947	0,047614
-0,433960	0,146896	0,112786
-0,413245	0,162524	0,204194
-0,391888	0,232497	0,253382
-0,391086	0,256860	0,279317
-0,356924	0,217939	0,189933
-0,347783	0,189683	0,144281
-0,333780	0,174721	0,156611
-0,295748	0,150311	0,164547
-0,251930	0,210276	0,202511
-0,188129	0,214192	0,198398
-0,082510	0,193375	0,198941
0,025923	0,123096	0,239597
0,118431	0,002713	0,209878
0,165606	-0,101260	0,256965
0,177505	-0,220827	0,335821
0,119018	-0,317445	0,281108
0,046374	-0,311415	0,335018
-0,111351	-0,283605	0,405917
-0,254755	-0,228800	0,531594
-0,335969	-0,177291	0,657038
-0,472754	-0,206957	0,871346
-0,628155	-0,183766	0,902021
-0,568613	-0,186271	0,913157
-0,681856	-0,172967	1,187337
-0,608693	-0,184345	1,186418
-0,710099	-0,185782	1,406910
-0,698316	-0,211833	1,273965
-0,726255	-0,245114	1,366804
-0,756260	-0,283249	1,292650
-0,629899	-0,353968	1,224696
-0,582447	-0,380855	1,117660
-0,540664	-0,447384	0,938183
-0,577136	-0,480491	0,841526
-0,623562	-0,467706	0,746963
-0,662607	-0,400983	0,696215
-0,633516	-0,332273	0,591445
-0,633229	-0,308922	0,456872
-0,622464	-0,269159	0,504364
-0,622471	-0,228731	0,624720
-0,641629	-0,196400	0,893379
-0,697178	-0,261503	1,228973
-0,738748	-0,292527	1,591309
-0,791145	-0,314466	1,812219
-0,891497	-0,323399	1,862532
-0,958364	-0,277872	1,883641
-1,022392	-0,218465	1,940739
-1,094684	-0,185307	1,940457
-1,181240	-0,167398	1,938303
-1,255283	-0,216280	1,817842
-1,336538	-0,293690	1,636232
-1,391972	-0,349869	1,464125
-1,458341	-0,317249	1,345604
-1,528672	-0,260500	1,177032
-1,596437	-0,159560	1,039307
-1,591273	-0,051037	0,848694
-1,514351	0,030045	0,613831
-1,298627	0,129382	0,382849
-1,068589	0,161916	0,142509
-0,803162	0,156352	0,078570
-0,497913	0,218929	0,187356
-0,120608	0,208664	0,283003
0,208055	0,159265	0,239818
0,360853	0,140828	0,084591
0,402647	0,085843	0,000631
0,353722	0,034202	-0,154634
0,256159	0,014910	-0,252039
0,094795	0,025331	-0,262923
-0,120490	0,014528	-0,265881
-0,332940	-0,021898	-0,224203
-0,516303	-0,036672	-0,117106
-0,622771	-0,025517	0,011662
-0,652404	-0,069253	0,085940
-0,598535	-0,103279	0,124294
-0,494160	-0,088372	0,159775
-0,334988	-0,073566	0,144092
-0,151157	-0,051199	0,144009
0,062949	-0,001689	0,139145
0,271587	0,035038	0,099830
0,493076	0,020364	-0,042719
0,668362	-0,032549	-0,233369
0,725266	-0,078713	-0,331312
0,601282	-0,090741	-0,176940
0,413985	-0,098447	-0,018017
0,210521	-0,109410	0,112002
0,008493	-0,109550	0,199734
-0,150274	-0,117327	0,321640
-0,241838	-0,150368	0,548450
-0,233692	-0,180622	0,711697
-0,127579	-0,213455	0,790573
0,003284	-0,234924	0,773242
0,164468	-0,220508	0,686587
0,336518	-0,172573	0,562685
0,491395	-0,102622	0,396510
0,607642	-0,031341	0,226229
0,666155	0,040052	0,074684
0,680409	0,033958	-0,095404
0,597953	0,026202	-0,198906
0,486981	0,033413	-0,285529
0,337875	0,038229	-0,299297
0,147717	0,034404	-0,317966
0,054966	-0,043338	-0,399941
0,011417	-0,046170	-0,431049
-0,000449	-0,076194	-0,339090
0,039863	-0,078191	-0,192745
0,129571	-0,085539	-0,113974
0,214753	-0,087584	0,009382
0,342273	-0,052831	0,049644
0,441409	-0,049931	0,097174
0,517849	-0,021744	0,030815
0,525363	-0,026013	-0,041424
0,464346	-0,027512	-0,055172
0,379143	-0,043079	-0,057541
0,290863	-0,060330	-0,118823
0,089038	-0,076987	-0,020351
-0,077207	-0,126714	0,203018
-0,249473	-0,132023	0,323315
-0,383453	-0,093168	0,304611
-0,455200	-0,125291	0,250402
-0,423535	-0,215150	0,178288
-0,311057	-0,204676	0,103373
-0,173199	-0,245150	0,076948
-0,028415	-0,266029	0,040489
0,074949	-0,236762	0,000788
0,081028	-0,172173	-0,055876
0,077274	-0,111884	-0,146214
0,050320	-0,096209	-0,229020
0,031638	-0,061647	-0,228224
0,066497	-0,067518	-0,180662
0,108739	-0,081786	-0,163683
0,173185	-0,106603	-0,155849
0,212291	-0,110185	-0,150535
0,203353	-0,112086	-0,129046
0,141613	-0,101168	-0,161659
0,037632	-0,004311	-0,159015
-0,023533	0,199579	0,187864
-0,097354	0,176899	-0,144680
-0,095119	-0,031820	-0,590744
-0,090463	-0,195927	-0,686170
-0,052253	-0,265922	-0,570957
-0,063836	-0,198370	-0,437613
-0,200459	-0,039946	-0,198771
-0,235074	0,035085	-0,261496
-0,170823	0,014664	-0,313579
-0,136658	-0,045727	-0,267147
-0,058570	-0,130441	-0,049948
0,015400	-0,128291	0,152534
0,024771	-0,088265	0,253229
0,042803	-0,061994	0,296431
0,052431	-0,098436	0,238109
0,057277	-0,089283	0,125362
0,027621	-0,041739	0,104123
0,028798	0,054707	0,151292
0,042191	0,114639	0,113367
0,125696	0,103198	0,082075
0,196321	0,040420	0,111631
0,298793	-0,034693	0,113243
0,320443	-0,029671	0,100177
0,354035	-0,057257	0,200808
0,394312	-0,049639	0,326320
0,374825	-0,021510	0,387472
0,306574	-0,039242	0,407658
0,243342	-0,040012	0,467861
0,187008	-0,072232	0,463364
0,104599	-0,083640	0,369727
-0,021667	-0,055425	0,185650
-0,069043	-0,021354	0,023067
-0,043748	-0,039105	-0,202774
-0,045533	-0,008298	-0,441857
-0,064197	0,002932	-0,603450
-0,093496	0,010011	-0,691525
-0,085332	0,076002	-0,820419
-0,099869	0,094322	-0,897669
-0,181409	0,088861	-0,841682
-0,163328	0,126643	-0,779645
-0,029149	0,134823	-0,840146
0,135665	-0,043448	-0,697984
0,334545	-0,182244	-0,285438
0,506088	-0,178351	0,084809
0,587793	-0,041167	0,138709
0,578450	0,088685	0,094695
0,487662	0,112134	0,138965
0,394915	0,030333	0,204055
0,350405	-0,018837	0,249438
0,302357	-0,033258	0,307766
0,274442	-0,028523	0,342941
0,188914	-0,024735	0,262866
0,056319	0,002234	0,162405
-0,024854	-0,033650	0,158659
-0,124278	-0,051810	0,156614
-0,203805	-0,017510	0,077403
-0,277009	0,000359	-0,031925
-0,315455	0,032844	-0,174942
-0,299287	0,016705	-0,409058
-0,306471	0,007614	-0,580078
-0,338072	-0,025513	-0,596216
-0,383471	-0,039563	-0,521029
-0,393922	-0,062302	-0,388100
-0,387916	-0,036426	-0,255890
-0,327569	0,056088	-0,154907
-0,239082	0,062107	-0,074133
-0,061016	0,065006	-0,015251
0,161880	0,017532	0,013654
0,398608	-0,055884	0,063597
0,601406	-0,101214	0,184959
0,700436	-0,112575	0,216913
0,675266	-0,114950	0,229085
0,572769	-0,140813	0,313505
0,441943	-0,156693	0,333165
0,272146	-0,141639	0,390079
0,120988	-0,105645	0,503592
-0,059313	-0,070160	0,562811
-0,154701	-0,027393	0,594853
-0,208038	-0,035318	0,650187
-0,226770	-0,008149	0,672421
-0,151729	-0,054408	0,621250
-0,106051	-0,082784	0,458694
-0,051332	-0,096879	0,316198
-0,022865	-0,117725	0,116972
0,000861	-0,065445	-0,081678
0,025591	0,005102	-0,246348
0,001320	0,088359	-0,402975
-0,023846	0,122396	-0,441130
-0,056431	0,101750	-0,408458
-0,044180	0,066080	-0,328683
-0,056413	0,087337	-0,299335
-0,073866	0,087118	-0,196365
-0,099315	0,000737	-0,054626
-0,093820	-0,010910	-0,005396
-0,118147	0,015223	-0,005269
-0,096434	0,040901	-0,030069
-0,110668	0,035602	-0,070027
-0,126840	0,005496	-0,109659
-0,136909	-0,001353	-0,210311
-0,118145	0,005619	-0,253478
-0,128989	-0,027109	-0,299511
-0,104143	-0,051374	-0,282700
-0,061293	-0,123460	-0,297986
-0,136180	-0,089186	-0,330332
-0,243026	0,050270	-0,204878
-0,242297	0,088104	0,058278
-0,114358	0,098254	0,228580
0,132611	0,061367	0,237454
0,333066	-0,054336	0,248374
0,480967	-0,104761	0,196782
0,557161	-0,122114	0,119120
0,508937	-0,102477	0,001449
0,310421	-0,097313	-0,115675
0,141074	-0,098920	-0,228539
-0,042280	-0,044651	-0,269025
-0,143956	0,012155	-0,178819
-0,213810	0,063362	-0,023353
-0,201700	0,067926	0,127851
-0,133577	-0,037591	0,281359
-0,107826	-0,163190	0,426210
-0,131268	-0,214829	0,500893
-0,162473	-0,157508	0,504145
-0,221922	-0,116424	0,505794
-0,242662	-0,067285	0,456344
-0,229554	-0,035627	0,406261
-0,220997	-0,017967	0,348948
-0,111673	-0,017254	0,194881
0,003557	-0,030076	0,095566
0,128297	-0,015442	-0,071020
0,224269	0,011584	-0,170781
0,271346	0,008315	-0,260172
0,272619	0,000903	-0,330721
0,229594	-0,005980	-0,374709
0,182711	-0,033519	-0,381164
0,146169	-0,029684	-0,359521
0,088212	-0,005559	-0,269428
0,004481	-0,037003	-0,092959
-0,066325	-0,034388	0,022361
-0,099984	-0,015059	0,152923
-0,139362	0,022426	0,198950
-0,185232	0,032308	0,253019
-0,201811	0,067021	0,196666
-0,231359	0,042130	0,118062
-0,199455	0,013587	0,049442
-0,095404	0,000335	-0,014071
-0,021733	-0,044739	-0,099367
0,072640	-0,024305	-0,085243
0,150043	0,038979	-0,068194
0,154520	0,045551	-0,025821
0,119783	0,032608	0,018614
0,058473	0,034704	0,041698
-0,006847	0,038298	0,028573
-0,093588	0,058410	0,004658
-0,155315	0,036193	-0,017343
-0,141488	-0,017005	-0,040681
-0,131391	-0,046172	-0,067030
-0,099364	-0,026403	-0,134068
-0,069921	-0,007719	-0,203971
-0,032951	0,015858	-0,209148
0,010041	-0,004550	-0,233396
0,009937	0,020298	-0,245139
-0,030356	0,021024	-0,201860
-0,056841	0,015867	-0,240016
-0,072292	0,015562	-0,161361
-0,024313	-0,011488	-0,104198
0,001619	-0,036962	-0,065158
0,056837	-0,044889	0,057054
0,078038	-0,031126	0,141407
0,116056	-0,012450	0,154300
0,097630	-0,024328	0,185696
0,147062	-0,043400	0,220383
0,134886	-0,031851	0,218445
0,114610	-0,056133	0,140271
0,060084	-0,026706	0,118931
-0,028544	0,009287	0,080777
-0,038155	-0,004069	0,090476
-0,054462	-0,008040	0,106853
-0,027298	0,003138	0,058677
0,009766	0,016878	0,000970
0,029846	-0,000865	-0,069134
-0,020178	-0,023678	-0,072543
-0,042961	-0,015110	-0,126027
-0,071723	0,025266	-0,184147
-0,122490	0,003929	-0,172220
-0,116193	0,010809	-0,125325
-0,070933	0,000029	-0,075357
-0,072066	0,007677	-0,018147
-0,061486	0,009975	0,001766
-0,042475	-0,001590	0,054087
0,037834	-0,008939	0,110298
0,094440	0,031155	0,137079
0,142593	0,045993	0,142232
0,154296	0,070315	0,082181
0,194299	0,045718	0,042759
0,185127	-0,023753	-0,031869
0,130865	-0,009432	-0,093488
0,059685	0,016392	-0,166734
0,028595	0,026529	-0,183191
-0,004895	0,029842	-0,169527
-0,024033	0,043978	-0,156691
-0,064234	0,029445	-0,094712
-0,060970	0,026425	-0,034583
-0,036325	0,016355	-0,000859
0,002544	-0,009902	0,042416
0,011618	-0,004089	0,063620
0,001628	0,025452	0,112187
0,072165	0,006958	0,051444
0,135307	0,001734	0,038275
0,093878	-0,020635	0,044988
0,043499	0,007430	-0,027218
0,024264	0,024145	-0,098386
-0,033250	0,021220	-0,132346
-0,090772	0,032308	-0,139385
-0,164549	0,003813	-0,175680
-0,158458	-0,020888	-0,137663
-0,157418	-0,036828	-0,099596
-0,163276	-0,052436	-0,069142
-0,185211	-0,028545	-0,024674
-0,113696	-0,011349	0,061669
0,000987	-0,031101	0,172871
0,066866	-0,037332	0,213956
0,108083	-0,041352	0,258311
0,125724	-0,029261	0,270809
0,095794	-0,038729	0,254001
0,087170	-0,038637	0,223318
0,044834	-0,037623	0,157585
0,002359	-0,029134	0,129901
0,013374	-0,068315	0,131692
0,021234	-0,025929	0,064167
0,001667	-0,024576	0,024514
-0,059006	-0,043599	0,041645
-0,138184	0,015878	0,032351
-0,143103	0,020368	0,042165
-0,087676	0,025865	0,060551
-0,052892	0,030275	0,051310
-0,008805	0,025172	0,040095
0,036059	0,035457	0,019626
0,062367	0,043698	-0,030272
0,044144	0,034958	-0,048155
0,049683	0,027002	-0,069176
0,059852	0,025435	-0,102264
0,062249	0,027050	-0,131604
0,053632	0,054208	-0,125401
0,029502	0,052937	-0,110855
0,002533	0,028946	-0,104004
0,029797	0,035608	-0,140662
0,011386	0,027522	-0,152752
-0,000473	0,031600	-0,128916
-0,004212	0,023364	-0,104085
-0,011988	-0,005247	-0,084232
0,014360	0,002504	-0,078873
0,003822	0,025941	0,021179
-0,018012	0,017884	0,078235
-0,027813	0,044947	0,110476
-0,039486	0,033089	0,162110
-0,051706	0,002521	0,182362
-0,030830	-0,052561	0,150686
-0,008380	-0,073653	0,173223
-0,006704	-0,035936	0,138578
0,021443	-0,010561	0,094579
0,024821	0,011669	-0,009566
0,038057	0,027524	-0,073742
0,087904	-0,009585	-0,135605
0,085643	-0,037356	-0,184143
0,066598	-0,026052	-0,249781
0,006355	0,005013	-0,264949
-0,020771	-0,014178	-0,265585
-0,044388	-0,021877	-0,203850
-0,028808	0,011221	-0,183197
-0,020178	0,008025	-0,112084
-0,001775	-0,002198	-0,043696
0,000497	-0,023792	0,067521
-0,022589	-0,027652	0,112428
-0,061162	-0,043191	0,166566
-0,113102	-0,042207	0,241468
-0,126870	-0,028980	0,243932
-0,129267	-0,044253	0,190360
-0,118734	-0,016250	0,111102
-0,062431	-0,018749	0,106118
0,024750	-0,014035	0,063825
0,088758	-0,015061	0,009886
0,087290	-0,016834	-0,032313
0,046846	0,005686	-0,069906
-0,013280	0,017952	-0,067424
-0,020206	0,013409	-0,057760
0,027890	0,002109	-0,078776
0,074033	-0,021299	-0,098458
0,109984	0,013601	-0,096955
0,167467	0,049186	-0,116835
0,165577	0,024993	-0,052281
0,124808	0,023815	-0,002567
0,055791	0,030551	0,089890
-0,034859	0,017740	0,157142
-0,078644	0,001740	0,206158
-0,119422	-0,016808	0,231967
-0,124260	-0,025898	0,266018
-0,118561	0,026206	0,231967
-0,143689	0,001812	0,174087
-0,167625	0,007199	0,100951
-0,151336	0,031614	0,076941
-0,075109	0,021470	0,021330
0,012703	0,007594	-0,045192
0,092523	-0,014994	-0,023703
0,142012	-0,009127	-0,098454
0,091576	0,031969	-0,126639
0,048370	0,051429	-0,148235
-0,004407	0,051678	-0,210531
0,014675	0,050925	-0,204814
0,052915	0,020623	-0,231844
0,092136	-0,026593	-0,175905
0,097647	-0,023191	-0,101454
0,088652	-0,022386	-0,039024
0,115941	-0,012159	0,031988
0,087956	0,029531	0,058146
0,052176	0,037992	0,069503
0,030242	0,007408	0,033581
-0,005494	0,015509	0,003879
-0,046534	-0,014412	-0,068724
-0,073616	0,002838	-0,136388
-0,052191	0,031006	-0,176151
-0,010149	-0,007764	-0,143790
0,025401	-0,010996	-0,145672
0,009786	-0,008797	-0,116538
-0,001753	-0,020441	-0,073126
-0,012890	-0,018269	0,008540
-0,056283	-0,014616	0,050887
-0,031611	-0,033726	0,079016
-0,062642	-0,012613	0,056511
-0,023295	-0,002425	0,019342
-0,001400	-0,005773	-0,041985
0,047721	0,000167	-0,114032
0,047747	-0,030506	-0,154433
0,066933	-0,053140	-0,133117
0,041095	-0,024312	-0,089257
-0,013096	0,012155	-0,002460
-0,043033	-0,002727	0,088058
-0,042092	-0,010800	0,159509
-0,057612	-0,019175	0,185065
-0,048958	0,015300	0,276384
-0,020978	0,017990	0,280482
0,013869	-0,006678	0,266524
0,033117	-0,003426	0,254406
0,027458	0,026947	0,249484
0,015265	0,004321	0,175650
0,016997	0,036965	0,092631
-0,021839	0,027668	-0,028360
-0,008853	0,003934	-0,059077
0,010154	0,033787	-0,049178
0,018658	0,025125	-0,063293
0,014926	0,038289	-0,049669
0,012905	0,034464	-0,032069
0,047665	0,027571	-0,018953
0,050584	0,007689	0,018358
-0,019860	0,045421	0,029042
-0,034089	0,017184	0,035685
-0,020569	0,020449	-0,003057
0,009399	0,016359	-0,061820
0,002734	0,036073	-0,078179
-0,024619	0,051844	-0,129584
0,006159	0,006038	-0,153472
0,019295	-0,005704	-0,150549
0,006805	0,015542	-0,131926
0,025562	-0,002887	-0,070116
0,063540	0,009190	-0,053212
0,022109	0,020755	-0,031083
0,005236	0,016604	-0,017200
-0,019749	0,007534	0,000607
-0,041666	-0,012162	-0,003347
-0,069722	-0,016443	0,046163
-0,069181	-0,021773	0,047464
