0,430984	0,772110	9,680252
0,428589	0,858307	9,852631
0,460907	0,814011	9,911285
0,501617	0,732605	9,916077
0,476471	0,691910	10,032196
0,422607	0,774506	9,941223
0,317261	0,806824	9,925659
0,305283	0,725433	9,981918
0,237061	0,766129	9,967560
0,132904	0,824783	9,771225
0,075439	0,847534	9,548569
0,108963	0,876266	9,509064
0,210724	0,845139	9,487518
0,368729	0,798447	9,607224
0,553085	0,745773	9,651520
0,638077	0,758942	9,714966
0,656036	0,841553	9,791580
0,691956	0,849930	9,878967
0,650055	0,791275	9,837067
0,560272	0,776901	9,633560
0,468094	0,864288	9,592865
0,487244	0,891830	9,634766
0,537521	0,824783	9,704193
0,525558	0,810425	9,723343
0,530350	0,857101	9,750885
0,507599	0,876266	9,829880
0,563858	0,799652	9,759262
0,567459	0,817612	9,670670
0,584213	0,879852	9,633560
0,577026	0,939713	9,616806
0,544708	0,910980	9,523422
0,586609	0,901398	9,499481
0,632095	0,924149	9,577301
0,645264	0,939713	9,469559
0,670410	0,903793	9,420471
0,685959	0,847534	9,446808
0,732651	0,871475	9,513855
0,748215	0,793655	9,610825
0,755402	0,821198	9,768829
0,829620	0,831970	9,901718
0,885880	0,746979	9,918472
0,903839	0,764938	9,852631
0,896652	0,818802	9,702988
0,903839	0,814011	9,546173
0,802078	0,823593	9,442032
0,790115	0,859497	9,365417
0,805679	0,808029	9,325912
0,782928	0,796051	9,340271
0,857147	0,782883	9,572510
0,946930	0,796051	9,695816
0,976868	0,797256	9,736511
0,961304	0,772110	9,813126
0,958908	0,782883	9,770035
0,972076	0,779297	9,750885
0,980453	0,793655	9,657501
0,917007	0,836761	9,574905
0,873917	0,823593	9,464767
0,855957	0,786484	9,493500
0,834412	0,799652	9,629974
0,879898	0,816406	9,706589
0,994812	0,768524	9,785599
1,095367	0,748169	9,888550
1,139664	0,715851	9,893341
1,166000	0,702682	9,953186
1,152832	0,755356	9,966354
1,100159	0,756546	9,852631
1,052277	0,744583	9,731720
1,077423	0,758942	9,804749
1,066650	0,797256	9,961563
1,047485	0,794861	10,058533
1,134872	0,720642	10,017838
1,201920	0,723038	9,985504
1,176773	0,794861	10,047760
1,110931	0,808029	9,991501
0,990036	0,735001	9,895721
0,984039	0,701492	9,934036
0,990036	0,785278	10,048950
1,025940	0,883438	9,931641
1,163605	0,823593	9,853836
1,330002	0,780487	9,846649
1,358734	0,834366	9,878967
1,420990	0,823593	9,802353
1,508377	0,821198	9,702988
1,521545	0,872665	9,653915
1,498795	0,904999	9,601242
1,416199	0,842743	9,638351
1,391052	0,827179	9,694611
1,350357	0,784088	9,863403
1,312042	0,757751	10,145920
1,351547	0,811615	10,403305
1,420990	0,809219	10,533783
1,436554	0,782883	10,558914
1,441330	0,806824	10,452377
1,418594	0,831970	10,394913
1,397049	0,930130	10,337463
1,479645	0,903793	10,212967
1,601746	0,819992	10,101624
1,567032	0,899002	10,210571
1,558655	0,984009	10,257248
1,525131	0,985199	10,217743
1,418594	0,991180	10,148315
1,347961	1,003159	10,074097
1,302475	1,059418	10,075287
1,288101	1,030685	10,165070
1,283325	0,938507	10,265625
1,356339	0,890625	10,338654
1,395844	0,955276	10,392517
1,596954	0,937317	10,531387
1,861526	0,896606	10,551743
1,898636	1,033081	10,333862
1,871094	1,084564	10,003464
1,848358	1,035477	9,829880
1,845963	1,100113	9,762848
1,798065	1,167160	9,835876
1,769348	1,182724	9,764053
1,820816	1,167160	9,525818
1,881866	1,200684	9,439636
1,965668	1,298843	9,391754
2,100937	1,277298	9,309143
2,153610	1,225815	9,278030
2,185928	1,268906	9,216965
2,306839	1,291656	9,191833
2,478027	1,280884	9,239716
2,628860	1,271301	9,245697
2,650406	1,363480	9,262466
2,677948	1,376648	9,249298
2,697098	1,344330	9,239716
2,590561	1,404190	9,238525
2,501968	1,430527	9,282806
2,436127	1,371857	9,331894
2,273315	1,400589	9,389359
2,130859	1,496353	9,467163
2,123688	1,504745	9,602432
2,193115	1,449677	9,755661
2,230225	1,322784	9,839462
2,322403	1,295242	10,053741
2,387039	1,387421	10,234512
2,396622	1,418549	10,139938
2,434937	1,394608	9,815521
2,451691	1,459244	9,521042
2,523514	1,533478	9,311539
2,627670	1,552628	9,312744
2,778503	1,516708	9,333084
2,792862	1,587341	9,200211
2,774902	1,645996	9,069733
2,761734	1,617264	8,944031
2,680344	1,629242	8,928467
2,719833	1,655579	9,064941
2,733002	1,619659	9,194229
2,731812	1,637619	9,317535
2,728226	1,673538	9,522232
2,676743	1,723816	9,720947
2,680344	1,640015	9,846649
2,601334	1,657974	9,868195
2,525909	1,693878	9,863403
2,584564	1,685501	9,954391
2,602524	1,726196	10,015442
2,598938	1,765701	9,967560
2,627670	1,806412	9,729324
2,534286	1,847107	9,425262
2,524719	1,887817	9,171478
2,573792	1,848312	9,070923
2,630051	1,887817	9,069733
2,663574	1,911758	9,032623
2,659988	1,908157	9,046982
2,621674	1,938095	9,048187
2,663574	2,073364	8,920090
2,741394	2,064987	9,020645
2,794067	2,002731	9,124802
2,806030	2,035049	9,159515
2,873062	2,047028	9,266052
2,905396	2,082947	9,416885
2,880249	2,056610	9,505478
2,835953	2,020691	9,431259
2,765335	2,062592	9,250488
2,759338	2,100891	9,224152
2,826385	2,135605	9,376190
2,847931	2,242157	9,506668
2,820404	2,228989	9,527023
2,816803	2,173920	9,427658
2,796448	2,223007	9,386963
2,762939	2,254120	9,336685
2,753357	2,288834	9,410904
2,701889	2,325958	9,504272
2,655197	2,349899	9,567719
2,721039	2,347504	9,609619
2,731812	2,394180	9,568924
2,722229	2,433685	9,499481
2,738998	2,410950	9,442032
2,704285	2,456436	9,422867
2,736603	2,470795	9,377380
2,831177	2,470795	9,260071
2,893417	2,519882	9,188248
2,891022	2,522278	9,254074
2,871872	2,592911	9,298370
2,761734	2,594101	9,292389
2,693497	2,545013	9,345062
2,656387	2,652756	9,498291
2,685120	2,683884	9,585678
2,767731	2,597687	9,571320
2,857513	2,568970	9,706589
2,914963	2,675507	9,819107
2,938904	2,720993	9,776016
2,903000	2,711411	9,781998
2,897018	2,725784	9,839462
2,881454	2,784439	9,868195
2,754562	2,835922	9,817917
2,638443	2,889786	9,724548
2,573792	2,899368	9,533005
2,650406	2,864639	9,541382
2,752167	2,918518	9,752075
2,819199	2,978378	9,774826
2,819199	2,977173	9,602432
2,722229	3,034637	9,395340
2,645615	3,083710	9,200211
2,698288	3,108856	9,134369
2,736603	3,172302	9,106842
2,802444	3,205826	9,075714
2,877853	3,184265	9,006287
3,017914	3,162720	9,002686
3,019119	3,211807	9,193024
2,871872	3,257294	9,219360
2,794067	3,247726	9,214584
2,791672	3,230957	9,218170
2,766525	3,324341	9,224152
2,723434	3,385391	9,272034
2,646820	3,384186	9,243301
2,606110	3,438065	9,139160
2,709061	3,477570	9,024231
2,806030	3,475174	8,866226
2,881454	3,527847	8,856644
2,826385	3,538620	8,944031
2,710266	3,648743	9,049377
2,607315	3,694244	9,026627
2,602524	3,677475	9,043396
2,651611	3,736130	9,169083
2,765335	3,812744	9,239716
2,834763	3,835495	9,258865
2,870682	3,849854	9,187042
2,912567	3,895355	9,094864
2,888626	3,955200	9,001495
2,868286	3,951614	8,884171
2,843140	4,030624	8,802780
2,840744	4,076111	8,770447
2,748566	4,092865	8,705811
2,615692	4,131180	8,626801
2,590561	4,200607	8,557373
2,627670	4,273636	8,639969
2,628860	4,304764	8,817139
2,711456	4,293991	8,811157
2,752167	4,314331	8,629196
2,794067	4,374191	8,625610
2,777298	4,410110	8,757278
2,736603	4,414886	8,697433
2,728226	4,437637	8,560959
2,664780	4,552551	8,695038
2,650406	4,604034	8,894958
2,697098	4,633957	8,868622
2,701889	4,681839	8,825516
2,718643	4,644730	8,921295
2,753357	4,660294	8,978745
2,664780	4,802750	8,872208
2,633652	4,900909	8,789612
2,681534	4,900909	8,718979
2,703079	4,932037	8,519058
2,692307	5,007462	8,381393
2,700684	5,024216	8,448425
2,631256	5,090057	8,537018
2,580978	5,133148	8,635178
2,554642	5,115204	8,693832
2,600128	5,112808	8,648346
2,622879	5,221741	8,649551
2,640839	5,267227	8,643555
2,497177	5,282791	8,598068
2,390640	5,331879	8,519058
2,343948	5,349823	8,463989
2,323593	5,449188	8,436462
2,416977	5,471939	8,453217
2,542664	5,482712	8,528641
2,549850	5,534180	8,514267
2,452881	5,603607	8,412521
2,424164	5,661072	8,299988
2,427750	5,681427	8,244919
2,478027	5,743668	8,151550
2,499573	5,827469	7,999527
2,524719	5,934006	7,858261
2,449295	5,978302	7,636795
2,440918	5,977112	7,399765
2,309235	6,023788	7,330338
2,118896	6,159073	7,433289
2,088974	6,214142	7,703842
2,032700	6,198578	8,127609
2,038696	6,232086	8,307175
2,114105	6,171036	8,230560
2,230225	6,198578	8,212601
2,335571	6,291946	8,097687
2,363098	6,252441	7,719391
2,347549	6,240479	7,438080
2,333176	6,262024	7,451248
2,375076	6,339828	7,399765
2,311630	6,448761	7,281265
2,233810	6,524185	7,203445
2,212265	6,562485	6,961639
2,274521	6,540939	6,762909
2,335571	6,537354	6,756927
2,341553	6,675018	6,692291
2,317612	6,692978	6,504333
2,275711	6,636719	6,438507
2,240997	6,594818	6,547440
2,151215	6,617554	6,637222
1,898636	6,627136	6,653976
1,636459	6,648682	6,715027
1,426971	6,691772	6,894592
1,441330	6,615158	7,151978
1,626892	6,594818	7,532654
1,713074	6,694168	7,657150
1,684341	6,675018	7,360275
1,684341	6,625931	6,850296
1,660400	6,761215	6,613281
1,653229	6,947952	6,311615
1,723846	6,997040	5,982407
1,778915	7,071259	5,634048
1,696320	7,161041	5,298859
1,503586	7,280746	5,149216
1,398239	7,386093	5,091766
1,353943	7,419617	5,000778
1,373108	7,390884	4,903824
1,466476	7,475876	4,884659
1,508377	7,605164	4,851151
1,494003	7,529755	4,660812
1,319229	7,547699	4,543488
1,070236	7,681778	4,806854
0,876312	7,785934	5,126480
0,863144	7,831421	5,119293
0,932571	7,764374	4,908600
1,027145	7,734451	4,821213
1,181564	7,764374	4,910995
1,356339	7,819443	4,937332
1,268951	7,851776	4,751785
1,029541	7,903244	4,409409
0,786530	8,040909	4,422577
0,660828	8,122314	4,492020
0,639282	8,151047	4,562637
0,690750	8,151047	4,530319
0,773361	8,173782	4,421387
0,705124	8,268356	4,354355
0,605759	8,298294	4,161621
0,462112	8,307861	3,905441
0,290924	8,384476	3,597778
0,198746	8,420395	3,407440
0,174805	8,380890	3,378708
0,152054	8,412018	3,264984
0,058685	8,462296	3,211121
-0,096939	8,508972	3,151260
-0,242981	8,461090	3,215912
-0,399811	8,562851	3,311676
-0,483597	8,535309	3,384689
-0,476425	8,458694	3,438568
-0,424942	8,459900	3,518768
-0,408188	8,488632	3,602570
-0,444092	8,523346	3,518768
-0,474030	8,534119	3,443359
-0,460861	8,564041	3,310471
-0,387833	8,616714	3,038727
-0,367477	8,659805	2,798111
-0,499161	8,737625	2,725098
-0,671539	8,759171	2,723892
-0,806824	8,814240	2,762207
-0,951675	8,880081	2,782547
-1,030670	8,856140	2,863953
-0,975616	8,842972	3,008804
-0,841537	8,835785	3,011200
-0,818787	8,863312	2,873535
-0,823578	8,874100	2,829239
-0,805618	8,905212	2,655655
-0,893005	8,923172	2,363571
-0,988785	8,898041	2,184006
-1,029480	8,953094	2,278580
-1,041443	8,998596	2,489258
-0,998352	8,945923	2,672424
-1,142014	8,984222	2,577850
-1,219818	8,997391	2,550323
-1,273682	9,033310	2,710724
-1,334747	8,986618	2,817276
-1,459244	8,977051	2,831635
-1,553802	8,929153	2,866348
-1,661545	8,866913	2,825653
-1,657959	8,815430	2,655655
-1,611267	8,854935	2,421036
-1,638809	8,856140	2,156464
-1,713028	8,802261	1,854797
-1,759705	8,820221	1,670441
-1,780060	8,848953	1,719528
-1,758514	8,875290	1,835648
-1,790833	8,830994	1,714737
-1,865051	8,730438	1,677628
-2,108063	8,799866	1,736282
-2,278061	8,901627	1,701569
-2,336716	8,900436	1,672836
-2,381012	8,826202	1,693192
-2,406143	8,732834	1,771011
-2,419312	8,723251	1,883530
-2,456421	8,761566	1,974518
-2,511490	8,732834	1,902679
-2,568954	8,675369	1,660873
-2,671906	8,653824	1,465744
-2,735352	8,645447	1,542358
-2,797592	8,602356	1,790161
-2,811966	8,556854	1,933807
-2,695847	8,450317	1,897903
-2,669510	8,409622	1,814102
-2,794006	8,397644	1,840439
-2,963989	8,328217	1,875153
-3,118423	8,277939	1,800934
-3,199829	8,238434	1,725510
-3,295593	8,221680	1,639328
-3,349457	8,244415	1,645309
-3,393753	8,233643	1,572281
-3,440445	8,194138	1,482498
-3,411713	8,160614	1,438217
-3,296783	8,130692	1,380753
-3,280029	8,076828	1,166473
-3,394943	8,043304	1,074295
-3,591278	8,101959	1,158081
-3,769638	8,072037	1,116196
-3,894135	8,020554	1,010849
-3,985123	8,038513	1,032394
-4,042587	8,016968	0,989304
-4,079697	7,975067	0,807343
-4,126373	7,954712	0,642136
-4,088074	7,912827	0,619400
-4,010254	7,896057	0,669678
-3,956390	7,825439	0,678055
-3,985123	7,832611	0,686432
-4,083282	7,785934	0,745087
-4,219757	7,714096	0,984512
-4,289185	7,625519	1,159286
-4,305939	7,635086	1,194000
-4,315521	7,593201	1,107803
-4,401718	7,588409	1,035980
-4,499878	7,558472	0,801346
-4,651901	7,595596	0,545166
-4,740494	7,635086	0,298569
-4,712952	7,643478	0,060349
-4,727325	7,733261	-0,236526
-4,738098	7,720093	-0,556152
-4,710571	7,680588	-0,606445
-4,787186	7,690155	-0,483139
-4,888931	7,678192	-0,332306
-4,938019	7,649460	-0,320328
-4,963150	7,609955	-0,298782
-4,979919	7,550095	-0,223358
-5,044556	7,511795	-0,072525
-5,102020	7,471085	0,077103
-5,135529	7,405243	0,068726
-5,113983	7,398071	0,095062
-5,054138	7,404053	0,008865
-5,109192	7,372925	-0,266464
-5,243271	7,357361	-0,534607
-5,361786	7,314270	-0,542999
-5,458755	7,289139	-0,462784
-5,520996	7,205338	-0,456802
-5,584442	7,143082	-0,383774
-5,675430	7,133514	-0,345474
-5,773590	7,073654	-0,283218
-5,860977	6,992249	-0,176682
-5,834641	6,949158	-0,097672
-5,741272	6,876129	-0,170700
-5,686203	6,840225	-0,290405
-5,690994	6,874939	-0,438843
-5,792740	6,889297	-0,519043
-5,932800	6,848602	-0,580109
-5,953156	6,769592	-0,740509
-6,045334	6,767197	-0,916489
-6,166245	6,837830	-0,881775
-6,199753	6,816284	-0,867401
-6,217712	6,768387	-0,946411
-6,228485	6,742050	-0,918884
-6,193771	6,645096	-0,844666
-6,182999	6,619949	-0,841064
-6,223694	6,621155	-0,958389
-6,202148	6,570877	-1,007462
-6,186584	6,508621	-0,941620
-6,263199	6,512207	-0,744110
-6,368546	6,476303	-0,645935
-6,507416	6,483490	-0,703400
-6,619934	6,503830	-0,918884
-6,718109	6,508621	-1,145126
-6,774368	6,482285	-1,179855
-6,746826	6,453552	-1,158295
-6,791122	6,411652	-1,204987
-6,865341	6,433197	-1,244492
-6,915619	6,465530	-1,252869
-6,909637	6,421234	-1,311523
-6,906052	6,402084	-1,450394
-6,929993	6,421234	-1,457581
-6,968292	6,412857	-1,416870
-6,946747	6,344620	-1,439621
-6,866547	6,332642	-1,433640
-6,809082	6,339828	-1,467148
-6,691772	6,295532	-1,504257
-6,642685	6,307510	-1,501877
-6,675003	6,325470	-1,342651
-6,681000	6,270401	-1,276810
-6,761200	6,264420	-1,266037
-6,805496	6,277588	-1,250473
-6,779160	6,236877	-1,189423
-6,712112	6,223709	-1,114014
-6,707321	6,184204	-1,112808
-6,810272	6,157867	-1,069717
-6,889282	6,113571	-0,886566
-6,963501	6,028580	-0,756073
-7,006607	6,021408	-0,697418
-7,020966	6,004639	-0,662704
-7,080826	5,991470	-0,673477
-7,138290	6,016617	-0,632767
-7,149063	6,013016	-0,538208
-7,177795	5,951965	-0,444824
-7,169403	5,936401	-0,548981
-7,150253	5,967529	-0,790787
-7,101181	6,010620	-1,051758
-7,034134	6,002243	-1,289978
-6,979065	5,987885	-1,348648
-6,992233	5,960342	-1,379761
-7,127518	5,993866	-1,359421
-7,266373	5,997467	-1,363007
-7,335800	5,945984	-1,274414
-7,338196	5,942398	-1,140350
-7,303482	5,906479	-1,087677
-7,334610	5,865784	-1,026627
-7,307083	5,905289	-0,857834
-7,205322	5,823883	-0,815933
-6,992233	5,748459	-0,872192
-6,815063	5,753250	-0,977539
-6,795914	5,701782	-1,061340
-6,945557	5,731705	-1,033798
-7,120331	5,768814	-0,946411
-7,216095	5,764023	-0,748886
-7,263977	5,761627	-0,686646
-7,283127	5,759232	-0,716568
-7,229263	5,735291	-0,747696
-7,208908	5,820282	-0,826706
-7,159836	5,831070	-1,051758
-7,129898	5,768814	-1,328293
-7,146667	5,829865	-1,410889
-7,144272	5,857391	-1,328293
-7,248413	5,817902	-1,310333
-7,393265	5,770004	-1,279205
-7,485443	5,790359	-1,197800
-7,445938	5,795151	-1,135559
-7,383698	5,780777	-1,182251
-7,317856	5,722122	-1,275620
-7,292709	5,713745	-1,343857
-7,301086	5,705368	-1,418076
-7,286728	5,673050	-1,293579
-7,320251	5,657486	-1,112808
-7,413620	5,631149	-1,021835
-7,487839	5,617981	-0,939240
-7,502197	5,620377	-0,843460
-7,536926	5,572495	-0,842270
-7,545303	5,573685	-0,990707
-7,512985	5,590439	-1,073303
-7,412415	5,594040	-0,989517
-7,363342	5,694595	-0,988312
-7,301086	5,694595	-1,208572
-7,200531	5,670654	-1,485107
-7,238846	5,719727	-1,592850
-7,301086	5,711349	-1,613205
-7,453125	5,773605	-1,578491
-7,612335	5,795151	-1,673050
-7,651840	5,815506	-1,809525
-7,618317	5,817902	-1,860992
-7,526138	5,864578	-1,886139
-7,517761	5,876556	-1,899307
-7,506989	5,795151	-1,937607
-7,483047	5,786774	-1,892120
-7,454315	5,768814	-1,805939
-7,492630	5,768814	-1,685028
-7,554871	5,737686	-1,661087
-7,587204	5,717331	-1,607208
-7,576431	5,722122	-1,491089
-7,451920	5,723328	-1,360611
-7,287918	5,710159	-1,352234
-7,235245	5,673050	-1,457581
-7,205322	5,655090	-1,442017
-7,253204	5,667053	-1,359421
-7,308273	5,695786	-1,360611
-7,394470	5,742477	-1,280411
-7,449524	5,754456	-1,157104
-7,444748	5,748459	-1,206192
-7,389679	5,737686	-1,269638
-7,381302	5,742477	-1,309143
-7,380096	5,766418	-1,341461
-7,402847	5,720932	-1,361801
-7,387283	5,749664	-1,293579
-7,378906	5,779587	-1,139145
-7,378906	5,766418	-1,127182
-7,404037	5,762833	-1,157104
-7,360947	5,719727	-1,179855
-7,263977	5,692200	-1,164291
-7,253204	5,714951	-1,227737
-7,280746	5,720932	-1,263641
-7,328629	5,693390	-1,197800
-7,371719	5,692200	-1,179855
-7,432770	5,712555	-1,248077
-7,493820	5,748459	-1,348648
-7,453125	5,732895	-1,366592
-7,416016	5,729309	-1,354630
-7,477066	5,799942	-1,527008
-7,405243	5,869370	-1,437225
-7,368134	5,827469	-1,701782
-7,426788	5,839447	-1,670654
-7,335800	5,908875	-1,462372
-7,278351	5,928024	-1,420471
-7,314255	5,906479	-1,402512
-7,301086	5,928024	-1,325897
-7,296295	5,886124	-1,279205
-7,281937	5,856201	-1,201401
-7,240036	5,814301	-1,214569
-7,285522	5,822678	-1,173859
-7,271164	5,863388	-1,114014
-7,229263	5,808319	-1,079300
-7,242432	5,803528	-0,987122
-7,229263	5,779587	-0,989517
-7,287918	5,759232	-1,139145
-7,374115	5,772400	-1,230133
-7,430374	5,781982	-1,270828
-7,417206	5,772400	-1,383362
-7,435165	5,765228	-1,516235
-7,419601	5,736496	-1,567703
-7,382492	5,724518	-1,617981
-7,438751	5,753250	-1,638336
-7,460312	5,789169	-1,597641
-7,493820	5,732895	-1,592850
-7,487839	5,738892	-1,537781
-7,520157	5,749664	-1,385757
-7,528534	5,778397	-1,294769
-7,509384	5,762833	-1,212173
-7,419601	5,737686	-1,147522
-7,314255	5,701782	-1,103241
-7,230469	5,688614	-1,117599
-7,246017	5,705368	-1,142746
-7,296295	5,710159	-1,193024
-7,304688	5,688614	-1,289978
-7,386078	5,688614	-1,307938
-7,426788	5,728119	-1,292374
-7,471085	5,728119	-1,249283
-7,457916	5,731705	-1,276810
-7,426788	5,706558	-1,291183
-7,389679	5,644318	-1,328293
-7,344193	5,664673	-1,246887
-7,325027	5,729309	-1,473145
-7,417206	5,759232	-1,547363
-7,398056	5,725723	-1,445602
-7,329819	5,792755	-1,465958
-7,340591	5,813110	-1,428848
-7,369324	5,779587	-1,437225
-7,344193	5,761627	-1,394135
-7,365738	5,876556	-1,366592
-7,331024	5,917252	-1,425262
-7,268768	5,920853	-1,428848
-7,200531	5,932816	-1,412094
-7,170609	5,925629	-1,353424
-7,217300	5,932816	-1,363007
-7,226868	5,968735	-1,363007
-7,298691	5,990280	-1,309143
-7,342987	5,989075	-1,281601
-7,362137	5,995071	-1,221741
-7,315460	5,996262	-1,127182
-7,190964	6,004639	-1,191818
-7,158630	6,013016	-1,412094
-7,092789	5,984299	-1,507858
-6,998230	5,997467	-1,419266
-6,994629	5,979507	-1,415680
-7,064072	5,965134	-1,577286
-7,131104	5,957962	-1,555740
-7,146667	5,977112	-1,388138
-7,220886	5,953171	-1,321106
-7,286728	5,875351	-1,416870
-7,314255	5,851410	-1,404907
-7,287918	5,860992	-1,311523
-7,286728	5,877747	-1,357025
-7,380096	5,881348	-1,458771
-7,497421	5,886124	-1,510254
-7,558472	5,869370	-1,409698
-7,521362	5,868179	-1,325897
-7,554871	5,876556	-1,349838
-7,563263	5,838242	-1,428848
-7,489029	5,850220	-1,406097
-7,386078	5,845428	-1,319916
-7,317856	5,858597	-1,374969
-7,274750	5,839447	-1,491089
-7,216095	5,784378	-1,512650
-7,247223	5,764023	-1,428848
-7,334610	5,813110	-1,293579
-7,455521	5,780777	-1,224136
-7,569244	5,689804	-1,204987
-7,583603	5,704163	-1,091263
-7,502197	5,683823	-0,933243
-7,411224	5,634735	-0,921280
-7,444748	5,653885	-0,976349
-7,471085	5,628754	-0,987122
-7,445938	5,614380	-1,049362
-7,460312	5,617981	-1,165482
-7,466293	5,621567	-1,225342
-7,418411	5,622772	-1,266037
-7,438751	5,661072	-1,414474
-7,441147	5,669449	-1,468353
-7,462692	5,700577	-1,531799
-7,504593	5,719727	-1,550949
-7,505798	5,692200	-1,531799
-7,508194	5,761627	-1,524612
-7,472275	5,822678	-1,446808
-7,480652	5,820282	-1,322311
-7,455521	5,793945	-1,254074
-7,387283	5,810715	-1,177460
-7,350174	5,877747	-1,220551
-7,325027	5,878952	-1,382156
-7,198135	5,869370	-1,430038
-7,116730	5,919647	-1,372589
-7,050903	5,920853	-1,342651
-7,134689	5,917252	-1,292374
-7,236450	5,931625	-1,185837
-7,265182	5,948380	-1,085281
-7,225677	5,997467	-1,057739
-7,133499	5,998657	-1,081680
-7,032944	5,974716	-1,114014
-6,939560	6,023788	-1,214569
-6,943161	6,001053	-1,323502
-6,950333	6,004639	-1,401306
-7,034134	6,050125	-1,407303
-7,163422	6,051331	-1,388138
-7,244827	6,050125	-1,287582
-7,315460	6,021408	-1,210968
-7,378906	6,020203	-1,187027
-7,388474	6,021408	-1,139145
-7,345383	6,011826	-1,203796
-7,269974	5,993866	-1,214569
-7,204132	5,983093	-1,248077
-7,178986	5,986679	-1,311523
-7,247223	5,950775	-1,363007
-7,289124	5,948380	-1,257660
-7,341797	5,978302	-1,183441
-7,356155	5,972321	-1,197800
-7,346588	5,925629	-1,194214
-7,320251	5,901688	-1,169083
-7,237640	5,900497	-1,207382
-7,190964	5,930420	-1,287582
-7,189758	5,888519	-1,293579
-7,237640	5,895706	-1,336670
-7,237640	5,829865	-1,366592
-7,304688	5,832260	-1,264847
-7,369324	5,801132	-1,184631
-7,449524	5,772400	-1,103241
-7,477066	5,738892	-1,085281
-7,481857	5,738892	-1,131958
-7,472275	5,720932	-1,140350
-7,437561	5,687408	-1,182251
-7,405243	5,671844	-1,218155
-7,421997	5,641922	-1,170273
-7,402847	5,651505	-1,214569
-7,416016	5,652695	-1,276810
-7,419601	5,651505	-1,270828
-7,493820	5,686218	-1,299561
-7,533325	5,711349	-1,293579
-7,541702	5,689804	-1,340256
-7,544098	5,704163	-1,269638
-7,522552	5,759232	-1,254074
-7,505798	5,762833	-1,278015
-7,461502	5,744873	-1,331879
-7,389679	5,726913	-1,336670
-7,319046	5,789169	-1,269638
-7,235245	5,786774	-1,239700
-7,216095	5,755646	-1,243301
-7,187363	5,752060	-1,220551
-7,243637	5,760437	-1,206192
-7,308273	5,749664	-1,148727
-7,275955	5,734100	-1,134354
-7,299896	5,725723	-1,172668
-7,285522	5,726913	-1,216965
-7,376511	5,735291	-1,294769
-7,481857	5,801132	-1,376175
-7,523758	5,828674	-1,334274
-7,429184	5,789169	-1,267242
-7,351364	5,802338	-1,348648
-7,325027	5,881348	-1,426453
-7,309464	5,906479	-1,506653
-7,332214	5,877747	-1,597641
-7,323837	5,920853	-1,598831
-7,337006	5,951965	-1,476730
-7,329819	5,979507	-1,374969
-7,325027	6,024994	-1,379761
-7,321442	6,040558	-1,386948
-7,259186	6,038162	-1,359421
-7,190964	6,015411	-1,283997
-7,193344	6,014221	-1,306747
-7,205322	6,022598	-1,315125
-7,146667	6,039352	-1,323502
-7,105957	6,019012	-1,293579
-7,095184	6,030975	-1,300751
-7,146667	6,045349	-1,310333
-7,137085	6,048935	-1,280411
-7,088013	6,020203	-1,294769
-7,105957	6,020203	-1,349838
-7,192154	6,066895	-1,415680
-7,244827	6,042953	-1,432434
-7,283127	5,979507	-1,337860
-7,278351	5,985489	-1,212173
-7,236450	5,971130	-1,240906
-7,206512	5,938797	-1,255264
-7,173004	5,901688	-1,266037
-7,198135	5,902893	-1,258865
-7,253204	5,888519	-1,244492
-7,311859	5,845428	-1,232529
-7,387283	5,864578	-1,190628
-7,450729	5,896896	-1,114014
-7,405243	5,881348	-1,123581
-7,369324	5,846619	-1,177460
-7,325027	5,841843	-1,249283
-7,281937	5,815506	-1,346252
-7,263977	5,767609	-1,398926
-7,321442	5,770004	-1,357025
-7,393265	5,797546	-1,266037
-7,360947	5,770004	-1,261246
-7,372910	5,773605	-1,246887
-7,392075	5,801132	-1,264847
-7,333420	5,787964	-1,225342
-7,266373	5,778397	-1,193024
-7,218491	5,797546	-1,157104
-7,244827	5,798737	-1,199005
-7,249619	5,827469	-1,207382
-7,220886	5,827469	-1,230133
-7,231659	5,865784	-1,206192
-7,289124	5,898102	-1,242096
-7,291519	5,875351	-1,321106
-7,328629	5,859787	-1,293579
-7,305878	5,888519	-1,261246
-7,232849	5,855011	-1,327087
-7,201736	5,868179	-1,377365
-7,181381	5,884933	-1,488708
-7,211304	5,857391	-1,485107
-7,265182	5,868179	-1,447998
-7,341797	5,962738	-1,467148
-7,382492	5,963943	-1,449203
-7,326233	5,902893	-1,430038
-7,310669	5,910065	-1,406097
-7,344193	5,966339	-1,408493
-7,334610	6,004639	-1,398926
-7,274750	5,969925	-1,379761
-7,234055	5,950775	-1,333084
-7,250809	5,998657	-1,427643
-7,303482	6,016617	-1,546158
-7,322632	6,022598	-1,540176
-7,308273	5,972321	-1,485107
-7,259186	5,971130	-1,437225
-7,319046	5,981903	-1,324692
-7,290314	5,944794	-1,252869
-7,219681	5,865784	-1,042175
-7,184967	5,880142	-0,963181
-7,220886	5,895706	-0,951202
-7,211304	5,884933	-0,948807
-7,194550	5,859787	-0,873398
-7,201736	5,859787	-0,886566
-7,236450	5,884933	-0,969162
-7,286728	5,815506	-1,086472
-7,350174	5,831070	-1,163086
-7,351364	5,852615	-1,274414
-7,287918	5,856201	-1,358215
-7,275955	5,834656	-1,358215
-7,261581	5,796341	-1,391739
-7,303482	5,814301	-1,471939
-7,344193	5,804733	-1,486313
-7,413620	5,825073	-1,415680
-7,445938	5,839447	-1,263641
-7,467484	5,829865	-1,200195
-7,563263	5,849014	-1,036194
-7,523758	5,808319	-0,906906
-7,411224	5,804733	-0,843460
-7,223282	5,825073	-0,739319
-7,108353	5,853806	-0,799164
-7,083221	5,832260	-0,973953
-7,030548	5,876556	-1,171463
-7,017380	5,904083	-1,221741
-7,068848	5,993866	-1,341461
-7,122726	6,002243	-1,489899
-7,234055	6,009430	-1,553345
-7,303482	6,013016	-1,530594
-7,308273	6,048935	-1,600037
-7,308273	6,005844	-1,574890
-7,346588	5,960342	-1,597641
-7,347778	5,986679	-1,568909
-7,257996	6,001053	-1,493484
-7,133499	6,014221	-1,462372
-7,133499	6,030975	-1,456375
-7,187363	6,056122	-1,374969
-7,248413	6,066895	-1,236115
-7,279541	6,065689	-1,184631
-7,295105	6,048935	-1,252869
-7,263977	6,035767	-1,275620
-7,291519	6,084854	-1,328293
-7,189758	6,058517	-1,365402
-7,115540	6,075272	-1,406097
-7,104767	6,088440	-1,464752
-7,115540	6,054916	-1,450394
-7,098785	6,032181	-1,394135
-7,123917	6,050125	-1,237305
-7,207718	6,028580	-1,218155
-7,321442	6,009430	-1,222946
-7,303482	5,985489	-1,170273
-7,242432	5,963943	-1,086472
-7,180191	5,954361	-1,054153
-7,091599	5,901688	-1,068512
-7,061676	5,902893	-1,189423
-7,102371	5,972321	-1,276810
-7,192154	5,950775	-1,288788
-7,200531	5,949570	-1,273224
-7,253204	5,966339	-1,173859
-7,268768	5,957962	-1,074509
-7,287918	5,889725	-1,129578
-7,263977	5,853806	-1,234909
-7,281937	5,850220	-1,243301
-7,268768	5,902893	-1,287582
-7,308273	5,831070	-1,331879
-7,456711	5,843033	-1,327087
-7,595581	5,907684	-1,167877
-7,630295	5,853806	-1,036194
-7,566849	5,797546	-0,997894
-7,502197	5,839447	-1,104431
-7,412415	5,850220	-1,158295
-7,333420	5,810715	-1,165482
-7,247223	5,815506	-1,152313
-7,222076	5,857391	-1,147522
-7,261581	5,864578	-1,124786
-7,246017	5,855011	-1,052963
-7,230469	5,837051	-0,984726
-7,223282	5,825073	-0,930847
-7,250809	5,884933	-0,978729
-7,193344	5,892120	-1,048172
-7,084412	5,906479	-1,193024
-7,064072	5,944794	-1,278015
-7,055679	5,972321	-1,392929
-7,105957	5,990280	-1,457581
-7,208908	6,038162	-1,497086
-7,350174	6,057312	-1,457581
-7,333420	6,112381	-1,368988
-7,350174	6,107590	-1,315125
-7,310669	6,064499	-1,312729
-7,261581	6,056122	-1,282806
-7,242432	6,101608	-1,273224
-7,156235	6,082458	-1,268433
-7,107162	6,102798	-1,238510
-7,108353	6,136322	-1,274414
-7,126312	6,145905	-1,355820
-7,137085	6,130341	-1,388138
-7,138290	6,119568	-1,331879
-7,170609	6,119568	-1,293579
-7,170609	6,149490	-1,286392
-7,145462	6,117172	-1,258865
-7,158630	6,076462	-1,248077
-7,159836	6,044144	-1,264847
-7,162231	6,024994	-1,257660
-7,119125	5,957962	-1,203796
-7,137085	5,961548	-1,096054
-7,129898	5,953171	-1,086472
-7,150253	5,907684	-1,054153
-7,167023	5,896896	-0,947617
-7,192154	5,944794	-1,036194
-7,208908	5,888519	-1,135559
-7,200531	5,857391	-1,061340
-7,195740	5,896896	-1,048172
-7,217300	5,919647	-1,178650
-7,253204	5,892120	-1,280411
-7,202927	5,881348	-1,183441
-7,243637	5,881348	-1,157104
-7,331024	5,876556	-1,268433
-7,357361	5,814301	-1,260056
-7,353760	5,846619	-1,092468
-7,337006	5,895706	-0,977539
-7,359741	5,869370	-1,124786
-7,328629	5,837051	-1,222946
-7,280746	5,868179	-1,176254
-7,241241	5,930420	-1,091263
-7,195740	5,951965	-1,167877
-7,171799	5,934006	-1,335480
-7,158630	5,957962	-1,451584
-7,163422	5,986679	-1,386948
-7,174194	5,957962	-1,262451
-7,228073	5,974716	-1,169083
-7,301086	5,995071	-1,152313
-7,292709	6,050125	-1,155914
-7,268768	6,058517	-1,117599
-7,236450	6,071686	-1,130768
-7,207718	6,058517	-1,210968
-7,137085	6,060913	-1,263641
-7,079620	6,107590	-1,257660
-7,026962	6,130341	-1,185837
-7,023361	6,187805	-1,275620
-6,959915	6,181808	-1,324692
-6,963501	6,206955	-1,303146
-6,991043	6,259628	-1,286392
-7,026962	6,239273	-1,329483
-6,958725	6,224915	-1,394135
-6,985062	6,220123	-1,367798
-7,023361	6,285965	-1,322311
-7,091599	6,264420	-1,386948
-7,145462	6,246460	-1,430038
-7,183777	6,266800	-1,352234
-7,140686	6,285965	-1,258865
-7,096390	6,288361	-1,262451
-7,022171	6,283569	-1,278015
-6,979065	6,268005	-1,246887
-6,985062	6,290756	-1,171463
-6,961121	6,284760	-1,045776
-6,947952	6,265610	-1,024231
-6,961121	6,262024	-1,037399
-6,959915	6,329056	-0,971558
-6,922806	6,324265	-1,006271
-6,874924	6,293137	-1,017044
-6,807892	6,282364	-1,040985
-6,763596	6,338638	-1,046967
-6,743240	6,360184	-1,040985
-6,811478	6,384125	-1,027817
-6,839005	6,394897	-0,843460
-6,840210	6,420029	-0,843460
-6,799500	6,423630	-0,965561
-6,779160	6,463135	-1,078094
-6,716904	6,483490	-1,052963
-6,678604	6,526581	-0,983521
-6,588821	6,532562	-1,049362
-6,508606	6,555313	-1,048172
-6,512207	6,569672	-1,007462
-6,563675	6,606781	-0,985916
-6,597198	6,607986	-0,977539
-6,609161	6,617554	-0,975143
-6,631912	6,651077	-0,914093
-6,649872	6,670227	-0,862625
-6,590012	6,676208	-0,788391
-6,574448	6,610382	-0,821915
-6,552902	6,646286	-0,849457
-6,532547	6,754028	-0,783615
-6,525375	6,748047	-0,783615
-6,446365	6,713333	-0,815933
-6,385315	6,758820	-0,796783
-6,405655	6,818665	-0,855438
-6,385315	6,839020	-0,838669
-6,373337	6,821060	-0,848251
-6,394882	6,839020	-0,888947
-6,333832	6,839020	-0,929657
-6,379318	6,849792	-0,966766
-6,349396	6,958725	-0,957184
-6,361374	6,858170	-0,815933
-6,358978	6,945557	-0,886566
-6,330246	7,014999	-0,756073
-6,254822	6,910843	-0,605240
-6,224899	6,892899	-0,693832
-6,153076	6,981476	-0,639954
-6,093216	6,955139	-0,486725
-6,092026	6,914444	-0,507080
-6,138702	6,963516	-0,611221
-6,099197	6,976685	-0,568130
-6,074066	6,994644	-0,515457
-6,062088	7,007812	-0,572922
-6,096802	7,003021	-0,627991
-6,132721	7,049713	-0,681854
-6,153076	7,089218	-0,730942
-6,111176	7,089218	-0,734528
-6,109970	7,076050	-0,727341
-6,058502	7,099991	-0,681854
-6,062088	7,083237	-0,623199
-6,052521	7,083237	-0,647141
-6,072861	7,082031	-0,709381
-6,041748	7,089218	-0,604050
-6,020187	7,119141	-0,552567
-5,945969	7,113159	-0,578903
-5,852600	7,091614	-0,693832
-5,767609	7,192169	-0,714172
-5,696976	7,198151	-0,680664
-5,659866	7,226883	-0,772842
-5,652679	7,262802	-0,791992
-5,686203	7,305893	-0,721359
-5,653885	7,314270	-0,606445
-5,638321	7,331024	-0,672272
-5,634720	7,335815	-0,741714
-5,578461	7,381302	-0,641159
-5,520996	7,424408	-0,519043
-5,499451	7,375320	-0,581299
-5,507828	7,343002	-0,687836
-5,537766	7,357361	-0,704605
-5,613174	7,438766	-0,675873
-5,668243	7,483063	-0,649536
-5,684998	7,479477	-0,644745
-5,597610	7,540527	-0,703400
-5,480301	7,553696	-0,727341
-5,376160	7,577637	-0,769241
-5,236099	7,608765	-0,807556
-5,098419	7,618332	-0,836288
-5,085251	7,675797	-0,886566
-5,117584	7,668610	-0,884171
-5,110397	7,667419	-0,774033
-5,103210	7,674591	-0,683060
-5,169052	7,681778	-0,638763
-5,231308	7,671005	-0,583694
-5,256439	7,659042	-0,466370
-5,263626	7,661423	-0,449615
-5,246872	7,685379	-0,509476
-5,188202	7,675797	-0,582489
-5,145111	7,648254	-0,528625
-5,088852	7,659042	-0,477158
-4,988297	7,694946	-0,475952
-4,888931	7,706924	-0,498703
-4,835068	7,720093	-0,514267
-4,842239	7,766769	-0,473557
-4,874573	7,793106	-0,423279
-4,882950	7,831421	-0,377792
-4,827881	7,884094	-0,388565
-4,766830	7,915222	-0,469971
-4,681839	7,969086	-0,569321
-4,618393	8,042114	-0,571716
-4,550156	8,060059	-0,581299
-4,538177	8,123505	-0,641159
-4,459167	8,148651	-0,645935
-4,351440	8,182175	-0,679459
-4,358612	8,182175	-0,746506
-4,374176	8,172592	-0,650726
-4,371780	8,183365	-0,570526
-4,337067	8,180969	-0,495102
-4,329880	8,183365	-0,453217
-4,313126	8,182175	-0,317932
-4,265244	8,213287	-0,076126
-4,262848	8,233643	-0,071335
-4,226929	8,221680	-0,104858
-4,108429	8,238434	-0,150345
-4,064133	8,261185	-0,144363
-4,036591	8,335403	-0,231750
-4,038986	8,380890	-0,352646
-4,031815	8,412018	-0,465179
-3,930054	8,413208	-0,424484
-3,849854	8,402435	-0,437653
-3,720566	8,408417	-0,389755
-3,635574	8,394058	-0,209000
-3,592468	8,402435	-0,145554
-3,669083	8,429962	-0,235336
-3,758865	8,455109	0,036407
-3,733734	8,386871	0,259064
-3,722961	8,433563	0,358429
-3,764862	8,514969	0,425461
-3,670288	8,508972	0,317719
-3,514664	8,519745	0,244705
-3,380585	8,524536	0,253082
-3,274048	8,546082	0,194427
-3,227356	8,531723	0,159714
-3,253693	8,561646	0,245895
-3,238129	8,587982	0,328491
-3,198624	8,565247	0,382370
-3,051376	8,480240	0,393143
-2,850266	8,439545	0,389557
-2,688660	8,488632	0,316528
-2,571350	8,542496	0,231537
-2,513885	8,562851	0,269836
-2,628799	8,635864	0,293777
-2,765274	8,698120	0,249496
-2,832306	8,717270	0,458984
-2,868225	8,702911	0,685226
-2,857452	8,694534	0,758255
-2,809570	8,707703	0,790573
-2,680283	8,665802	0,785797
-2,542618	8,599960	0,834869
-2,458817	8,614319	0,955780
-2,450439	8,638260	0,958176
-2,449234	8,610733	0,935425
-2,415726	8,583191	0,958176
-2,407349	8,614319	0,922256
-2,298401	8,633469	0,885147
-2,200241	8,665802	0,883957
-2,146378	8,690933	0,802551
-2,165527	8,724457	0,670868
-2,183487	8,817825	0,645737
-2,155945	8,825012	0,656509
-2,090118	8,826202	0,663681
-2,091309	8,808258	0,718750
-2,035049	8,797485	0,661285
-2,060181	8,717270	0,816910
-1,912933	8,860931	0,863602
-1,766891	8,826202	0,801346
-1,606476	8,645447	0,776215
-1,452057	8,805862	0,631363
-1,379028	8,912399	0,680450
-1,316788	8,882477	0,855225
-1,268906	8,842972	0,935425
-1,204254	8,827408	0,973740
-1,125244	8,791489	1,225128
-1,090530	8,810654	1,536377
-1,091736	8,769943	1,724319
-1,121658	8,663406	1,852402
-1,112076	8,641861	2,025986
-1,126450	8,726852	2,170837
-1,132431	8,698120	2,130127
-1,058212	8,688538	1,972122
-0,933716	8,736420	1,879944
-0,773300	8,789093	1,757843
-0,684708	8,874100	1,519608
-0,559021	8,947113	1,314911
-0,579376	9,033310	1,125763
-0,531479	9,046478	1,069504
-0,511139	9,059647	1,170059
-0,541061	9,091965	1,381943
-0,554230	9,129074	1,621368
-0,478806	9,139847	1,753052
-0,411774	9,160202	1,817688
-0,312408	9,145828	1,762619
-0,126862	9,132660	1,768616
0,062271	9,158997	1,822479
0,201141	9,136261	1,938599
0,275360	9,143448	1,993668
0,281342	9,144638	2,197174
0,269379	9,148224	2,427017
0,229874	9,132660	2,486877
0,192764	9,099152	2,447372
0,347183	9,095551	2,520386
0,427399	9,163788	2,553909
0,554291	9,241608	2,346817
0,606964	9,175766	2,081055
0,756592	9,187729	2,053513
0,946930	9,301453	2,108582
0,973267	9,253571	2,103806
0,948135	9,220062	2,137314
0,975662	9,223648	2,308502
0,933762	9,209274	2,527573
0,866730	9,148224	2,611374
0,798492	9,126678	2,624542
0,845184	9,106323	2,681992
0,969681	9,054855	2,903458
1,166000	8,911209	3,050705
1,341980	8,839371	3,013596
1,474854	8,814240	2,971695
1,576614	8,796280	3,152466
1,610123	8,755585	3,327240
1,551468	8,693329	3,454132
1,455704	8,634674	3,571442
1,436554	8,646637	3,657639
1,335999	8,611923	3,941345
1,377884	8,641861	4,172394
1,531113	8,631088	4,184357
1,535904	8,453903	4,122116
1,483231	8,558060	3,938950
1,513168	8,553268	4,005997
1,596954	8,425186	4,000000
1,680756	8,335403	3,861145
1,918976	8,189346	3,675598
2,275711	8,171402	3,488846
2,553436	8,195343	3,218292
2,624069	8,154633	3,012405
2,572601	8,018173	2,940567
2,335571	8,056473	3,145279
2,012360	8,148651	3,567856
1,735825	8,141464	3,819244
1,526337	8,182175	3,983246
1,486832	8,243225	4,025146
1,539505	8,324631	4,038315
1,883072	8,342575	3,961700
2,260147	8,397644	3,676788
2,424164	8,444336	3,423004
2,580978	8,538910	3,269775
2,881454	8,477859	3,163239
3,113693	8,389267	3,256607
3,227417	8,425186	3,407440
3,180725	8,475464	3,609756
2,970032	8,417999	3,916214
2,704285	8,304276	4,275345
2,527100	8,240829	4,574615
2,375076	8,180969	4,884659
2,373871	8,084000	5,187531
2,524719	8,092392	5,358719
2,606110	8,045700	5,401810
2,571396	8,030136	5,266541
2,457672	8,038513	5,180344
2,397827	8,018173	5,113312
2,426544	8,033722	5,058243
2,446899	7,982254	4,914597
2,565414	7,893661	4,711090
2,777298	7,829025	4,620102
3,070587	7,824234	4,770935
3,300430	7,807480	4,931351
3,320786	7,729660	5,127670
3,156784	7,651855	5,282104
3,014328	7,615936	5,400620
2,880249	7,626709	5,444901
2,748566	7,541718	5,599335
2,655197	7,468689	5,751358
2,560623	7,422012	5,889038
2,640839	7,339417	6,274490
2,768921	7,305893	6,510330
2,699493	7,339417	6,476807
2,670761	7,241241	6,588135
2,703079	7,269974	6,454056
2,741394	7,343002	6,498352
2,885040	7,225677	6,597717
3,061020	7,180191	6,658768
3,126862	7,175400	6,527084
3,150803	7,131119	6,518707
3,252548	7,067673	6,679123
3,269302	7,067673	6,916138
3,234589	7,050903	7,201050
3,118469	6,999435	7,381821
2,973633	6,947952	7,513504
2,845535	6,925217	7,556595
2,772507	6,888107	7,573349
2,767731	6,886902	7,451248
2,847931	6,811493	7,360275
2,940109	6,748047	7,350693
2,888626	6,686996	7,252533
2,784485	6,675018	7,163940
2,685120	6,681000	7,199860
2,724625	6,558899	7,293228
2,816803	6,448761	7,375824
2,910187	6,410461	7,450058
2,993973	6,379333	7,567368
3,081360	6,324265	7,636795
3,210648	6,194977	7,785233
3,304031	6,171036	7,761292
3,178329	6,175827	7,636795
3,032288	5,986679	7,564972
2,801239	5,956757	7,406952
2,652802	5,986679	7,439270
2,628860	5,929230	7,615250
2,580978	5,804733	7,696655
2,507950	5,731705	7,503922
2,437332	5,651505	7,472794
2,494781	5,591644	7,708618
2,443314	5,596436	7,665527
2,531891	5,550934	7,508713
2,569000	5,432434	7,509903
2,713852	5,282791	7,612854
2,885040	5,292374	7,709824
3,043060	5,285187	7,809174
3,184311	5,251663	7,870239
3,099319	5,250473	7,896576
2,913773	5,220535	7,806793
2,685120	5,209763	7,629623
2,464859	5,237305	7,532654
2,452881	5,149918	7,653564
2,467255	5,080475	7,745728
2,450485	5,085266	7,790024
2,525909	5,037384	7,852280
2,656387	4,959579	7,894180
2,790466	4,857819	8,003113
2,723434	4,824295	8,059372
2,625275	4,727341	8,013885
2,574997	4,574112	8,077332
2,432541	4,519043	8,062973
2,112915	4,510666	7,883408
1,721451	4,468765	7,707428
1,361130	4,398132	7,622437
1,122910	4,362213	7,809174
1,161209	4,161102	8,118027
1,472458	3,948029	8,556168
1,743011	3,959991	8,987122
1,837570	3,989914	9,330704
1,897430	3,919296	9,408508
1,686737	3,797195	9,050568
1,453308	3,784027	9,131973
1,381485	3,763672	9,245697
1,448517	3,758881	9,190628
1,476059	3,801971	9,139160
1,454498	3,774445	9,184647
1,489227	3,755295	9,328308
1,636459	3,715790	9,413300
1,825607	3,665512	9,396530
1,892639	3,639175	9,455200
1,994400	3,731354	9,530609
2,012360	3,746902	9,388153
2,111710	3,701416	9,160706
2,172760	3,761276	8,994308
2,156006	3,776840	8,868622
2,122482	3,727753	8,861435
2,238602	3,734940	8,985931
2,426544	3,689453	9,094864
2,525909	3,649948	9,085297
2,546265	3,630798	8,960785
2,460068	3,678680	8,752502
2,389435	3,628403	8,732147
2,325989	3,557770	8,926071
2,203888	3,535019	9,112823
2,043472	3,446442	9,297180
1,959686	3,390167	9,442032
1,930954	3,365036	9,567719
1,971649	3,306381	9,693420
1,999191	3,332718	9,893341
2,122482	3,266876	10,099228
2,209869	3,198639	10,016632
2,179947	3,232162	9,930450
2,082977	3,248917	9,957977
2,043472	3,235748	9,981918
1,970459	3,248917	10,016632
1,947708	3,221390	10,019028
1,905807	3,260880	9,942413
1,971649	3,150757	9,990295
2,201492	3,151947	10,008255
2,272125	3,270462	9,916077
2,287689	3,246521	9,792770
2,257767	3,223770	9,683838
2,224243	3,217789	9,609619
2,238602	3,239334	9,510254
2,282898	3,215393	9,452805
2,318817	3,157944	9,432449
2,316422	3,147156	9,430054
2,309235	3,094498	9,422867
2,255371	3,039429	9,493500
2,229034	3,020264	9,707779
2,288879	2,944855	9,840668
2,416977	2,863449	9,949600
2,431335	2,826340	9,998672
2,385849	2,858658	10,058533
2,255371	2,861053	9,981918
2,065033	2,811981	9,754471
2,019531	2,764084	9,499481
2,019531	2,747330	9,264862
1,963272	2,771271	9,195419
1,945312	2,735367	9,151138
1,963272	2,704239	9,116409
1,875885	2,620438	9,135574
1,871094	2,583328	9,228943
1,831589	2,555801	9,289993
1,765747	2,535446	9,267242
1,741806	2,487564	9,282806
1,816025	2,466019	9,395340
1,841171	2,525864	9,424072
1,899826	2,432495	9,448013
1,905807	2,361862	9,477936
1,918976	2,305603	9,540192
1,966858	2,299622	9,656311
1,951309	2,238556	9,922058
1,843567	2,233780	10,111206
1,751389	2,273285	9,967560
1,672379	2,220612	9,913681
1,726242	2,166733	10,020233
1,902222	2,108078	10,187820
2,013550	2,045822	10,276413
2,018341	2,067383	10,126770
1,918976	2,103287	9,942413
1,814835	2,097305	9,894531
1,741806	2,054214	9,773621
1,737015	2,036255	9,728134
1,717865	2,006332	9,708984
1,696320	2,035049	9,650330
1,690338	2,027878	9,564133
1,741806	1,922531	9,640747
1,868698	1,854294	9,792770
1,930954	1,862671	9,858612
2,020737	1,793243	9,777222
2,071014	1,800430	9,705383
2,044678	1,918930	9,632370
2,002777	1,899780	9,410904
2,001587	1,818375	9,248093
2,020737	1,866272	9,206192
2,038696	1,884216	9,246902
2,011154	1,861481	9,279221
1,960876	1,853104	9,263657
1,873489	1,807602	9,203796
1,766953	1,744156	9,358231
1,698715	1,701065	9,595261
1,737015	1,665146	9,688629
1,740616	1,651978	9,798767
1,723846	1,654373	9,731720
1,648438	1,655579	9,680252
1,515564	1,653183	9,688629
1,429367	1,628036	9,588074
1,364716	1,613678	9,574905
1,326416	1,625641	9,558151
1,313248	1,541855	9,612015
1,272552	1,509521	9,610825
1,308456	1,452072	9,631165
1,432953	1,351517	9,804749
1,434158	1,331161	9,977127
1,488022	1,332352	10,064514
1,470062	1,321579	10,115997
1,365921	1,327576	10,066910
1,246216	1,325180	9,937622
1,133682	1,300034	9,831085
1,039108	1,297638	9,883759
1,028336	1,274902	10,010651
1,037918	1,229401	10,048950
1,085800	1,211456	10,021423
1,130096	1,175537	10,050156
1,137268	1,144409	10,053741
1,079819	1,159973	10,065720
1,028336	1,121674	10,064514
1,021149	1,092941	10,017838
1,013977	1,041458	9,942413
0,978058	1,034286	10,015442
1,037918	0,987595	10,104019
0,992416	1,001953	10,131561
0,882294	1,024704	10,169861
0,776947	1,024704	10,159088
0,689560	0,934921	10,047760
0,615341	0,926544	10,032196
0,580627	0,914566	10,003464
0,618927	0,883438	9,965164
0,660828	0,882248	9,954391
0,669205	0,824783	9,886154
0,712296	0,790070	9,902908
0,787720	0,803238	9,986710
0,809265	0,817612	9,864609
0,814056	0,794861	9,548569
0,781738	0,748169	9,458786
0,715897	0,762543	9,482727
0,600967	0,799652	9,443222
0,603363	0,719437	9,458786
0,644073	0,652405	9,601242
0,616531	0,624878	9,711380
0,568649	0,650009	9,724548
0,573441	0,626068	9,674271
0,571045	0,598541	9,635956
0,525558	0,608109	9,603638
0,472885	0,622482	9,534210
0,439362	0,562622	9,523422
0,322052	0,581772	9,470764
0,276550	0,549454	9,421677
0,278946	0,494385	9,530609
0,288528	0,477631	9,643143
0,319656	0,344742	9,620392
0,384293	0,246582	9,798767
0,403458	0,312424	10,069305
0,389084	0,378265	10,221344
0,386688	0,343552	10,192612
0,404648	0,313629	10,171066
0,420212	0,326797	10,047760
0,396271	0,403412	9,896927
0,323242	0,464462	9,708984
0,265778	0,454880	9,595261
0,253815	0,451294	9,541382
0,233459	0,500366	9,588074
0,243042	0,526703	9,768829
0,231064	0,503967	9,957977
0,216705	0,427353	10,062119
0,198746	0,401016	10,187820
0,226273	0,440521	10,287186
0,369934	0,385452	10,241684
0,538727	0,357910	10,260849
0,666809	0,447693	10,136353
0,732651	0,451294	9,938828
0,696747	0,496780	9,912491
0,657242	0,496780	9,899323
0,579422	0,506363	9,705383
0,504013	0,538681	9,512650
0,432175	0,548264	9,598846
0,377121	0,569809	9,772430
0,362747	0,581772	9,840668
0,399857	0,536285	9,900513
0,436966	0,468048	9,974731
0,531540	0,505157	10,096848
0,651245	0,515930	10,172256
0,749405	0,527908	10,143524
0,721878	0,602127	10,059738
0,712296	0,541077	9,996277
0,646469	0,559036	9,935226
0,620132	0,640427	9,758057
0,610550	0,733810	9,645538
0,644073	0,772110	9,692215
0,718292	0,720642	9,894531
0,815247	0,700287	10,045364
0,834412	0,718246	10,206970
0,821243	0,627258	10,356613
0,741028	0,614090	10,430832
0,610550	0,670364	10,361404
0,493240	0,715851	10,177048
0,362747	0,735001	10,044174
0,334015	0,725433	9,882553
0,324448	0,768524	9,717361
0,277756	0,821198	9,638351
