1,306927	-3,614397	-9,464453
1,115436	-3,729291	-9,454879
1,086713	-3,767590	-9,196365
1,019691	-3,834611	-9,148493
0,952669	-4,179296	-9,521900
0,904796	-4,380362	-9,474028
0,809050	-4,179296	-9,215514
0,703730	-4,179296	-9,215514
0,694156	-4,246317	-9,225089
0,607985	-4,409085	-9,205940
0,588835	-4,753769	-9,186790
0,483515	-4,954835	-9,225089
0,378195	-5,098454	-9,129343
0,378195	-5,261221	-9,043172
0,368621	-4,973984	-8,832532
0,157980	-4,887813	-8,985725
0,023936	-5,309094	-9,100619
0,014362	-5,605905	-8,976151
-0,129257	-5,711226	-8,593168
-0,263300	-5,682502	-8,727212
-0,225002	-5,835695	-8,909128
-0,445217	-5,787822	-8,966576
-0,521814	-5,893142	-8,564445
-0,617559	-5,979313	-8,238910
-0,780327	-6,438892	-8,449550
-0,952669	-6,831449	-8,344230
-1,038840	-6,659107	-8,018694
-1,239906	-6,620809	-7,683585
-1,364375	-6,467616	-7,827203
-1,584590	-6,649532	-7,549541
-1,747357	-6,975067	-7,444221
-1,919699	-7,243155	-7,434646
-2,034594	-7,358050	-6,955918
-2,159063	-6,678256	-6,764427
-2,465449	-6,726129	-6,821874
-2,589919	-7,358050	-6,898471
-2,867581	-7,386774	-6,965493
-3,145243	-7,338901	-6,754852
-2,972901	-6,994216	-5,739949
-3,116519	-6,898471	-5,625054
-3,595248	-7,233581	-5,577181
-3,585673	-7,291028	-5,395265
-3,719717	-6,802725	-5,452712
-4,102699	-7,300602	-5,471861
-4,236743	-8,047418	-5,500585
-4,265467	-8,918703	-5,672927
-4,131423	-8,219760	-4,945261
-4,140997	-5,854844	-3,604822
-4,504831	-5,577181	-2,628217
-4,973984	-8,200611	-2,656940
-5,318668	-8,277207	-2,159063
-5,826120	-7,434646	-1,785655
-5,806971	-7,989971	-1,594164
-5,739949	-7,606988	-0,722879
-6,008037	-6,544212	-0,244151
-6,304848	-6,812300	-0,196278
-6,505914	-7,281453	-0,052660
-6,764427	-6,888896	0,148406
-6,994216	-6,534637	0,138831
-7,003791	-6,553787	0,301599
-7,032515	-6,017611	1,086713
-7,252729	-5,443138	1,010116
-7,444221	-5,519734	1,105862
-7,693159	-5,337818	1,105862
-7,903800	-4,906962	0,904796
-7,798480	-4,897388	1,306927
-7,865501	-4,064401	1,613313
-8,037844	-4,026103	1,239906
-7,865501	-3,738866	1,632463
-7,942098	-3,288862	1,852677
-7,970821	-2,953752	1,766506
-7,989971	-2,618642	1,603739
-7,884651	-2,427151	1,306927
-7,951673	-2,015445	1,297353
-7,942098	-1,680335	1,507993
-8,066567	-1,776081	1,527142
-8,344230	-1,536717	1,575015
-7,894225	-1,220756	1,661186
-8,171887	-0,694156	1,747357
-8,296356	-0,579261	1,699484
-8,171887	-0,205853	1,862252
-8,191036	0,023936	2,120765
-8,296356	0,033511	2,159063
-8,305931	0,272875	2,168638
-8,353804	0,569686	2,139914
-8,344230	0,780327	2,063318
-8,430401	0,809050	2,206936
-8,439975	0,933520	2,369704
-8,535721	1,038840	2,206936
-8,564445	1,134585	2,216511
-8,506997	1,057989	2,111191
-8,554870	1,144160	2,082467
-8,679339	1,153735	1,986721
-8,593168	1,211182	2,120765
-8,679339	1,536717	2,369704
-8,736787	1,450546	2,130340
-8,669765	1,575015	2,187787
-8,669765	1,756932	2,072892
-8,669765	1,613313	1,957998
-8,708063	1,852677	1,986721
-8,708063	1,881401	2,063318
-8,746361	1,718634	2,082467
-8,803808	1,766506	2,015445
-8,861256	1,843103	1,948423
-8,880404	1,986721	2,015445
-8,937852	2,159063	1,900550
-8,880404	2,216511	1,871827
-8,842107	2,178212	2,044169
-8,909128	2,312256	2,053743
-8,813383	2,360129	2,053743
-8,746361	2,369704	2,005870
-8,717637	2,417577	1,938848
-8,736787	2,427151	1,871827
-8,717637	2,350555	1,823954
-8,717637	2,264384	1,785655
-8,698488	2,187787	1,804805
-8,660190	2,187787	1,766506
-8,688913	2,120765	1,881401
-8,708063	2,178212	2,044169
-8,794233	2,130340	1,938848
-8,813383	2,130340	1,948423
-8,822957	2,025020	1,900550
-8,842107	2,072892	2,015445
-8,832532	2,120765	2,149489
-8,880404	2,072892	2,092041
-8,870831	2,063318	1,977147
-8,861256	2,101616	1,957998
-8,918703	2,168638	1,929274
-8,899554	2,130340	1,977147
-8,937852	2,216511	1,977147
-8,889979	2,139914	1,919699
-8,870831	2,168638	2,044169
-8,889979	2,101616	1,910125
-8,870831	2,139914	1,900550
-8,937852	2,139914	2,015445
-8,909128	2,092041	2,044169
-8,851681	2,168638	1,986721
-8,832532	2,111191	2,005870
-8,880404	2,149489	1,977147
-8,842107	2,101616	2,025020
-8,880404	2,111191	2,005870
-8,803808	2,111191	2,005870
-8,727212	2,197362	2,005870
-8,803808	2,111191	2,034594
-8,880404	2,130340	1,967572
-8,832532	2,168638	1,919699
-8,784659	2,187787	1,986721
-8,784659	2,321831	2,015445
-8,736787	2,226085	2,092041
-8,765511	2,197362	2,159063
-8,775084	2,149489	2,072892
-8,727212	2,216511	2,082467
-8,746361	2,149489	1,977147
-8,727212	2,082467	2,005870
-8,765511	2,092041	2,063318
-8,784659	2,053743	2,025020
-8,784659	2,072892	2,053743
-8,775084	2,072892	2,063318
-8,870831	2,034594	2,005870
-8,861256	2,130340	2,101616
-8,928278	2,130340	2,072892
-8,947427	2,130340	2,034594
-8,870831	2,092041	2,053743
-8,918703	2,101616	2,159063
-8,899554	2,101616	2,206936
-8,889979	2,111191	2,187787
-8,880404	2,072892	2,149489
-8,851681	2,092041	2,044169
-8,851681	2,082467	2,082467
-8,851681	2,120765	2,005870
-8,842107	2,063318	1,881401
-8,842107	2,159063	1,890976
-8,813383	2,235660	1,795230
-8,775084	2,120765	1,871827
-8,755936	2,149489	1,900550
-8,784659	2,130340	1,938848
-8,813383	2,159063	1,929274
-8,842107	2,159063	1,996296
-8,842107	2,178212	1,986721
-8,822957	2,149489	2,063318
-8,803808	2,120765	2,092041
-8,775084	2,082467	2,092041
-8,842107	2,101616	2,072892
-8,918703	2,072892	2,034594
-8,918703	2,159063	2,092041
-8,909128	2,101616	2,025020
-8,918703	2,101616	1,929274
-8,870831	2,063318	2,034594
-8,909128	2,159063	2,063318
-8,851681	2,072892	2,034594
-8,842107	2,130340	1,957998
-8,822957	2,149489	2,034594
-8,803808	2,168638	2,025020
-8,813383	2,149489	2,034594
-8,794233	2,101616	2,101616
-8,813383	2,216511	2,139914
-8,784659	2,130340	2,082467
-8,803808	2,130340	1,977147
-8,765511	2,072892	1,996296
-8,822957	2,149489	2,005870
-8,842107	2,025020	1,977147
-8,832532	2,120765	2,034594
-8,851681	2,168638	2,015445
-8,889979	2,168638	1,929274
-8,803808	2,168638	1,948423
-8,813383	2,245234	1,977147
-8,784659	2,120765	2,044169
-8,842107	2,216511	2,120765
-8,832532	2,120765	2,082467
-8,861256	2,101616	2,053743
-8,889979	2,063318	1,977147
-8,851681	2,187787	2,025020
-8,870831	2,149489	1,938848
-8,899554	2,130340	2,015445
-8,899554	2,178212	1,996296
-8,794233	2,168638	2,053743
-8,784659	2,149489	2,072892
-8,822957	2,178212	1,929274
-8,813383	2,178212	1,996296
-8,794233	2,159063	2,034594
-8,727212	2,092041	2,053743
-8,784659	2,216511	2,082467
-8,822957	2,082467	2,034594
-8,889979	2,130340	2,063318
-8,889979	2,101616	2,034594
-8,832532	2,092041	2,015445
-8,851681	2,139914	2,044169
-8,861256	2,120765	2,053743
-8,832532	2,187787	2,034594
-8,842107	2,178212	2,025020
-8,822957	2,120765	1,957998
-8,775084	2,111191	2,053743
-8,822957	2,159063	2,015445
-8,822957	2,111191	1,986721
-8,822957	2,101616	1,996296
-8,765511	2,139914	2,025020
-8,803808	2,139914	2,015445
-8,794233	2,168638	1,996296
-8,784659	2,206936	2,005870
-8,746361	2,187787	2,025020
-8,736787	2,206936	1,957998
-8,688913	2,168638	1,929274
-8,688913	2,254809	2,025020
-8,679339	2,197362	1,938848
-8,688913	2,235660	1,938848
-8,679339	2,283533	2,034594
-8,679339	2,379278	1,986721
-8,698488	2,331405	1,938848
-8,717637	2,379278	1,919699
-8,679339	2,331405	1,938848
-8,660190	2,264384	1,948423
-8,621892	2,159063	1,948423
-8,602742	2,245234	1,929274
-8,612317	2,092041	1,986721
-8,650616	2,063318	1,948423
-8,583593	1,776081	1,919699
-8,516571	1,594164	1,957998
-8,516571	1,517568	1,881401
-8,497422	1,249480	1,957998
-8,487848	1,048414	1,967572
-8,516571	0,789901	1,967572
-8,516571	0,560112	1,986721
-8,631466	0,292024	1,977147
-8,506997	0,071809	1,977147
-8,574018	-0,129257	2,034594
-8,583593	-0,426068	2,187787
-8,459125	-0,588835	2,273958
-8,411251	-0,856923	2,149489
-8,171887	-0,856923	2,254809
-8,219760	-0,952669	2,379278
-8,267632	-1,316502	2,455875
-8,449550	-1,507993	2,513322
-8,468699	-1,804805	2,561195
-8,506997	-1,977147	2,599493
-8,468699	-2,302682	2,723963
-8,392102	-2,494173	2,695239
-8,305931	-2,790984	2,819708
-8,296356	-2,848432	2,819708
-8,181462	-3,183541	2,714388
-8,037844	-3,288862	2,781410
-8,037844	-3,528225	2,676090
-7,961247	-3,671844	2,628217
-7,779330	-3,767590	2,599493
-7,645287	-4,026103	2,522897
-7,683585	-4,227169	2,408002
-7,664436	-4,294190	2,340980
-7,597414	-4,581427	2,206936
-7,396348	-4,887813	2,302682
-7,271879	-4,935686	2,321831
-7,204857	-5,222923	2,053743
-7,195282	-5,538883	1,833528
-7,166558	-5,778247	1,814379
-6,994216	-6,113357	1,852677
-6,745278	-6,180379	1,737783
-6,659107	-6,228251	1,507993
-6,630383	-6,381444	1,440971
-6,544212	-6,467616	1,383524
-6,400594	-6,793150	1,134585
-6,285699	-7,185708	0,962243
-6,132506	-7,022940	0,876072
-5,931440	-7,185708	0,895221
-5,806971	-7,338901	0,694156
-5,682502	-7,702734	0,483515
-5,634629	-7,635712	0,359046
-5,538883	-7,750607	0,378195
-5,376116	-7,750607	0,148406
-5,213348	-8,047418	-0,033511
-4,973984	-8,066567	-0,043086
-4,811217	-8,124015	-0,052660
-4,677173	-8,171887	-0,378195
-4,456958	-8,372953	-0,473941
-4,265467	-8,526146	-0,521814
-4,131423	-8,439975	-0,665432
-4,140997	-8,468699	-0,828200
-4,083550	-8,631466	-0,990967
-3,968655	-8,593168	-0,866498
-3,805888	-8,698488	-1,096287
-3,604822	-8,784659	-1,546291
-3,308011	-8,861256	-1,661186
-3,212265	-8,861256	-1,747357
-3,087796	-9,138918	-2,015445
-2,934603	-9,062322	-2,235660
-2,829283	-9,004874	-2,484598
-2,743112	-9,608071	-3,030348
-2,494173	-9,579348	-2,992050
-2,388853	-9,282537	-2,925028
-2,350555	-8,736787	-3,604822
-2,197362	-8,909128	-3,882484
-2,044169	-9,100619	-3,738866
-1,900550	-9,100619	-3,901634
-1,823954	-9,024023	-4,160147
-1,766506	-8,966576	-4,351638
-1,632463	-8,439975	-4,658024
-1,412248	-7,788905	-4,868664
-1,182458	-7,042089	-5,481436
-0,981392	-7,846352	-6,362296
-0,732454	-8,688913	-6,716554
-0,646283	-8,669765	-6,879322
-0,655857	-8,363379	-6,735703
-0,732454	-7,846352	-6,544212
-0,703730	-7,492094	-6,994216
-0,636708	-7,233581	-7,367624
-0,675007	-6,975067	-7,396348
-0,560112	-6,783576	-7,089962
-0,426068	-6,764427	-7,233581
-0,129257	-6,716554	-7,367624
-0,110107	-6,323997	-7,501668
0,033511	-5,998462	-7,674010
0,205853	-5,356966	-7,846352
-0,186704	-5,155901	-8,238910
-0,205853	-5,452712	-8,171887
0,330322	-4,686748	-7,530392
0,368621	-4,016528	-8,229335
0,598410	-4,275041	-9,579348
0,646283	-4,514405	-10,402760
0,655857	-4,428234	-9,924032
0,607985	-4,102699	-9,483603
0,665432	-3,968655	-9,933606
0,732454	-3,863335	-10,584677
0,732454	-3,537800	-10,670848
0,675007	-3,528225	-10,393186
0,713305	-3,461204	-10,182545
0,761178	-3,413331	-10,182545
0,828200	-3,164392	-10,201694
0,885647	-2,934603	-10,115523
0,866498	-2,637791	-9,751690
0,876072	-2,369704	-9,569773
0,952669	-2,417577	-9,416580
1,010116	-2,676090	-9,598496
1,172884	-2,953752	-9,828286
1,163309	-3,049498	-9,569773
1,029265	-2,838857	-9,263388
1,096287	-2,551620	-9,311260
1,211182	-2,350555	-9,483603
1,230331	-2,408002	-9,617646
1,172884	-2,599493	-9,598496
1,230331	-2,819708	-9,655944
1,393099	-2,580344	-9,483603
1,402673	-2,321831	-9,426155
1,383524	-2,226085	-9,474028
1,584590	-2,216511	-9,818711
1,594164	-2,273958	-10,125097
1,594164	-2,283533	-10,201694
1,594164	-2,264384	-10,230418
1,555866	-2,331405	-10,105948
1,565441	-2,388853	-10,153821
1,603739	-2,369704	-10,182545
1,575015	-2,302682	-10,134672
1,517568	-2,168638	-10,239992
1,479270	-2,168638	-9,962330
1,517568	-2,398427	-9,665519
1,565441	-2,446300	-9,713391
1,565441	-2,417577	-10,010203
1,613313	-2,503747	-10,058076
1,632463	-2,561195	-9,962330
1,603739	-2,408002	-9,646370
1,565441	-2,264384	-9,483603
1,546291	-2,340980	-9,761265
1,594164	-2,293107	-9,943181
1,632463	-2,321831	-9,885734
1,584590	-2,408002	-9,655944
1,555866	-2,350555	-9,512326
1,584590	-2,197362	-9,569773
1,565441	-2,092041	-9,694242
1,536717	-2,321831	-9,904882
1,565441	-2,388853	-9,866585
1,488844	-2,321831	-9,789989
1,431397	-2,321831	-9,579348
1,488844	-2,264384	-9,588923
1,460120	-2,197362	-9,665519
1,469695	-2,264384	-9,828286
1,555866	-2,427151	-9,857010
1,421822	-2,340980	-9,608071
1,450546	-2,264384	-9,531475
1,402673	-2,149489	-9,541050
1,393099	-2,340980	-9,598496
1,412248	-2,484598	-9,608071
1,364375	-2,475024	-9,550624
1,431397	-2,350555	-9,397431
1,460120	-2,168638	-9,454879
1,383524	-2,273958	-9,560199
1,402673	-2,340980	-9,713391
1,383524	-2,379278	-9,761265
1,335651	-2,331405	-9,799562
1,297353	-2,398427	-9,799562
