-0,414169	1,191101	8,887772
-0,514725	1,158783	9,050568
-0,612885	1,153992	9,120010
-0,671539	1,120468	9,212189
-0,677536	1,114487	9,358231
-0,661972	1,148010	9,407318
-0,608093	1,173141	9,390549
-0,523102	1,153992	9,406113
-0,550644	1,152786	9,440826
-0,608093	1,194687	9,530609
-0,732605	1,195892	9,595261
-0,857101	1,173141	9,713776
-0,945679	1,133636	9,857422
-1,043839	1,103714	9,992691
-1,174332	1,125259	10,173462
-1,235382	1,138428	10,368576
-1,253342	1,122864	10,690598
-1,259323	1,218628	10,981491
-1,282074	1,252151	11,268799
-1,248550	1,291656	11,589630
-1,250946	1,303635	11,861374
-1,218628	1,337143	12,100784
-1,112076	1,393417	12,263596
-1,054611	1,441299	12,366547
-1,077362	1,551422	12,395279
-1,042648	1,687897	12,531738
-0,964828	1,757324	12,665817
-0,916946	1,871048	12,729263
-0,962448	2,003937	12,665817
-0,988785	2,117661	12,582016
-0,997162	2,294830	12,520966
-0,916946	2,493546	12,516174
-0,875061	2,586914	12,364151
-0,879837	2,715012	12,097198
-0,962448	2,816757	11,984665
-1,041443	3,002319	12,045715
-1,118073	3,141174	12,246841
-1,205460	3,321945	12,611954
-1,349106	3,530228	13,063263
-1,450851	3,622406	13,381683
-1,519089	3,633179	13,720459
-1,498749	3,623611	14,255569
-1,359879	3,585297	14,849335
-1,235382	3,673889	15,419144
-1,143204	3,760071	15,895599
-0,945679	3,745712	16,200851
-0,762527	3,728958	16,489365
-0,511139	3,761276	16,732376
-0,287277	3,888168	16,947845
-0,095734	4,004288	17,226776
0,161636	4,092865	17,425491
0,207123	4,053375	17,436264
0,075439	4,013870	17,421906
-0,111298	3,959991	17,353668
-0,283691	3,927673	17,214798
-0,414169	3,934860	16,814972
-0,611694	3,988724	16,443863
-0,779282	4,082092	16,175720
-0,870270	4,186249	15,818985
-0,915756	4,241318	15,523300
-0,983994	4,310745	15,422745
-0,958847	4,344269	15,434708
-0,857101	4,337082	15,495758
-0,660767	4,191040	15,592728
-0,495575	4,095261	15,519714
-0,362701	4,241318	15,276703
0,123322	4,192230	15,280289
0,760193	3,918091	15,350922
1,065445	3,871414	14,987000
1,084595	4,089279	14,447098
1,162415	4,084488	14,127472
1,183960	4,096466	14,020935
1,206711	3,981537	13,868912
1,166000	3,861832	13,408020
1,110931	3,730148	13,072830
0,927780	3,659515	12,669403
0,663223	3,710999	12,069656
0,639282	3,696625	11,732086
0,488449	3,749298	11,340622
0,325638	3,803177	10,479919
0,270569	3,872604	9,535400
0,366333	3,886978	9,155914
0,414230	3,967178	8,800385
0,568649	3,952805	8,331116
0,857147	3,991119	7,994736
1,152832	4,043793	7,691864
1,387466	4,165894	7,410553
1,599350	4,220963	7,177109
1,746597	4,236526	6,879028
1,976440	4,150330	6,637222
2,003967	4,123993	6,425339
1,940521	4,073715	6,008743
2,001587	3,830704	5,351532
1,825607	3,730148	4,622498
1,357544	3,869019	4,312454
0,922989	4,096466	4,294495
0,348389	4,473557	4,421387
-0,220245	4,819519	4,486023
-0,347137	4,675858	4,282516
-0,508743	4,610016	4,135284
-0,921738	4,741699	4,032333
-1,423325	5,003860	4,075424
-1,636414	4,945206	3,998810
-1,381424	4,538193	3,948532
-1,219818	4,217377	3,974869
-1,235382	4,126389	4,079010
-1,180313	4,167099	4,049088
-0,907379	4,183853	3,894669
-0,465652	4,121597	3,705521
-0,112503	4,092865	3,388290
0,046707	4,058151	3,035141
0,140091	4,025833	2,583832
0,070663	4,050980	2,052322
-0,114899	4,102448	1,460953
-0,033493	4,115616	0,964157
-0,019119	4,064148	0,490112
-0,032288	4,010269	0,045975
-0,053848	4,034210	-0,425674
0,025162	4,017456	-0,923676
0,181992	3,987534	-1,316315
0,392670	3,864227	-1,619186
0,525558	3,776840	-1,833466
0,583008	3,780426	-1,948395
0,623718	3,778030	-2,035782
0,554291	3,716980	-2,083664
0,480072	3,617630	-2,094437
0,442947	3,511078	-2,114792
0,403458	3,493118	-2,251251
0,308884	3,511078	-2,503845
0,179596	3,483551	-2,848602
0,053894	3,421295	-3,100006
-0,075394	3,347076	-3,380127
-0,259750	3,218994	-3,613556
-0,450089	3,224976	-3,723694
-0,861893	3,463196	-3,839813
-1,003143	3,467987	-3,995438
-0,998352	3,373413	-4,234848
-1,047440	3,282440	-4,540115
-1,144394	3,258499	-4,914810
-1,272491	3,283630	-5,038101
-1,422134	3,265671	-4,979446
-1,491562	3,168716	-4,996201
-1,519089	3,083710	-5,002197
-1,475998	2,968796	-4,895645
-1,393402	2,839508	-4,846573
-1,316788	2,846695	-4,803467
-1,192291	2,834717	-4,798691
-1,246155	2,887390	-4,865723
-1,205460	2,892181	-4,706512
-1,145599	2,849091	-4,379700
-1,140808	2,917313	-4,034927
-1,133621	3,059769	-3,624329
-1,130035	3,167511	-3,141891
-1,155182	3,308777	-2,628342
-1,464020	3,562561	-2,517014
-1,632812	3,546997	-2,605591
-1,515503	3,411728	-2,556519
-1,772873	3,641571	-2,154297
-2,513885	4,402924	-1,681427
-2,725769	4,598053	-1,758057
-2,443253	4,262863	-2,032181
-1,979980	3,847473	-2,224915
-2,220596	4,243713	-1,779602
-3,235733	5,528198	-1,299561
-2,601273	5,256454	-1,388138
-1,854279	4,823105	-1,899307
-1,613663	4,912888	-2,180618
-1,428116	5,027802	-1,989090
-1,639999	5,541367	-1,494690
-1,473602	5,553329	-1,334274
-0,821182	5,005066	-1,613205
0,523163	3,924088	-1,907684
-0,660767	5,278000	-1,910080
-1,387405	6,376938	-1,851425
-0,979202	6,302719	-1,651505
-0,120880	5,535385	-1,719742
0,372330	5,198990	-2,192596
0,373520	5,328278	-2,388916
0,226273	5,670654	-2,211746
0,220291	5,887329	-2,065704
1,489227	4,856628	-1,916061
0,386688	5,979507	-1,488708
-0,797241	7,165833	-1,189423
0,010803	6,433197	-1,197800
1,495209	4,839859	-0,863815
-0,095734	6,200974	-0,231750
-0,988785	7,267578	-0,013870
0,435776	6,323074	0,721146
0,450134	6,476303	1,657272
-0,890610	7,781143	1,146118
-0,383041	7,509399	0,101044
0,196350	6,853394	0,121399
-0,028702	6,789948	0,423065
-0,572189	7,078445	0,584671
-0,296860	6,855774	0,776215
0,823639	6,217728	1,440598
-0,758942	8,037323	2,235474
-0,922943	8,479050	2,119354
0,179596	7,655441	1,781784
0,755402	7,241241	1,617783
0,780533	7,296310	1,334061
0,806870	7,472290	1,057526
1,118118	7,447144	0,941406
0,718292	8,076828	0,855225
0,471680	8,494614	1,037186
0,650055	8,468277	1,425049
1,461685	8,066055	1,220337
2,106918	8,061264	0,661285
2,351135	8,368912	0,658905
2,504364	8,676575	0,809738
2,669556	8,881271	0,814514
3,081360	9,060837	0,965363
3,649994	9,221252	1,384338
3,769699	9,683334	2,018799
4,133621	9,804245	2,161255
4,800400	9,905991	1,929016
5,415710	10,129852	1,738678
6,093277	10,400391	1,537567
6,472748	10,767914	1,235901
6,634354	11,144989	1,256256
6,981522	11,471802	1,433426
7,550140	11,713623	1,791351
8,249252	11,955429	2,373138
8,992645	12,170914	3,200348
9,722885	12,492935	4,088593
10,532120	12,957397	4,860718
11,216858	13,414703	5,426956
11,850128	13,804947	5,932129
12,388824	14,135345	6,282883
12,896393	14,402298	6,619263
13,429108	14,674042	6,816788
13,696060	14,915863	6,972412
13,879211	15,222321	7,114868
14,116241	15,647293	7,408157
14,392776	16,005219	7,756516
14,580719	16,292526	8,039017
14,773453	16,524765	8,315552
14,888367	16,658844	8,612442
15,162506	16,761795	8,900940
15,240311	16,853973	9,159515
15,149338	16,853973	9,474350
15,039200	16,792908	9,594055
14,870407	16,606171	9,571320
14,537613	16,397873	9,468369
14,140182	16,214722	9,267242
13,752319	15,904663	9,104446
13,269897	15,514404	8,956009
13,181305	15,144501	8,495117
13,125046	14,759033	7,992340
12,899979	14,277802	7,404556
12,496567	13,857620	6,603699
11,811829	13,655319	6,053040
11,097153	13,675659	5,598129
10,972656	13,257874	5,271332
10,732040	12,940643	4,955292
10,348969	12,688049	4,744598
9,967087	12,449829	4,644043
9,655838	12,174500	4,598557
9,408035	11,802200	4,617706
9,216507	11,350891	4,882263
9,083633	10,895996	5,308441
8,995041	10,505737	5,789673
8,820267	10,132248	6,121262
8,588028	9,739594	6,215836
8,378540	9,303848	6,305618
8,007431	8,924377	6,364273
7,502258	8,609528	6,299637
7,041382	8,306671	6,123657
6,482330	8,057663	5,909378
6,020248	7,921204	5,771713
5,495911	7,730865	5,727417
5,044617	7,424408	5,719040
4,659149	7,082031	5,742981
4,285645	6,815079	5,786087
3,922928	6,598404	5,720245
3,521896	6,381729	5,570602
3,092133	6,117172	5,381454
2,665970	5,904083	5,108521
2,279312	5,667053	4,839172
1,861526	5,541367	4,679962
1,468872	5,334259	4,356735
1,084595	5,018234	3,868332
0,682373	4,887741	3,348785
0,378311	4,915283	3,074646
0,102982	5,018234	2,966904
-0,191513	5,017029	2,920227
-0,518311	4,884155	2,752625
-0,724213	4,789581	2,405472
-0,962448	4,772827	2,108582
-1,108490	4,820709	1,835648
-1,327560	4,884155	1,763824
-1,708237	4,884155	1,605804
-2,009903	5,005066	1,179642
-2,242142	5,125977	0,800156
-2,415726	5,210968	0,430252
-2,504303	5,238495	0,084290
-2,647964	5,263641	0,020844
-2,849075	5,385742	-0,231750
-2,874207	5,525803	-0,520248
-2,828720	5,592834	-0,641159
-2,835907	5,635941	-0,745300
-2,804779	5,692200	-0,787201
-2,870621	5,793945	-0,953598
-2,911316	5,852615	-1,159500
-2,888580	5,797546	-1,298355
-2,783234	5,674240	-1,347443
-2,790421	5,427643	-1,184631
-2,977158	5,305542	-1,299561
-3,229752	5,349823	-1,546158
-3,458405	5,403702	-1,746078
-3,572128	5,300751	-1,938812
-3,567337	5,055344	-2,204575
-3,754074	4,948807	-2,467926
-4,037796	4,942810	-2,726501
-4,265244	4,964355	-2,922821
-4,432831	4,983521	-3,143097
-4,557343	4,977524	-3,304703
-4,730911	4,970352	-3,423218
-5,058914	5,105621	-3,612366
-5,428818	5,256454	-3,849380
-5,455154	5,090057	-4,036133
-5,526993	4,993088	-4,112747
-5,690994	5,063721	-4,073242
-5,882523	5,108017	-4,069656
-6,155472	5,232513	-4,030151
-6,507416	5,346237	-4,107956
-6,629517	5,394119	-4,076828
-6,691772	5,383347	-3,861359
-6,724091	5,171463	-3,924805
-6,824646	4,929642	-3,984650
-6,977875	4,736908	-3,928391
-7,275955	4,659103	-3,861359
-7,647049	4,693817	-3,867340
-7,752396	4,708176	-3,952332
-7,578812	4,780014	-3,920013
-7,547699	4,940414	-3,787140
-7,615921	5,118790	-3,612366
-7,632690	5,233704	-3,577637
-7,552475	5,268433	-3,672211
-7,490234	5,373764	-3,791916
-7,493820	5,486298	-3,752426
-7,522552	5,657486	-3,601578
-7,509384	5,845428	-3,456741
-7,417206	6,008240	-3,356186
-7,322632	6,095627	-3,202957
-7,216095	6,187805	-3,018600
-7,120331	6,373352	-2,823471
-7,013794	6,590027	-2,670242
-6,989838	6,837830	-2,593628
-6,878510	7,026962	-2,527786
-6,634308	7,122742	-2,373352
-6,384109	7,141891	-2,169846
-6,226089	7,177795	-1,907684
-6,114761	7,289139	-1,657486
-5,950760	7,411240	-1,418076
-5,702957	7,448349	-1,117599
-5,409668	7,463913	-0,876984
-5,145111	7,520172	-0,639954
-4,981110	7,643478	-0,404129
-4,799149	7,884094	-0,317932
-4,635147	8,098373	-0,225754
-4,398117	8,245621	-0,167099
-4,304749	8,423981	-0,201813
-4,278412	8,570023	-0,387375
-4,230530	8,688538	-0,456802
-4,174271	8,738815	-0,457993
-4,132370	8,795090	-0,315536
-4,102432	8,881271	-0,112030
-4,061737	8,990219	0,001694
-3,937241	9,032104	0,120209
-3,675079	9,036896	0,300964
-3,463181	9,074005	0,515244
-3,382980	9,173370	0,674454
-3,309952	9,356522	0,974930
-3,239334	9,589966	1,299347
-3,071732	9,755157	1,632141
-2,802383	9,792267	1,974518
-2,515076	9,797058	2,334839
-2,251724	9,840149	2,733475
-2,043427	9,921555	3,151260
-1,832733	10,001755	3,388290
-1,750137	10,213654	3,419418
-1,892593	10,684113	3,663620
-1,871048	10,934311	3,776154
-1,672318	10,905579	3,683975
-1,511917	10,862473	3,553482
-1,327560	10,773895	3,581024
-1,019897	10,746353	3,728271
-0,790054	10,819382	3,852768
-0,681122	10,957047	3,930573
-0,476425	11,004929	3,948532
-0,331573	10,918747	3,877899
-0,233414	10,840927	3,727066
-0,101730	10,788254	3,627701
0,029953	10,797836	3,591797
0,175995	10,899582	3,570251
0,307678	10,870850	3,565460
0,494431	10,771500	3,620529
0,763779	10,728409	3,614532
1,060654	10,712845	3,668411
1,320435	10,812195	3,718689
1,646042	10,984589	3,747421
2,013550	11,110275	3,746216
2,377472	11,133026	3,592987
2,688721	11,110275	3,405045
2,894623	11,079147	3,182388
3,063416	11,122253	2,883118
3,195084	11,239563	2,612564
3,395004	11,325760	2,413849
3,746948	11,261108	2,213928
4,027069	11,140198	1,979294
4,181503	11,086334	1,745865
4,285645	10,921143	1,561508
4,398178	10,714035	1,560318
4,580139	10,544052	1,645309
4,628021	10,431519	1,784180
4,534653	10,403992	1,857193
4,478378	10,283081	1,957748
4,437683	10,025711	2,045135
4,390991	9,789871	2,154083
4,339523	9,692917	2,267807
4,383804	9,586365	2,241470
4,404160	9,556442	2,155273
4,340714	9,580383	1,949371
4,319168	9,533691	1,665665
4,286850	9,439117	1,296951
4,362259	9,297867	0,973740
4,570557	9,107529	0,763046
4,738159	8,917191	0,474548
4,893768	8,832199	0,263855
5,017075	8,787903	0,232727
5,133194	8,678970	0,265045
5,250519	8,550873	0,254272
5,360641	8,420395	0,211182
5,515076	8,258789	0,104645
5,704208	8,185760	0,011261
5,808365	8,079224	-0,162308
5,862228	7,999008	-0,434052
5,858643	7,911621	-0,635162
5,900543	7,836212	-0,862625
6,099258	7,718887	-1,090073
6,265656	7,682983	-1,274414
6,381775	7,623123	-1,422867
6,557739	7,565659	-1,538986
6,758865	7,515381	-1,683823
6,903702	7,451935	-1,855011
6,994690	7,398071	-2,029785
7,108414	7,346588	-2,206955
7,120377	7,308289	-2,473923
7,025818	7,337021	-2,671432
6,804352	7,353775	-2,914444
6,714569	7,327438	-3,114365
6,667877	7,285538	-3,372940
6,599640	7,289139	-3,649475
6,527817	7,266388	-3,991837
6,489517	7,275970	-4,327026
6,495499	7,193359	-4,493423
6,477539	7,099991	-4,639465
6,471558	7,042526	-4,771149
6,508667	6,946762	-4,907623
6,552963	6,855774	-5,014160
6,568527	6,798325	-5,048874
6,567322	6,728882	-5,127884
6,472748	6,670227	-5,204498
6,283615	6,666641	-5,269150
6,144745	6,639099	-5,349350
5,957993	6,574463	-5,336182
5,704208	6,605591	-5,299072
5,408524	6,640305	-5,241608
5,066162	6,661850	-5,224854
4,736954	6,743256	-5,179367
4,470001	6,810287	-5,179367
4,286850	6,805496	-5,069229
4,025879	6,816284	-4,899246
3,738571	6,888107	-4,722076
3,487183	6,922821	-4,535324
3,256134	6,937180	-4,383286
3,156784	6,938385	-4,185776
3,171143	6,858170	-3,988251
3,247757	6,801910	-3,872131
3,265717	6,763611	-3,724884
3,292053	6,760010	-3,508209
3,381836	6,685791	-3,143097
3,417755	6,615158	-2,695374
3,399796	6,550522	-2,297943
3,421341	6,499039	-1,968735
3,368668	6,466721	-1,659882
3,197479	6,506226	-1,458771
2,996368	6,556503	-1,312729
2,815613	6,623550	-1,119995
2,580978	6,665436	-1,038589
2,323593	6,697769	-0,893738
2,169174	6,698959	-0,708191
2,063828	6,675018	-0,491516
1,883072	6,721710	-0,211395
1,735825	6,876129	0,098648
1,588577	6,985062	0,445816
1,521545	7,026962	0,800156
1,461685	6,998230	1,099426
1,471268	6,940781	1,419052
1,467667	6,951553	1,669250
1,495209	6,999435	1,832062
1,485626	7,061676	1,885925
1,625687	6,969513	1,696777
1,699905	6,950348	1,601013
1,503586	7,128723	1,932617
1,339584	7,332230	2,430603
1,290497	7,451935	2,986069
1,528732	7,399261	3,585815
2,015945	7,066467	3,956909
2,099747	6,933594	4,398636
1,800461	7,086823	4,928955
1,672379	7,223297	5,456879
1,675964	7,189774	5,778900
1,586182	7,181396	5,996765
1,318039	7,153854	6,043457
0,993622	7,097595	5,976425
0,721878	7,030563	5,849533
0,415421	7,040131	5,691513
0,154449	7,058090	5,532288
-0,017929	7,009003	5,332382
-0,128067	6,971893	5,145630
-0,156799	6,933594	5,047470
-0,005951	6,754028	5,165985
0,304092	6,524185	5,508347
0,629700	6,421234	6,054230
0,992416	6,362579	6,940079
1,239029	6,276382	7,851074
1,258179	6,221313	8,508286
1,029541	6,264420	8,961990
0,756592	6,273987	9,191833
0,541122	6,202164	9,148743
0,211914	6,129135	8,856644
-0,134048	6,034576	8,502304
-0,411774	5,965134	8,089310
-0,605713	5,935211	7,651169
-0,707458	5,877747	7,365051
-0,755341	5,817902	7,162750
-0,805618	5,783173	6,999939
-0,847519	5,668259	6,959244
-0,924133	5,552139	7,141205
-0,922943	5,407288	7,351883
-0,798431	5,195404	7,708618
-0,702667	5,020630	8,214996
-0,731400	4,984711	8,783615
-0,748154	4,939224	9,401321
-0,762527	4,812332	9,884949
-0,816391	4,734512	10,178238
-0,939697	4,717758	10,268021
-1,055817	4,729736	10,102829
-1,098907	4,754868	9,742493
-1,152786	4,730927	9,331894
-1,170731	4,691422	8,938049
-1,145599	4,610016	8,715393
-1,134827	4,539398	8,614822
-1,080948	4,430450	8,735733
-1,098907	4,298767	8,912903
-1,146790	4,265259	9,181061
-1,157562	4,155121	9,462372
-1,150391	4,098862	9,796371
-1,146790	4,152725	10,052551
-1,138412	4,104843	10,185425
-1,059402	4,018646	10,197403
-0,972015	3,867813	10,240494
-0,841537	3,813950	10,276413
-0,701477	3,781631	10,248871
-0,539871	3,721771	10,173462
-0,316010	3,642761	10,199799
-0,196304	3,578125	10,285980
-0,214249	3,529037	10,501465
-0,246582	3,520660	10,797150
-0,142426	3,391373	11,181412
-0,178345	3,325531	11,345413
-0,401001	3,292007	11,313095
-0,630844	3,327927	11,068893
-0,822388	3,325531	10,714539
-0,924133	3,239334	10,494278
-0,986389	3,178284	10,254852
-1,009125	3,173492	10,027405
-0,932510	3,098083	9,810730
-0,794846	3,035828	9,589264
-0,658371	2,953232	9,376190
-0,538666	2,894577	9,258865
-0,415359	2,880203	9,151138
-0,338745	2,880203	9,215775
-0,202286	2,776062	9,425262
-0,094543	2,659943	9,781998
-0,077789	2,531845	10,218948
-0,172348	2,408554	10,646317
-0,284882	2,275681	10,927628
-0,424942	2,171524	11,224503
-0,611694	2,160751	11,564484
-0,787659	2,165543	11,878128
-0,854706	2,163147	12,100784
-0,871460	2,146393	12,208527
-0,791260	2,080551	12,246841
-0,690704	2,043442	12,147476
-0,581757	2,029068	11,985870
-0,444092	2,011108	11,884109
-0,229813	2,006332	11,753632
-0,046661	2,049423	11,584839
0,013199	2,076950	11,474701
0,021576	2,084137	11,380127
-0,062225	2,038651	11,247253
-0,172348	1,975204	11,204163
-0,282486	1,964432	11,189789
-0,341141	1,950058	11,211334
-0,381851	1,917740	11,375351
-0,410583	1,914154	11,518997
-0,452484	1,862671	11,565689
-0,429733	1,861481	11,553711
-0,440506	1,798035	11,460342
-0,375870	1,760925	11,435196
-0,275299	1,750153	11,388519
-0,094543	1,735779	11,314285
0,101776	1,636429	11,289154
0,269379	1,636429	11,171844
0,298111	1,663956	10,975510
0,329224	1,695084	10,733704
0,354370	1,628036	10,548141
0,337616	1,541855	10,333862
0,293320	1,543045	10,093246
0,336411	1,519104	9,980728
0,338806	1,498749	9,889740
0,288528	1,479599	9,777222
0,276550	1,428131	9,777222
0,326843	1,333557	9,837067
0,322052	1,303635	10,023819
0,328033	1,282074	10,125565
0,265778	1,290466	10,172256
0,204727	1,256943	10,178238
0,134109	1,168350	10,108810
0,120941	1,078568	10,083679
0,191559	1,037872	10,216553
0,201141	1,036667	10,253662
0,174805	1,102509	10,209366
0,178391	1,080963	10,163879
0,131714	1,009140	10,093246
0,142487	0,936111	10,092056
0,211914	0,885834	10,148315
0,265778	0,896606	10,169861
0,287338	0,916962	10,215347
0,284943	0,924149	10,226120
0,304092	0,922943	10,137543
0,286133	0,906189	10,118393
0,177200	0,902603	10,100433
0,096985	0,984009	9,937622
0,068268	1,018723	9,845444
0,112549	0,968445	9,878967
0,065872	0,978012	9,894531
0,031158	1,025894	9,883759
0,026367	1,041458	9,845444
0,053894	1,060623	9,894531
0,085022	1,025894	10,026215
0,119736	1,011536	10,131561
0,122131	0,998367	10,238098
0,140091	1,011536	10,289581
0,226273	1,048645	10,238098
0,299301	1,066605	10,195007
0,344788	1,100113	10,218948
0,314865	1,092941	10,229721
0,286133	1,059418	10,264435
0,295715	1,047455	10,224930
0,311279	1,101318	10,136353
0,229874	1,131241	10,016632
0,204727	1,181519	9,894531
0,251419	1,169556	9,843048
0,266983	1,179123	9,858612
0,214310	1,155182	9,843048
0,178391	1,164764	9,717361
0,259796	1,189896	9,572510
0,356766	1,165955	9,610825
0,416626	1,192291	9,683838
0,413025	1,191101	9,740097
0,379501	1,192291	9,767639
0,329224	1,195892	9,750885
0,259796	1,186310	9,681442
0,261002	1,168350	9,728134
0,255005	1,153992	9,747284
0,203537	1,153992	9,759262
0,170013	1,167160	9,741302
0,203537	1,148010	9,728134
0,207123	1,163559	9,675461
0,250229	1,144409	9,633560
0,324448	1,149200	9,677856
0,339996	1,132446	9,694611
0,284943	1,148010	9,682648
0,258606	1,140823	9,631165
0,301697	1,085754	9,570114
0,341202	1,100113	9,552155
0,386688	1,090546	9,546173
0,354370	1,118073	9,446808
0,318451	1,108505	9,397736
0,318451	1,104904	9,389359
