-0,491320	-1,562719	-6,223414
-0,814337	-0,162505	-5,583844
-1,363817	-1,087461	-4,880696
-1,428078	-1,145715	-3,904556
-1,395231	-0,648484	-3,407052
-1,338315	-0,135806	-3,047347
-0,710648	-0,499287	-2,368941
-0,560859	-0,813050	-1,527490
-0,801031	-0,780655	-1,398164
-0,786358	-0,639843	-1,601089
-0,552490	-0,450597	-1,380446
-0,380715	0,168039	-0,522223
0,070751	0,639969	0,302228
0,462562	0,734105	0,341358
0,469625	1,054523	0,786283
0,505914	2,076821	0,996690
0,772394	2,128695	1,433103
1,184730	2,239131	2,126918
1,407363	2,664505	2,988356
1,516532	2,843951	3,547291
1,496633	3,033466	4,002099
1,488373	3,200397	4,044241
1,267295	3,104153	3,549438
1,174689	2,636516	3,038702
1,031667	2,047935	2,653091
0,993846	1,783882	2,566733
0,802736	2,300305	2,857649
0,450698	2,184928	2,860593
0,015874	1,510494	1,752299
-0,148153	0,381153	0,988218
-0,164481	0,006196	0,376954
-0,208181	-0,041001	0,301563
-0,426973	-0,277910	0,402103
-0,433494	-0,689566	0,084233
-0,530627	-0,812081	-1,073901
-0,554715	-0,726261	-2,107644
-0,259941	-1,500167	-3,026553
-0,123697	-2,226526	-2,804225
0,000618	-2,968467	-2,764236
0,191986	-2,704138	-3,712680
-0,060882	-3,388855	-3,636533
-0,309133	-3,584283	-3,307528
-0,316244	-3,740627	-2,600064
-0,245335	-3,436761	-2,271543
-0,203928	-3,308563	-1,771276
-0,339314	-2,846002	-1,478298
-0,378686	-2,682762	-1,711154
-0,203374	-2,996430	-1,437860
-0,009506	-3,431197	-1,295822
0,023034	-3,955181	-0,891124
0,179280	-4,190538	-0,360556
0,327255	-4,340527	-0,250146
0,476274	-3,778807	-0,636716
0,595490	-2,938789	-1,030230
0,583627	-1,699963	-0,946737
0,551158	-0,456131	-0,634836
0,479224	0,967875	0,028307
0,360401	2,313889	0,413288
0,518110	3,176230	0,705954
0,598319	3,896742	1,039661
0,386740	4,289320	1,191732
0,163859	4,028908	1,114239
0,092789	3,881855	0,914369
0,487852	3,281656	0,961285
0,306025	3,038947	1,129031
-0,130502	3,204782	1,577274
-0,135041	3,659155	1,453311
-0,291864	3,723927	1,461375
-0,915200	3,591914	1,712935
-1,475146	4,060777	2,013759
-1,547780	4,635018	2,085906
-1,805038	4,688449	1,898514
-2,171697	4,248637	1,687324
-2,319491	3,758913	1,411136
-2,292192	3,344155	1,167207
-2,308652	2,713622	0,903127
-2,206925	2,232175	0,347179
-2,018309	2,092126	-0,120559
-1,790819	1,689020	-0,847092
-1,379037	0,937595	-1,535554
-1,087910	0,137304	-2,048026
-0,786072	-0,924209	-2,297151
-0,575240	-2,164062	-2,573047
-0,444873	-2,949134	-2,816743
-0,509091	-3,132931	-2,965742
-0,460890	-2,751454	-2,916429
-0,284456	-2,622444	-2,601231
-0,258203	-2,772004	-2,249497
0,122803	-2,439734	-1,876194
0,366330	-2,181576	-0,742650
0,653068	-1,952071	-0,402629
0,928416	-1,891022	0,183434
1,202312	-1,788565	0,253982
1,298874	-2,058943	0,685743
1,445060	-2,275246	0,939237
1,753501	-2,088285	1,708845
1,793443	-2,122547	2,401129
1,718161	-1,667399	2,648570
1,757511	-0,904979	2,555455
1,988142	-0,976751	2,634157
2,203286	-1,286938	2,559245
2,168590	-1,136786	2,652508
1,727212	-0,886450	2,727119
1,289854	-0,716819	2,664253
0,840392	-0,581115	2,338213
0,549759	-0,296380	1,855251
0,527893	-0,030293	1,353987
0,426145	0,335769	1,167445
-0,011428	0,613299	1,071830
-0,736809	0,751068	0,957039
-1,003068	0,769366	0,397969
-0,825434	0,776346	-0,210141
-0,553112	0,667035	-0,826843
-0,419510	0,510649	-1,350842
-0,289650	0,408519	-1,616849
-0,384913	0,464688	-1,446673
-0,805808	0,701116	-1,394787
-1,180822	0,874938	-1,422216
-1,274022	0,914421	-1,742885
-0,927302	0,639620	-2,252189
-0,435456	0,243608	-2,452821
-0,333045	-0,011924	-2,291622
-0,488566	0,135994	-2,116705
-0,482769	0,384542	-1,938473
-0,210043	0,529764	-1,589077
0,084734	0,653601	-1,179345
0,328215	0,568839	-1,058371
0,423425	0,585285	-0,862017
0,377038	0,544825	-0,888764
0,301631	0,206070	-1,017397
0,402157	-0,179828	-1,112643
0,474919	0,024650	-1,135223
0,517808	0,126956	-0,885200
0,613398	-0,419292	-0,371135
0,712848	-0,626500	-0,549677
0,685173	-0,432263	-0,516338
0,617075	-0,307513	-0,573922
0,700471	-0,514098	-0,535734
0,744208	-0,219787	-0,091563
0,694942	0,084599	0,125900
0,601912	0,297468	0,177317
0,558126	0,123079	0,088237
0,615013	0,029526	0,016972
0,706480	0,245751	0,235707
0,687739	0,342134	0,318780
0,657426	0,143493	0,362260
0,732751	-0,023079	0,090657
0,739394	0,088772	-0,027050
0,614494	0,239530	0,016658
0,514574	0,291200	0,143540
0,434638	0,455089	0,298664
0,332391	0,448328	0,284889
0,219955	0,450578	0,174294
0,137666	0,513656	0,062839
0,087154	0,594756	0,165166
0,046744	0,636658	0,270007
0,006757	0,631881	0,246644
0,013065	0,421248	0,227954
0,033431	0,298701	0,090447
0,019085	0,062789	-0,042537
0,068886	-0,072323	-0,194882
0,093407	0,026397	-0,109948
0,097704	0,028777	-0,019021
0,047525	-0,045915	0,046061
0,038020	0,062843	-0,001450
0,038076	-0,033982	-0,016479
-0,015497	-0,119102	-0,066800
-0,058356	0,019614	-0,022801
-0,046685	-0,014947	-0,025901
-0,045007	-0,065575	0,048216
-0,036006	0,031796	0,053892
-0,013485	0,117352	0,081412
-0,003129	0,109201	-0,049765
0,043455	-0,004555	-0,139387
0,019445	0,011675	-0,103849
0,015556	0,039979	0,031816
0,027764	0,077941	0,079070
0,022211	0,031714	0,078576
0,040748	0,025372	-0,021395
0,032598	0,119873	-0,032435
0,033738	0,003982	-0,002969
0,004012	-0,019793	-0,048333
0,026188	-0,069452	-0,038667
0,028610	-0,070881	-0,046252
0,015229	0,111808	0,085552
0,012183	0,051148	0,014825
0,017406	0,033259	0,034839
-0,009054	-0,042330	-0,018087
0,008076	-0,087481	-0,022130
-0,024178	0,021931	-0,040683
