-0,119690	0,191513	9,481537
-0,187912	0,219055	9,564133
-0,260941	0,209473	9,619202
-0,349533	0,211868	9,710175
-0,391418	0,187927	9,809540
-0,418961	0,173569	9,907700
-0,477615	0,114899	9,959167
-0,543457	0,082581	9,910095
-0,525497	0,081390	9,920868
-0,525497	0,084976	10,003464
-0,531479	0,061035	9,974731
-0,494370	0,001175	9,859818
-0,418961	-0,016769	9,900513
-0,381851	0,049072	9,978333
-0,380646	0,086182	10,009445
-0,417755	0,113708	9,863403
-0,414169	0,124481	9,828690
-0,422546	0,105331	9,864609
-0,401001	0,143631	9,989105
-0,435715	0,137650	10,069305
-0,465652	0,153214	10,029800
-0,450089	0,095749	10,104019
-0,414169	0,122086	10,160294
-0,392624	0,181946	10,132751
-0,404587	0,180740	10,078888
-0,380646	0,152023	9,987900
-0,353119	0,152023	9,882553
-0,302841	0,124481	9,855026
-0,294464	0,140045	9,786789
-0,306427	0,191513	9,723343
-0,287277	0,214264	9,662292
-0,242981	0,250183	9,653915
-0,192703	0,233414	9,669479
-0,144821	0,184341	9,697006
-0,187912	0,196304	9,697006
-0,141235	0,213074	9,750885
-0,148407	0,189133	9,815521
-0,211853	0,168777	9,858612
-0,195099	0,165192	9,791580
-0,259750	0,223846	9,749680
-0,333969	0,264542	9,700607
-0,353119	0,260956	9,640747
-0,330368	0,216660	9,651520
-0,248962	0,156799	9,714966
-0,177139	0,195114	9,770035
-0,162781	0,275314	9,701797
-0,187912	0,268127	9,706589
-0,051453	0,216660	9,847839
-0,017929	0,197510	9,996277
-0,093353	0,262146	10,068115
-0,213058	0,314819	9,945999
-0,278900	0,323196	9,755661
-0,301636	0,327988	9,641937
-0,299255	0,347137	9,633560
-0,306427	0,374680	9,644333
-0,268127	0,338760	9,668274
-0,203476	0,252579	9,704193
-0,086166	0,190323	9,829880
-0,010742	0,202301	9,984314
0,010803	0,272919	10,007065
-0,037079	0,351929	9,932831
-0,049057	0,332779	9,719757
-0,114899	0,304047	9,509064
-0,195099	0,308838	9,348648
-0,225021	0,368698	9,310349
-0,245377	0,428543	9,400131
-0,195099	0,387848	9,404922
-0,183136	0,367493	9,433640
-0,120880	0,345947	9,499481
-0,070602	0,349533	9,554550
0,015594	0,372284	9,646729
0,085022	0,422562	9,740097
0,081436	0,386642	9,708984
0,153259	0,380661	9,617996
0,122131	0,444107	9,583282
0,063477	0,446503	9,547379
0,011993	0,446503	9,436035
-0,037079	0,433334	9,406113
0,021576	0,463257	9,471954
0,050308	0,464462	9,480331
0,068268	0,440521	9,442032
0,104172	0,422562	9,408508
0,142487	0,414185	9,398926
0,111359	0,424957	9,372589
0,095795	0,462067	9,254074
0,088608	0,416580	9,214584
0,044327	0,355530	9,148743
-0,020325	0,369888	9,096069
-0,065811	0,390244	9,058960
-0,082565	0,354324	9,088882
-0,114899	0,280106	9,274429
-0,040680	0,228638	9,440826
0,009598	0,180740	9,646729
0,102982	0,155609	9,817917
0,061081	0,180740	9,883759
-0,031097	0,156799	9,908890
-0,077789	0,110123	9,846649
-0,140030	0,099350	9,756866
-0,211853	0,202301	9,677856
-0,250168	0,187927	9,586868
-0,262131	0,174759	9,480331
-0,312408	0,180740	9,461182
-0,351913	0,112518	9,562927
-0,330368	0,090958	9,665878
-0,266922	0,071808	9,784393
-0,169968	0,010757	9,845444
-0,171158	0,025116	9,928055
-0,178345	0,022736	10,052551
-0,183136	-0,008392	10,148315
-0,153198	-0,065857	10,252457
-0,142426	-0,041916	10,366196
-0,141235	0,039490	10,400909
-0,146027	0,007172	10,342239
-0,096939	-0,027542	10,251266
-0,059830	-0,007202	10,233307
-0,015533	0,061035	10,262039
0,070663	0,045471	10,320694
0,160446	0,050262	10,293167
0,216705	0,100540	10,126770
0,251419	0,172363	9,917282
0,366333	0,140045	9,765244
0,420212	0,111313	9,781998
0,390289	0,226242	9,774826
0,451340	0,295670	9,695816
0,484848	0,332779	9,602432
0,562668	0,312424	9,708984
0,630905	0,311234	9,822708
0,681183	0,323196	9,902908
0,668015	0,247787	9,999878
0,707520	0,377075	10,071701
0,758987	0,387848	10,118393
0,773361	0,313629	10,235703
0,781738	0,302856	10,379364
0,799698	0,350739	10,550537
0,811661	0,409393	10,708557
0,792511	0,483612	10,813904
0,729065	0,463257	10,724121
0,774551	0,381866	10,602020
0,948135	0,438126	10,639130
1,189941	0,611710	10,631943
1,431763	0,639236	10,384140
1,699905	0,626068	9,923264
1,951309	0,630859	9,457596
2,025528	0,720642	9,299576
1,959686	0,794861	9,179855
1,808853	0,921753	8,954803
1,616119	1,024704	8,673492
1,436554	1,037872	8,493927
1,321625	1,057022	8,574127
1,262970	1,034286	8,807556
1,286911	1,003159	9,046982
1,334793	0,960052	9,334290
1,488022	0,845139	9,712570
1,632874	0,816406	10,153107
1,672379	0,875061	10,465546
1,652023	0,843933	10,570892
1,674774	0,785278	10,578079
1,655624	0,822388	10,481110
1,581390	0,841553	10,372177
1,629288	0,758942	10,302750
1,671173	0,797256	10,218948
1,714279	0,804443	10,205780
1,679565	0,797256	10,227325
1,584991	0,773315	10,193802
1,533508	0,804443	10,270416
1,532318	0,804443	10,336258
1,553864	0,787674	10,423645
1,559845	0,763733	10,569702
1,486832	0,824783	10,709763
1,460495	0,859497	10,828262
1,491608	0,846329	10,900101
1,489227	0,866684	10,862991
1,547882	0,876266	10,643921
1,608932	0,901398	10,454773
1,737015	0,908585	10,453583
1,889053	0,970840	10,445190
1,928558	0,979218	10,297958
1,875885	1,031891	10,027405
1,764557	1,094131	9,840668
1,654419	1,164764	9,776016
1,540695	1,206665	9,743698
1,405426	1,291656	9,685043
1,387466	1,303635	9,766434
1,407822	1,256943	9,975937
1,470062	1,243774	10,268021
1,502396	1,240173	10,490692
1,535904	1,262924	10,582870
1,642456	1,277298	10,546951
1,753784	1,273697	10,518219
1,865112	1,339539	10,488297
1,877075	1,359894	10,349426
1,795685	1,389816	10,167465
1,723846	1,456863	9,852631
1,641251	1,552628	9,565323
1,625687	1,584946	9,474350
1,727448	1,606491	9,462372
1,716675	1,641205	9,554550
1,616119	1,641205	9,615601
1,531113	1,647202	9,580887
1,507172	1,829147	9,409698
1,588577	1,953659	9,270844
1,577805	1,905762	9,166687
1,671173	1,837540	9,076904
1,720261	1,905762	9,287598
1,768143	2,002731	9,606033
1,958481	1,988373	9,760452
2,079391	1,940491	9,743698
1,966858	2,017105	9,700607
1,768143	2,140396	9,573715
1,634064	2,214615	9,434845
1,634064	2,287643	9,418091
1,635269	2,342712	9,391754
1,687943	2,415741	9,376190
1,903412	2,375031	9,456390
2,048264	2,383408	9,600037
2,104538	2,480377	9,762848
2,071014	2,507904	9,899323
2,019531	2,499527	9,997482
1,992004	2,615646	10,041779
1,946518	2,681488	9,858612
1,932144	2,726974	9,601242
2,184738	2,729370	9,495895
2,412186	2,765289	9,498291
2,430145	2,884995	9,374985
2,394226	2,942459	9,147537
2,361908	2,972382	8,965576
2,281708	3,071747	8,871002
2,176361	3,104065	8,756088
2,086578	3,142380	8,692642
2,108124	3,186661	8,674683
2,249374	3,181885	8,956009
2,484009	3,153152	9,358231
2,691116	3,205826	9,533005
2,681534	3,254898	9,364212
2,566605	3,324341	9,097260
2,420563	3,372223	8,990723
2,476822	3,339890	9,141556
2,545059	3,412918	9,272034
2,543869	3,482346	9,333084
2,511551	3,447632	9,395340
2,445709	3,424896	9,546173
2,306839	3,524246	9,682648
2,260147	3,555374	9,705383
2,397827	3,502701	9,895721
2,645615	3,551788	10,032196
2,821594	3,630798	9,857422
2,926941	3,622406	9,662292
3,061020	3,640366	9,546173
3,098129	3,712189	9,390549
2,940109	3,707413	9,092468
2,723434	3,782822	8,729752
2,499573	3,910919	8,595673
2,346344	4,054565	9,025436
2,460068	4,146744	9,651520
2,482819	4,222153	9,831085
2,540268	4,346664	9,712570
2,685120	4,411301	9,400131
2,749771	4,416092	9,066132
2,808426	4,364609	8,942841
2,815613	4,418488	8,940445
2,729416	4,514252	8,971573
2,616882	4,619598	8,934448
2,531891	4,695007	8,730942
2,584564	4,746490	8,509491
2,750961	4,790787	8,356262
2,818008	4,867401	8,358658
2,885040	4,982315	8,475967
2,876663	5,044571	8,388580
2,845535	4,897324	8,265274
2,971237	4,771622	8,316757
2,560623	5,187027	8,521454
2,504364	5,158295	8,878189
2,592941	5,096039	9,091278
2,600128	5,269623	8,928467
2,800049	5,280396	8,923676
2,959259	5,312714	8,947617
3,087357	5,352219	8,935654
3,071793	5,352219	8,752502
2,953278	5,447983	8,405334
2,665970	5,634735	7,852280
2,529495	5,662277	7,349487
2,552246	5,580872	7,106476
2,499573	5,710159	7,089722
2,554642	5,749664	7,349487
2,771317	5,707764	7,742142
2,906586	5,801132	7,933685
2,903000	5,859787	7,892975
2,827576	5,942398	7,754120
2,679138	6,039352	7,535049
2,571396	6,074081	7,566162
2,560623	6,098022	7,697845
2,601334	6,157867	7,702637
2,625275	6,151886	7,524277
2,596542	6,217728	7,264496
2,482819	6,330261	6,865860
2,342758	6,396088	6,586945
2,276917	6,410461	6,519897
2,254166	6,430817	6,583344
2,118896	6,446365	6,728195
1,972855	6,528976	6,919739
1,957291	6,607986	6,868256
2,031509	6,624741	6,630035
2,237411	6,537354	6,491180
2,458878	6,539749	6,710236
2,472046	6,667831	6,981979
2,373871	6,697769	7,009521
2,346344	6,669037	7,004730
2,300858	6,691772	6,901779
2,153610	6,767197	6,719818
2,036301	6,845001	6,505539
1,891449	6,852188	6,360687
1,744202	6,859375	6,235001
1,710678	6,952744	6,414566
1,800461	7,022171	6,482788
1,878281	7,092804	6,249359
1,874695	7,089218	6,053040
1,921371	7,105972	6,061417
1,905807	7,192169	5,945297
1,734619	7,299911	5,535889
1,482040	7,337021	5,082184
1,349167	7,439972	4,903824
1,240219	7,523758	4,960083
1,169601	7,528549	5,021133
1,130096	7,570450	4,997192
1,262970	7,520172	5,154007
1,352753	7,523758	5,485611
1,357544	7,569260	5,827972
1,422180	7,612350	6,275696
1,561050	7,694946	6,515121
1,630478	7,842194	5,958466
1,636459	7,887680	5,174362
1,446121	7,903244	4,620102
1,194733	7,976273	4,342377
0,876312	8,062454	4,308853
0,646469	8,055283	4,375900
0,560272	8,030136	4,463287
0,500412	8,087601	4,580597
0,504013	8,158234	4,701508
0,577026	8,195343	4,575806
0,641678	8,180969	4,360336
0,702728	8,196533	4,378296
0,788910	8,226456	4,496796
0,863144	8,212097	4,617706
0,840393	8,239624	4,792480
0,689560	8,316238	4,841568
0,481262	8,397644	4,525528
0,317261	8,413208	4,289703
0,142487	8,453903	4,229843
-0,022720	8,505386	4,221466
-0,100525	8,485031	4,259781
-0,070602	8,413208	4,474060
0,068268	8,468277	4,573410
0,355560	8,513763	4,415405
0,543518	8,556854	3,924591
0,536331	8,597565	3,452927
0,495621	8,590378	3,357162
0,392670	8,627487	3,587006
0,232269	8,628693	3,830017
0,075439	8,637070	4,080215
-0,184326	8,633469	4,086197
-0,354309	8,637070	4,023941
-0,383041	8,643051	4,094574
-0,286087	8,668198	4,029938
-0,140030	8,652634	3,977264
-0,052643	8,647842	3,944946
0,164032	8,609528	3,774948
0,495621	8,596359	3,887482
0,731461	8,792694	3,996414
0,635681	8,921982	3,603760
0,368729	8,784317	3,026764
0,007217	8,929153	2,549118
-0,374664	9,472641	2,251038
-0,525497	9,418777	2,595810
-0,867874	9,168579	2,717911
-1,315582	9,282303	2,440186
-1,582535	9,386459	2,154083
-1,575363	9,366104	2,144501
-1,383820	9,331390	2,267807
-1,209045	9,272720	2,161255
-1,162354	9,229630	1,846420
-1,158768	9,227234	1,605804
-1,206650	9,204498	1,396317
-1,402969	9,170975	1,322098
-1,578949	9,139847	1,522003
-1,771683	9,088379	1,940994
-2,036240	9,083588	2,290543
-2,193054	9,045273	2,297729
-2,164337	9,009369	2,386307
-1,908157	8,967468	2,486877
-1,708237	8,901627	2,346817
-1,605286	8,846558	2,106186
-1,650772	8,882477	1,870361
-1,806396	8,842972	1,614182
-1,997940	8,754379	1,432220
-2,238556	8,719666	1,506439
-2,438461	8,675369	1,844025
-2,615631	8,592773	2,144501
-2,778442	8,546082	2,291748
-2,841888	8,542496	2,430603
-2,785629	8,500595	2,476089
-2,772461	8,449127	2,448563
-2,828720	8,457504	2,203156
-2,849075	8,419189	1,933807
-2,871811	8,335403	1,856003
-2,923294	8,295898	1,945786
-2,983154	8,269562	2,210342
-3,051376	8,206116	2,272583
-3,111237	8,122314	2,167252
-3,032227	8,063660	2,181610
-2,989136	8,075623	2,197174
-3,068146	8,058868	2,119354
-3,202225	8,062454	1,969727
-3,417694	8,109146	1,864380
-3,460785	8,088791	1,814102
-3,351852	8,060059	1,761429
-3,314743	8,031342	1,803329
-3,357834	7,961899	1,869171
-3,415298	7,905640	1,915848
-3,448822	7,906830	1,949371
-3,548187	7,929581	1,990067
-3,609238	7,880493	1,994858
-3,682251	7,894867	1,980499
-3,690628	7,869720	2,031967
-3,780411	7,800293	2,152878
-3,877380	7,793106	2,249847
-4,004272	7,819443	2,247452
-4,138351	7,806274	2,094223
-4,208984	7,750015	2,150482
-4,201797	7,702133	2,113373
-4,319107	7,612350	1,950577
-4,453186	7,582428	1,872757
-4,604019	7,551300	1,923035
-4,827881	7,558472	1,897903
-5,021805	7,518982	1,713547
-5,233704	7,490250	1,589050
-5,504242	7,503418	1,562714
-5,647888	7,516586	1,490875
-5,614380	7,459122	1,186813
-5,420441	7,399261	0,740295
-5,225311	7,377716	0,354828
-5,151093	7,354965	0,193222
-5,106812	7,224487	0,199203
-5,068497	7,180191	0,241104
-5,037369	7,204132	0,305756
-5,051743	7,143082	0,308151
-5,116379	7,129913	0,269836
-5,164261	7,117950	0,271042
-5,282776	7,125122	0,305756
-5,406082	7,048508	0,305756
-5,652679	6,946762	0,387161
-5,898087	6,947952	0,617004
-5,938797	6,925217	0,822906
-5,907669	6,819870	0,948593
-5,925629	6,788742	0,996475
-5,919632	6,731277	0,863602
-5,926819	6,675018	0,789383
-5,962738	6,621155	0,578690
-6,023788	6,542145	0,400330
-6,093216	6,493057	0,308151
-6,112366	6,427216	0,299774
-6,163849	6,364975	0,259064
-6,137512	6,319473	0,279419
-6,166245	6,248856	0,265045
-6,326645	6,217728	0,200409
-6,489456	6,112381	0,159714
-6,612762	6,075272	0,237518
-6,689377	6,040558	0,277023
-6,563675	5,942398	0,396729
-6,435593	5,878952	0,486511
-6,398483	5,857391	0,371597
-6,445160	5,779587	0,085480
-6,484665	5,781982	-0,033020
-6,487061	5,787964	-0,006683
-6,525375	5,683823	0,047180
-6,681000	5,610794	0,023239
-6,835419	5,555725	-0,009079
-7,024567	5,500656	0,007675
-7,151459	5,430038	-0,047394
-7,243637	5,390533	-0,015076
-7,283127	5,331879	0,039993
-7,357361	5,254059	-0,010284
-7,474670	5,201385	-0,043808
-7,442352	5,137939	0,047180
-7,340591	5,034988	0,092667
-7,303482	4,916473	0,006485
-7,205322	4,892532	-0,027039
-7,183777	4,861404	-0,089294
-7,237640	4,814728	-0,361038
-7,384888	4,791977	-0,558548
-7,528534	4,806351	-0,477158
-7,714096	4,774017	-0,256882
-7,934357	4,772827	-0,139572
-8,099564	4,744095	-0,192245
-8,192932	4,750076	-0,272446
-8,226456	4,750076	-0,448425
-8,215683	4,738113	-0,619614
-8,237228	4,756073	-0,805161
-8,293488	4,739304	-0,989517
-8,352142	4,714172	-1,093658
-8,275528	4,661499	-1,013458
-8,087585	4,632767	-0,866211
-7,875702	4,595657	-0,783615
-7,629089	4,535797	-0,865005
-7,436356	4,481934	-1,051758
-7,417206	4,462784	-1,121185
-7,514175	4,460388	-1,078094
-7,599167	4,438828	-0,951202
-7,697327	4,456787	-0,782410
-7,795486	4,422073	-0,545380
-7,912811	4,380173	-0,371811
-8,009781	4,428055	-0,343079
-8,037308	4,414886	-0,395752
-8,032516	4,448410	-0,520248
-8,061249	4,486725	-0,630386
-8,075623	4,456787	-0,696228
-8,054062	4,396942	-0,740509
-8,115112	4,467560	-0,753677
-8,123505	4,489105	-0,738113
-8,104340	4,542984	-0,708191
-8,076813	4,499893	-0,903320
-8,098358	4,499893	-1,115204
-8,182159	4,504669	-1,343857
-8,244400	4,552551	-1,457581
-8,215683	4,497498	-1,352234
-8,220459	4,516647	-1,137955
-8,304260	4,541779	-1,033798
-8,419189	4,527420	-1,002686
-8,485031	4,532211	-0,932053
-8,334183	4,456787	-0,830292
-8,157013	4,378983	-0,673477
-8,051666	4,334686	-0,594467
-8,004990	4,267654	-0,556152
-8,078003	4,218567	-0,529831
-8,148636	4,231735	-0,396942
-8,256378	4,259262	-0,255692
-8,423965	4,240112	-0,169495
-8,489807	4,226944	-0,152740
-8,401230	4,250885	-0,161118
-8,336578	4,242508	-0,179077
-8,237228	4,217377	-0,304764
-8,109131	4,164703	-0,446030
-7,972672	4,177872	-0,556152
-7,867325	4,164703	-0,637558
-7,869720	4,132370	-0,721359
-7,934357	4,198212	-0,818329
-7,972672	4,243713	-0,748886
-8,072021	4,249695	-0,608826
-8,242020	4,194626	-0,535812
-8,364120	4,138367	-0,484329
-8,457489	4,179062	-0,517853
-8,514954	4,106033	-0,629181
-8,397629	4,072525	-0,514267
-8,362915	4,104843	-0,510666
-8,305466	4,034210	-0,612427
-8,360519	3,988724	-0,831497
-8,403625	3,954010	-1,001480
-8,401230	3,909714	-0,965561
-8,383270	3,891754	-0,882965
-8,410797	3,863022	-0,814728
-8,402420	3,869019	-0,696228
-8,356934	3,834305	-0,627991
-8,321014	3,758881	-0,606445
-8,234833	3,732544	-0,675873
-8,263565	3,782822	-0,775223
-8,309052	3,827118	-0,844666
-8,337784	3,810364	-0,963181
-8,428757	3,778030	-0,985916
-8,517349	3,722961	-0,967957
-8,605927	3,737335	-0,957184
-8,617905	3,732544	-0,941620
-8,629868	3,730148	-0,885361
-8,614304	3,710999	-0,808746
-8,581985	3,689453	-0,843460
-8,595154	3,709793	-0,903320
-8,553253	3,727753	-0,929657
-8,505371	3,776840	-0,809952
-8,428757	3,839081	-0,793182
-8,377289	3,807968	-0,820724
-8,301865	3,792404	-0,906906
-8,274338	3,798386	-0,957184
-8,269547	3,833099	-0,979935
-8,350952	3,901337	-0,994293
-8,492203	3,944427	-1,036194
-8,581985	3,954010	-1,031403
-8,604736	3,943237	-0,997894
-8,669373	3,959991	-0,996689
-8,678955	3,945633	-0,990707
-8,543686	3,938446	-1,038589
-8,437134	3,956406	-0,976349
-8,500580	4,015060	-0,996689
-8,523331	4,017456	-1,093658
-8,474243	4,016251	-1,169083
-8,447906	4,060547	-1,143936
-8,482635	4,122803	-1,161896
-8,485031	4,151535	-1,316315
-8,474243	4,092865	-1,424057
-8,452698	4,107239	-1,327087
-8,498184	4,157516	-1,226532
-8,543686	4,179062	-1,155914
-8,529312	4,193436	-1,110413
-8,512558	4,203003	-1,064926
-8,480240	4,220963	-1,064926
-8,364120	4,296387	-1,027817
-8,226456	4,249695	-1,070908
-8,155823	4,253281	-1,099640
-8,180954	4,296387	-1,084076
-8,197723	4,351440	-1,076904
-8,225250	4,386169	-1,025421
-8,220459	4,371796	-0,904510
-8,264755	4,319122	-0,954788
-8,275528	4,280823	-0,932053
-8,322220	4,276031	-0,848251
-8,433548	4,358627	-0,805161
-8,524521	4,349045	-0,983521
-8,496994	4,304764	-1,067322
-8,502975	4,343063	-0,935638
-8,445526	4,414886	-0,849457
-8,364120	4,411301	-0,960785
-8,318634	4,393341	-1,121185
-8,228851	4,373001	-1,143936
-8,197723	4,369400	-1,046967
-8,202515	4,380173	-1,023026
-8,210892	4,365814	-1,044571
-8,219269	4,322708	-0,996689
-8,227646	4,351440	-0,871002
-8,239624	4,308350	-0,714172
-8,209686	4,254486	-0,563339
-8,153427	4,287994	-0,484329
-8,200119	4,271240	-0,544189
-8,203705	4,270050	-0,677063
-8,216873	4,320328	-0,791992
-8,250397	4,350250	-0,896133
-8,234833	4,303558	-0,878174
-8,210892	4,305954	-0,859024
-8,148636	4,287994	-0,850647
-8,145050	4,271240	-0,878174
-8,222855	4,261658	-0,978729
-8,285110	4,270050	-1,084076
-8,324615	4,262863	-1,080490
-8,412003	4,272430	-1,014648
-8,372498	4,226944	-1,067322
-8,342575	4,151535	-1,026627
-8,361725	4,152725	-0,918884
-8,368912	4,128784	-0,820724
-8,347351	4,097656	-0,814728
-8,341370	4,104843	-0,911697
-8,420380	4,078506	-0,990707
-8,473053	4,025833	-0,963181
-8,517349	4,021042	-0,971558
-8,556854	4,070129	-1,002686
-8,589172	4,065338	-1,048172
-8,534103	4,058151	-1,056549
-8,473053	4,040207	-1,094849
-8,398834	4,033020	-1,154709
-8,395248	4,082092	-1,225342
-8,396439	4,106033	-1,240906
-8,402420	4,106033	-1,199005
-8,364120	4,078506	-1,125977
-8,352142	4,090485	-1,009857
-8,360519	4,095261	-0,927261
-8,311447	4,126389	-0,869797
-8,324615	4,100052	-0,898529
-8,325806	4,058151	-0,952393
-8,360519	4,085693	-0,938034
-8,395248	4,115616	-0,976349
-8,385666	4,110825	-0,994293
-8,394043	4,127594	-0,979935
-8,465866	4,125198	-1,029022
-8,565231	4,180267	-1,111618
-8,640640	4,212585	-1,128372
-8,605927	4,210190	-1,184631
-8,485031	4,203003	-1,147522
-8,365311	4,158707	-1,115204
-8,316238	4,155121	-1,190628
-8,209686	4,173080	-1,134354
-8,173782	4,157516	-1,166687
-8,192932	4,126389	-1,165482
-8,212082	4,131180	-1,075699
-8,244400	4,146744	-1,003876
-8,318634	4,164703	-0,979935
-8,343765	4,163498	-0,923676
-8,342575	4,150330	-0,973953
-8,334183	4,203003	-1,026627
-8,360519	4,214981	-1,075699
-8,461075	4,189835	-1,125977
-8,543686	4,187439	-1,202591
-8,571213	4,195816	-1,225342
-8,546082	4,253281	-1,128372
-8,560440	4,219772	-1,051758
-8,477844	4,179062	-0,970352
-8,362915	4,137161	-0,862625
-8,300674	4,149139	-0,824310
-8,307846	4,137161	-0,851837
-8,281509	4,096466	-0,898529
-8,252792	4,072525	-0,778824
-8,216873	4,149139	-0,723755
-8,287506	4,164703	-0,762054
-8,295883	4,095261	-0,885361
-8,315033	4,114426	-1,003876
-8,338974	4,092865	-0,971558
-8,377289	4,138367	-0,935638
-8,373688	4,163498	-0,966766
-8,342575	4,134766	-1,015854
-8,364120	4,144348	-1,062531
-8,352142	4,174271	-1,181046
-8,350952	4,179062	-1,307938
-8,342575	4,125198	-1,305542
-8,380875	4,113220	-1,252869
-8,404816	4,098862	-1,220551
-8,403625	4,084488	-1,170273
-8,439529	4,095261	-1,097244
-8,453903	4,108429	-0,995499
-8,471863	4,157516	-0,893738
-8,482635	4,179062	-0,900925
-8,482635	4,181458	-0,939240
-8,434738	4,115616	-0,941620
-8,338974	4,071320	-0,918884
-8,294678	4,084488	-0,879379
-8,306656	4,084488	-0,915283
-8,388062	4,071320	-0,939240
-8,386856	4,094070	-0,916489
-8,370102	4,090485	-0,896133
-8,434738	4,098862	-0,900925
-8,404816	4,092865	-0,928452
-8,406021	4,061752	-0,875778
-8,406021	4,073715	-0,865005
-8,353348	4,110825	-0,922470
-8,358124	4,074921	-1,096054
-8,348557	4,097656	-1,170273
-8,282715	4,113220	-1,127182
-8,475449	4,198212	-1,096054
-8,483826	4,005478	-1,272034
-8,583191	4,090485	-1,216965
-8,544876	4,163498	-1,020630
-8,469467	4,109634	-0,813538
-8,455093	4,082092	-0,805161
-8,464676	4,101257	-0,871002
-8,459885	4,149139	-0,976349
-8,403625	4,108429	-1,031403
-8,327011	4,086884	-1,026627
-8,329407	4,116821	-1,023026
-8,335388	4,146744	-1,078094
-8,377289	4,140762	-1,148727
-8,358124	4,109634	-1,178650
-8,364120	4,107239	-1,181046
-8,358124	4,098862	-1,135559
-8,382080	4,104843	-1,103241
-8,373688	4,100052	-1,020630
-8,372498	4,103653	-0,985916
-8,300674	4,072525	-1,027817
-8,228851	4,089279	-1,025421
-8,237228	4,079697	-1,046967
-8,286301	4,068924	-1,081680
-8,370102	4,064148	-1,122391
-8,528122	4,055756	-1,063736
-8,613113	4,095261	-0,988312
-8,700500	4,074921	-0,910507
-8,693314	4,076111	-0,900925
-8,602341	4,077316	-0,879379
-8,499390	4,113220	-0,946411
-8,471863	4,108429	-1,091263
-8,456299	4,088089	-1,135559
-8,500580	4,107239	-1,141541
-8,524521	4,140762	-1,116409
-8,477844	4,085693	-1,096054
-8,396439	4,061752	-1,038589
-8,310242	4,076111	-0,936844
-8,219269	4,100052	-0,933243
-8,171387	4,109634	-1,052963
-8,195328	4,033020	-1,055344
-8,195328	4,078506	-1,024231
-8,259964	4,095261	-0,927261
-8,433548	4,090485	-0,841064
-8,592758	4,163498	-0,812332
-8,591568	4,140762	-0,774033
-8,524521	4,112030	-0,750092
-8,406021	4,088089	-0,720169
-8,329407	4,103653	-0,899734
-8,366516	4,159912	-1,141541
-8,325806	4,155121	-1,325897
-8,322220	4,161102	-1,475540
-8,317429	4,195816	-1,485107
-8,388062	4,254486	-1,464752
-8,450302	4,236526	-1,382156
-8,495804	4,189835	-1,233719
-8,506577	4,211380	-1,216965
-8,455093	4,235321	-1,254074
-8,452698	4,228149	-1,279205
-8,483826	4,222153	-1,243301
-8,441925	4,228149	-1,179855
-8,422775	4,228149	-1,040985
-8,421570	4,204208	-1,019440
-8,415588	4,194626	-0,999084
-8,379684	4,194626	-1,099640
-8,255173	4,150330	-1,184631
-8,191727	4,119202	-1,105637
-8,218063	4,121597	-1,109222
-8,219269	4,155121	-1,044571
-8,230042	4,150330	-1,020630
-8,294678	4,106033	-0,984726
-8,378479	4,107239	-0,909302
-8,403625	4,121597	-0,872192
-8,318634	4,072525	-0,784805
-8,316238	4,085693	-0,793182
-8,346161	4,091675	-0,909302
-8,371292	4,066544	-1,024231
-8,352142	4,125198	-1,069717
-8,355743	4,186249	-1,104431
-8,334183	4,144348	-1,084076
-8,396439	4,102448	-1,160690
-8,431152	4,109634	-1,207382
-8,414398	4,095261	-1,231323
-8,401230	4,125198	-1,212173
-8,373688	4,107239	-1,170273
-8,396439	4,073715	-1,157104
-8,396439	4,101257	-1,080490
-8,289902	4,078506	-1,033798
-8,197723	4,022247	-0,978729
-8,200119	4,027039	-0,977539
-8,186951	4,064148	-0,960785
-8,206100	4,052170	-1,008667
-8,250397	4,036606	-0,978729
-8,311447	4,054565	-0,911697
-8,406021	4,098862	-1,009857
-8,516144	4,067734	-1,067322
-8,543686	4,056961	-1,026627
-8,558044	4,080902	-0,934448
-8,544876	4,106033	-0,851837
-8,477844	4,079697	-0,922470
-8,445526	4,052170	-0,970352
-8,374893	4,109634	-0,972748
-8,297073	4,119202	-0,904510
-8,256378	4,122803	-0,989517
-8,256378	4,133575	-1,189423
-8,252792	4,113220	-1,359421
-8,268341	4,146744	-1,378571
-8,240814	4,174271	-1,292374
-8,287506	4,192230	-1,236115
-8,380875	4,182648	-1,234909
-8,477844	4,205399	-1,301956
-8,530518	4,218567	-1,349838
-8,568817	4,260468	-1,274414
-8,517349	4,255676	-1,190628
-8,451508	4,241318	-1,208572
-8,403625	4,280823	-1,231323
-8,329407	4,283218	-1,190628
-8,283905	4,265259	-1,201401
-8,328201	4,214981	-1,345047
-8,355743	4,271240	-1,325897
-8,335388	4,327499	-1,196609
-8,356934	4,271240	-1,062531
-8,358124	4,199417	-1,043381
-8,423965	4,229340	-1,146332
-8,471863	4,244904	-1,228928
-8,469467	4,195816	-1,233719
-8,388062	4,187439	-1,206192
-8,372498	4,188644	-1,216965
-8,397629	4,206604	-1,255264
-8,382080	4,228149	-1,232529
-8,403625	4,212585	-1,178650
-8,402420	4,220963	-1,197800
-8,428757	4,224548	-1,195404
-8,412003	4,170685	-1,080490
-8,366516	4,177872	-1,049362
-8,358124	4,156311	-1,100845
-8,372498	4,098862	-1,087677
-8,404816	4,119202	-1,036194
-8,409607	4,149139	-0,960785
-8,419189	4,096466	-0,984726
-8,438339	4,078506	-0,977539
-8,386856	4,102448	-0,935638
-8,293488	4,089279	-0,897339
-8,279129	4,062943	-0,990707
-8,258774	4,036606	-0,979935
-8,273132	4,044983	-0,932053
-8,275528	4,082092	-0,905716
-8,312637	4,053375	-1,057739
-8,348557	4,028229	-1,353424
-8,239624	4,035416	-1,317520
-8,179764	4,044983	-1,185837
-8,221664	4,074921	-1,088867
-8,255173	4,035416	-1,074509
-8,292297	4,012665	-1,050568
-8,285110	4,079697	-0,941620
-8,287506	4,090485	-0,820724
-8,362915	4,068924	-0,890152
-8,458694	4,082092	-1,143936
-8,446716	4,112030	-1,257660
-8,427567	4,164703	-1,157104
-8,413193	4,203003	-0,978729
-8,412003	4,211380	-1,009857
-8,371292	4,167099	-1,154709
-8,348557	4,187439	-1,125977
-8,277924	4,259262	-1,026627
-8,256378	4,276031	-1,025421
-8,255173	4,297577	-1,197800
-8,279129	4,266449	-1,354630
-8,343765	4,320328	-1,360611
-8,396439	4,335876	-1,287582
-8,420380	4,321518	-1,257660
-8,439529	4,344269	-1,236115
-8,404816	4,364609	-1,178650
-8,340179	4,350250	-1,171463
-8,287506	4,315536	-1,216965
-8,269547	4,347855	-1,272034
-8,256378	4,331100	-1,268433
-8,271942	4,298767	-1,213364
-8,291092	4,326309	-1,042175
-8,298279	4,314331	-0,902115
-8,273132	4,310745	-0,826706
-8,198914	4,268845	-0,778824
-8,219269	4,308350	-0,786011
-8,228851	4,344269	-0,884171
-8,219269	4,370605	-1,045776
-8,275528	4,369400	-1,151123
-8,279129	4,378983	-1,141541
-8,271942	4,375381	-1,086472
-8,311447	4,399323	-1,075699
-8,311447	4,386169	-1,149918
-8,292297	4,406509	-1,137955
-8,243210	4,400528	-1,060135
-8,267151	4,406509	-1,073303
-8,331787	4,399323	-1,139145
-8,338974	4,428055	-1,221741
-8,287506	4,442429	-1,196609
-8,232437	4,401718	-1,129578
-8,203705	4,364609	-1,067322
-8,182159	4,381378	-1,057739
-8,119904	4,396942	-1,020630
-8,103149	4,393341	-0,976349
-8,093567	4,404114	-0,979935
-8,091171	4,467560	-0,916489
-8,094772	4,446014	-0,884171
-8,135468	4,440033	-0,905716
-8,149841	4,480728	-0,850647
-8,013367	4,465164	-0,776428
-7,981049	4,472351	-0,754883
-7,989426	4,497498	-0,819519
-7,959503	4,498688	-0,884171
-8,022949	4,520233	-0,868607
-8,000198	4,538193	-0,899734
-7,955902	4,550171	-0,795578
-7,987030	4,542984	-0,692627
-8,025330	4,571716	-0,754883
-8,003784	4,642334	-0,817123
-8,030121	4,613617	-0,827896
-8,073227	4,665085	-0,939240
-8,056458	4,671066	-1,130768
-8,106735	4,692627	-1,181046
-8,146240	4,752472	-1,125977
-8,131882	4,744095	-1,011063
-8,044495	4,733322	-0,950012
-8,103149	4,742905	-0,984726
-8,137863	4,751282	-1,069717
-8,104340	4,734512	-1,058945
-8,110336	4,757263	-1,011063
-8,072021	4,782410	-1,035004
-7,977448	4,790787	-0,987122
-7,960693	4,774017	-0,975143
-7,970276	4,794373	-0,965561
-7,924774	4,826691	-0,930847
-7,900833	4,818314	-0,958389
-7,886475	4,803955	-0,944016
-7,934357	4,800354	-0,869797
-7,985840	4,845856	-0,836288
-8,022949	4,859024	-0,820724
-8,106735	4,894928	-0,873398
-8,249191	4,939224	-1,011063
-8,173782	4,932037	-0,972748
-8,051666	4,949997	-0,759674
-8,000198	5,011047	-0,651932
-7,911606	4,964355	-0,784805
-7,817047	4,948807	-1,005066
-7,742828	4,985916	-1,049362
-7,679367	4,977524	-1,106827
-7,678177	4,988297	-1,200195
-7,717682	5,013443	-1,250473
-7,813446	5,100830	-1,128372
-7,876892	5,148712	-0,978729
-7,922379	5,142731	-0,929657
-7,936752	5,113998	-1,026627
-7,910416	5,128357	-0,922470
-7,863724	5,170258	-0,752487
-7,776337	5,133148	-0,709381
-7,717682	5,097244	-0,740509
-7,684158	5,157089	-0,808746
-7,697327	5,208572	-0,861420
-7,682968	5,232513	-0,862625
-7,666214	5,266037	-0,789597
-7,638672	5,286377	-0,797974
-7,629089	5,274414	-0,788391
-7,621918	5,331879	-0,905716
-7,607544	5,329483	-1,021835
-7,588394	5,297150	-0,977539
-7,621918	5,351028	-0,911697
-7,630295	5,389328	-0,914093
-7,618317	5,396515	-0,982330
-7,638672	5,428833	-1,046967
-7,617126	5,434830	-1,076904
-7,542908	5,438416	-1,021835
-7,453125	5,396515	-0,905716
-7,389679	5,409683	-0,911697
-7,317856	5,424042	-0,832687
-7,232849	5,413269	-0,770447
-7,156235	5,420456	-0,712982
-7,070053	5,413269	-0,595657
-7,042511	5,440811	-0,510666
-7,145462	5,432434	-0,473557
-7,252014	5,394119	-0,477158
-7,364532	5,449188	-0,378983
-7,374115	5,512634	-0,248505
-7,257996	5,461151	-0,083298
-7,173004	5,492279	-0,106049
-7,121521	5,504257	-0,282028
-7,038925	5,474319	-0,373001
-6,983856	5,512634	-0,444824
-6,886887	5,486298	-0,499893
-6,846191	5,468338	-0,611221
-6,921616	5,479111	-0,707001
-7,001816	5,515030	-0,716568
-7,062866	5,542557	-0,778824
-7,006607	5,572495	-0,685440
-6,962311	5,572495	-0,571716
-6,921616	5,616776	-0,534607
-6,912033	5,671844	-0,556152
-6,825836	5,702972	-0,593277
-6,733658	5,799942	-0,554962
-6,666626	5,904083	-0,426880
-6,645081	5,983093	-0,288010
-6,569656	5,990280	-0,290405
-6,578049	6,076462	-0,280823
-6,518188	6,196182	-0,288010
-6,418823	6,288361	-0,344269
-6,370941	6,391312	-0,442429
-6,338623	6,513412	-0,572922
-6,357773	6,623550	-0,654327
-6,364960	6,657059	-0,780014
-6,393692	6,775574	-0,754883
-6,400864	6,845001	-0,600449
-6,404465	6,890503	-0,610031
-6,378128	6,900070	-0,712982
-6,290741	6,969513	-0,715378
-6,166245	7,079636	-0,638763
-6,096802	7,120346	-0,600449
-5,985474	7,123932	-0,666290
-5,935196	7,144287	-0,662704
-5,919632	7,260406	-0,620804
-5,936401	7,339417	-0,587280
-5,916046	7,377716	-0,650726
-5,898087	7,398071	-0,656723
-5,807114	7,433975	-0,554962
-5,756836	7,466309	-0,528625
-5,759232	7,495026	-0,534607
-5,802322	7,559677	-0,516663
-5,870560	7,619537	-0,414902
-5,850204	7,620728	-0,205414
-5,823868	7,605164	0,039993
-5,741272	7,581223	0,144150
-5,652679	7,559677	0,304550
-5,552124	7,581223	0,420670
-5,492264	7,569260	0,455383
-5,367767	7,536926	0,554749
-5,266022	7,607559	0,753464
-5,220535	7,547699	0,895920
-5,224121	7,559677	0,885147
-5,226517	7,568054	0,879166
-5,165466	7,563263	0,954575
-5,129547	7,565659	1,032394
-5,130753	7,581223	0,996475
-5,140320	7,620728	0,900711
-5,167862	7,624313	0,837265
-5,146317	7,586014	0,676849
-5,129547	7,569260	0,561935
-5,105606	7,611145	0,557144
-5,121170	7,671005	0,453003
-5,088852	7,667419	0,323715
-5,018219	7,641083	0,194427
-4,946396	7,626709	0,163300
-4,845840	7,630310	0,202805
-4,736908	7,550095	0,247101
-4,794357	7,505814	0,213577
-4,897308	7,613541	0,201599
-4,949982	7,638687	0,254272
-4,999069	7,627914	0,376389
-4,928436	7,639877	0,579895
-4,849426	7,672211	0,743896
-4,702179	7,688965	0,800156
-4,654297	7,681778	0,723541
-4,548950	7,649460	0,706787
-4,416077	7,655441	0,790573
-4,317917	7,724869	0,940216
-4,297562	7,777542	0,994080
-4,307144	7,825439	0,974930
-4,278412	7,840988	1,053940
-4,230530	7,838608	1,141327
-4,229324	7,842194	1,271820
-4,232925	7,866135	1,420258
-4,181442	7,898453	1,583054
-4,052155	7,916412	1,601013
-3,975540	7,989441	1,569885
-3,882172	8,005005	1,463348
-3,817520	8,044495	1,387939
-3,809143	8,101959	1,355606
-3,804352	8,139069	1,374771
-3,789993	8,222870	1,322098
-3,798370	8,251602	1,196396
-3,795975	8,289902	1,106613
-3,784012	8,337799	1,241882
-3,780411	8,444336	1,349625
-3,699020	8,432358	1,393921
-3,642746	8,440735	1,373566
-3,566132	8,489822	1,225128
-3,403336	8,483841	1,105423
-3,296783	8,459900	1,057526
-3,214188	8,498199	1,039581
-3,193832	8,498199	1,027603
-3,253693	8,498199	1,047958
-3,258484	8,476654	1,129364
-3,208206	8,475464	1,184418
-3,082504	8,501801	1,281387
-3,031036	8,473068	1,460953
-2,985535	8,439545	1,587845
-2,974762	8,427582	1,771011
-2,972382	8,465881	1,968521
-2,975967	8,500595	1,967331
-2,916107	8,477859	1,901489
-2,855057	8,482635	1,925430
-2,779648	8,520950	1,974518
-2,725769	8,578415	1,908676
-2,675491	8,574814	1,753052
-2,722183	8,609528	1,602219
-2,746124	8,668198	1,583054
-2,713806	8,664597	1,586655
-2,615631	8,699310	1,635727
-2,519867	8,728043	1,642914
-2,457626	8,704102	1,476517
-2,457626	8,730438	1,304138
-2,274460	8,684952	1,307724
-2,091309	8,644257	1,451385
-1,945267	8,605942	1,555527
-1,796814	8,598755	1,581863
-1,699860	8,700516	1,606995
-1,769287	8,688538	1,626160
-1,815979	8,732834	1,703964
-1,850693	8,815430	1,729111
-1,956039	8,865707	1,692001
-1,990753	8,908813	1,726715
-1,941666	8,912399	1,925430
-1,831543	8,926758	2,095413
-1,653168	8,942322	2,297729
-1,396988	8,921982	2,534760
-1,198273	8,858536	2,474899
-1,103699	8,828598	2,477295
-1,011520	8,846558	2,650879
-0,988785	8,850143	2,824448
-0,963638	8,838181	2,989655
-0,926529	8,833389	3,008804
-0,887024	8,813034	3,054291
-0,784073	8,792694	3,140488
-0,721817	8,826202	3,203934
-0,617676	8,858536	3,188370
-0,527893	8,796280	3,249420
-0,567398	8,822617	3,280548
-0,555420	8,853745	3,308075
-0,518311	8,892044	3,385895
-0,434525	8,864517	3,499619
-0,318405	8,865707	3,457718
-0,299255	8,880081	3,275757
-0,324387	8,971054	3,163239
-0,310028	9,047668	3,269775
-0,256149	9,072815	3,427795
-0,096939	9,082382	3,499619
0,125717	9,082382	3,390686
0,219101	9,114716	3,238647
0,261002	9,162598	3,158447
0,329224	9,170975	3,244629
0,366333	9,162598	3,365540
0,380707	9,163788	3,369141
0,322052	9,172165	3,269775
0,282547	9,142242	3,215912
0,268173	9,145828	3,361954
0,319656	9,157806	3,504410
0,330429	9,169769	3,423004
0,318451	9,141052	3,292526
0,368729	9,060837	3,267380
0,396271	9,084778	3,288925
0,373520	9,097946	3,320053
0,420212	9,070419	3,294907
0,458511	9,077606	3,249420
0,574631	9,062042	3,175201
0,817642	9,030914	3,104568
1,007980	9,035706	3,260193
1,118118	9,021332	3,401459
1,151642	8,994995	3,457718
1,072632	8,992599	3,493637
1,052277	8,945923	3,548706
1,011581	8,937546	3,695938
0,934967	8,930359	3,898254
0,911026	8,871704	4,043106
0,938553	8,848953	4,129288
1,006790	8,859726	4,172394
1,082199	8,865707	4,155624
1,169601	8,853745	4,032333
1,234238	8,832199	3,980850
1,259384	8,876480	3,935364
1,325211	8,920776	3,798889
1,364716	8,872894	3,516373
1,411407	8,847763	3,308075
1,401825	8,890854	3,206329
1,368317	8,874100	3,160843
1,283325	8,848953	3,118942
1,235428	8,836990	3,176407
1,292892	8,823822	3,389481
1,345566	8,791489	3,485260
1,480835	8,701706	3,518768
1,606537	8,637070	3,561874
1,653229	8,627487	3,730652
1,802856	8,584396	3,846771
1,745407	8,532913	3,812057
1,602951	8,489822	3,727066
1,599350	8,417999	3,825226
1,605347	8,402435	3,936554
1,626892	8,388077	4,000000
1,640060	8,378494	4,010773
1,719070	8,281525	4,033524
1,777725	8,259979	4,038315
1,824402	8,234848	4,180771
1,890244	8,195343	4,308853
1,957291	8,172592	4,380692
1,982422	8,121109	4,489624
2,005173	8,155838	4,622498
1,958481	8,125900	4,681152
1,927353	8,092392	4,683548
1,855530	8,089996	4,642853
1,887848	8,101959	4,612915
2,006363	8,063660	4,551865
1,997986	8,078018	4,266953
1,926163	8,062454	4,001205
1,938141	8,039719	3,923386
1,886658	8,064850	3,891068
1,765747	8,078018	3,820435
1,666397	7,990631	3,557083
1,535904	7,935562	3,318863
1,407822	7,947540	3,329636
1,426971	7,879303	3,681580
1,662796	7,812271	3,699539
1,818420	7,702133	3,282944
2,114105	7,466309	3,182388
2,525909	7,304688	3,596588
2,889832	7,217300	4,137680
3,189102	7,104782	4,471664
3,184311	7,050903	4,678757
2,983200	7,117950	5,080994
2,816803	7,111954	5,616089
2,722229	7,102386	5,991989
2,625275	7,049713	6,195496
2,551056	7,013794	6,348724
2,503159	6,989853	6,456451
2,546265	6,901276	6,589340
2,596542	6,811493	6,719818
2,642029	6,818665	6,767700
2,922150	6,694168	6,632431
3,178329	6,641495	6,493561
3,378250	6,545731	6,454056
3,684708	6,420029	6,460052
3,798431	6,374542	6,506729
3,739777	6,326660	6,731796
3,690689	6,260818	6,885025
3,587738	6,196182	6,972412
3,392609	6,167450	7,077759
3,180725	6,179413	7,228592
3,053833	6,163864	7,362656
2,999969	6,076462	7,494339
2,949677	5,967529	7,500336
2,914963	5,893311	7,507507
2,827576	5,789169	7,582932
2,725830	5,685013	7,719391
2,899399	5,562912	7,932480
3,163971	5,449188	8,082123
3,300430	5,467148	8,035431
3,268112	5,395325	7,922913
3,178329	5,319901	7,932480
3,177139	5,335464	8,074936
3,153198	5,315109	8,124023
3,098129	5,275604	8,041412
3,110092	5,210968	7,898956
3,086151	5,189423	7,773270
3,004745	5,231308	7,614059
2,911377	5,151108	7,491943
2,977219	5,046967	7,475189
3,173538	4,977524	7,562576
3,411758	4,996689	7,714615
3,424927	4,976334	7,831924
3,281281	4,933243	7,785233
3,110092	4,874573	7,821152
3,057419	4,839859	7,949249
3,001160	4,764450	8,019867
3,029892	4,681839	8,028244
3,117279	4,624390	8,212601
3,207062	4,572906	8,511887
3,225021	4,491501	8,703415
3,225021	4,425659	8,631592
3,151993	4,367004	8,497513
3,061020	4,303558	8,571732
2,996368	4,316727	8,845871
2,905396	4,296387	8,979950
2,828781	4,254486	9,011063
2,894623	4,217377	9,104446
3,053833	4,229340	9,278030
3,151993	4,207794	9,072128
3,148407	4,201813	8,715393
3,173538	4,226944	8,507095
3,195084	4,222153	8,571732
3,231003	4,198212	8,613632
3,226212	4,163498	8,495117
3,150803	4,121597	8,214996
3,068192	4,096466	8,144363
2,940109	4,084488	8,289215
2,829971	4,049774	8,456818
2,728226	3,968369	8,663910
2,676743	3,860641	8,861435
2,630051	3,845078	9,063736
2,495987	3,809158	9,049377
2,473236	3,720581	8,865021
2,674347	3,628403	9,052963
2,895813	3,624802	9,266052
3,021515	3,518265	9,066132
3,266922	3,263275	9,448013
3,304031	3,319550	9,687439
3,246567	3,368622	9,543777
3,159180	3,245331	9,451599
2,934128	3,190262	9,493500
2,658783	3,117233	9,621597
2,315216	3,063370	9,347458
1,869904	3,072937	8,823120
1,576614	2,979568	8,666306
1,619705	2,749725	9,058960
1,717865	2,679092	9,620392
1,738220	2,594101	10,178238
1,725052	2,450455	10,458359
1,717865	2,291229	10,702576
1,634064	2,258911	11,062897
1,653229	2,212219	11,418442
1,691528	2,120056	11,623138
1,673569	2,084137	11,636307
1,581390	2,093719	11,554916
1,492813	2,111664	11,310699
1,528732	2,097305	11,003052
1,613724	2,087723	10,683426
1,680756	2,064987	10,282394
1,872299	2,015900	9,850235
1,980026	1,978790	9,510254
2,081787	1,808807	9,374985
2,150024	1,760925	9,474350
2,243393	1,753738	9,619202
2,342758	1,599304	9,724548
2,466049	1,478409	9,857422
2,474442	1,480804	10,001068
2,431335	1,417358	9,974731
2,258957	1,274902	9,790390
1,895035	1,201874	9,718552
1,533508	1,168350	9,791580
1,212692	1,055832	9,983109
1,045090	0,980408	10,248871
0,830811	0,890625	10,567307
0,676392	0,767319	10,913269
0,521957	0,688324	11,266403
0,509995	0,588959	11,463928
0,590195	0,483612	11,562088
0,725464	0,386642	11,398087
0,950531	0,264542	11,313095
1,120514	0,211868	11,337036
1,143265	0,229828	11,393295
1,025940	0,217850	11,285568
0,823639	0,234619	11,095230
0,659637	0,301651	10,963547
0,589005	0,258560	10,846222
0,591400	0,253769	10,697784
0,786530	0,254974	10,518219
0,969681	0,231018	10,324295
1,138474	0,186737	10,211761
1,258179	0,180740	10,089661
1,276138	0,165192	9,846649
1,259384	0,117294	9,572510
1,225861	0,111313	9,500687
1,207901	0,187927	9,407318
1,276138	0,209473	9,258865
1,288101	0,152023	9,098465
1,210297	0,150818	9,029022
1,121704	0,195114	9,048187
1,015167	0,204681	9,043396
0,845184	0,254974	9,036209
0,849976	0,214264	9,149933
0,845184	0,195114	9,153519
0,852356	0,219055	9,167892
0,891861	0,150818	9,407318
0,925385	0,122086	9,602432
0,878693	0,132858	9,600037
0,768570	0,093353	9,650330
0,579422	0,049072	9,662292
0,428589	0,074203	9,677856
0,531540	0,106522	9,711380
0,612946	0,076599	9,670670
0,663223	0,053848	9,643143
0,646469	0,069412	9,553360
0,614136	0,037094	9,523422
0,715897	0,056244	9,566528
0,865524	0,055054	9,619202
0,846375	0,038284	9,492310
0,803284	-0,028748	9,386963
0,792511	-0,056274	9,450409
0,708710	-0,040710	9,527023
0,591400	-0,029938	9,471954
0,508789	-0,047897	9,547379
0,401062	-0,051498	9,711380
0,234665	-0,016769	9,843048
0,106567	-0,047897	9,971146
0,017990	-0,063461	10,093246
0,073044	-0,088608	10,307526
0,143677	-0,164017	10,473923
0,214310	-0,159225	10,676239
0,399857	-0,126907	10,664261
0,486053	-0,179581	10,452377
0,448944	-0,210709	10,309921
0,435776	-0,138885	10,239288
0,464508	-0,095779	10,312317
0,481262	-0,083817	10,245285
0,462112	-0,089798	10,047760
0,482452	-0,085007	9,862213
0,505203	-0,080215	9,746094
0,482452	-0,068253	9,719757
0,377121	0,002380	9,704193
0,371124	-0,009598	9,791580
0,477676	-0,027542	9,931641
0,585403	-0,034729	9,941223
0,706314	-0,070648	10,065720
0,760193	-0,065857	10,095642
0,750610	-0,022766	10,076492
0,779343	-0,068253	10,082474
0,772156	0,025116	10,099228
0,718292	0,053848	10,050156
0,610550	0,070618	10,070511
0,679977	0,095749	10,214157
0,724274	0,093353	10,205780
0,720688	0,099350	10,118393
0,672791	0,136459	10,057343
0,639282	0,172363	9,986710
0,593796	0,143631	9,859818
0,526749	0,065826	9,753265
0,539917	0,041885	9,729324
0,642868	0,016739	9,900513
0,836807	-0,186768	10,161484
1,022354	-0,377106	10,400909
1,052277	-0,325623	10,610397
0,998413	-0,240631	10,654694
0,992416	-0,402237	10,574478
0,907425	-0,454910	10,458359
0,678787	-0,328018	10,439209
0,563858	-0,296890	10,445190
0,590195	-0,314850	10,459564
0,645264	-0,318451	10,307526
0,626114	-0,335205	10,124374
0,657242	-0,363937	10,053741
0,769760	-0,317245	9,880173
0,721878	-0,208313	9,798767
0,835602	-0,207108	9,826294
0,871521	-0,217896	9,861008
0,754196	-0,180771	9,945999
0,652451	-0,134094	9,907700
0,506393	-0,087402	9,896927
0,372330	-0,049103	9,912491
0,329224	0,009567	9,878967
0,329224	0,043076	9,837067
