2,886730	-4,476107	-8,775084
2,896305	-4,485682	-8,861256
2,714388	-4,753769	-8,899554
2,723963	-5,079304	-8,899554
2,790984	-5,098454	-8,947427
2,829283	-4,926111	-8,679339
2,723963	-4,725046	-8,641041
2,685664	-5,213348	-8,679339
2,561195	-5,423988	-8,995299
2,503747	-5,577181	-8,593168
2,427151	-5,242072	-8,545295
2,312256	-5,491010	-8,727212
2,120765	-5,787822	-8,612317
2,063318	-6,180379	-8,401677
2,197362	-6,170804	-8,296356
2,120765	-5,893142	-8,411251
1,977147	-5,787822	-8,305931
1,862252	-5,988888	-8,411251
1,814379	-6,572936	-8,085716
1,881401	-6,582510	-7,635712
1,843103	-6,228251	-7,999545
1,680335	-6,486765	-8,210186
1,479270	-6,774002	-7,894225
1,268629	-7,204857	-7,808054
1,125011	-7,875076	-7,788905
1,019691	-7,884651	-7,425072
0,904796	-7,597414	-7,003791
0,761178	-7,281453	-6,802725
0,550537	-7,597414	-6,821874
0,521814	-8,554870	-6,774002
0,531388	-8,717637	-6,323997
0,157980	-8,526146	-6,295273
-0,043086	-9,014449	-6,199528
-0,186704	-9,014449	-6,046335
-0,330322	-8,717637	-5,519734
-0,694156	-9,148493	-5,481436
-0,684581	-9,397431	-4,926111
-0,971818	-8,526146	-4,591002
-1,249480	-8,813383	-4,610151
-1,364375	-9,177217	-4,322914
-1,507993	-9,033598	-4,389936
-1,622888	-9,129343	-4,121848
-1,699484	-8,842107	-3,585673
-1,996296	-8,966576	-3,729291
-2,216511	-8,899554	-3,585673
-2,436726	-8,851681	-3,288862
-2,580344	-8,803808	-3,126094
-2,838857	-8,660190	-3,030348
-2,982476	-8,880404	-2,743112
-3,173967	-8,650616	-2,494173
-3,461204	-8,487848	-2,676090
-3,595248	-8,497422	-2,427151
-3,777164	-8,526146	-1,967572
-3,968655	-8,229335	-2,005870
-4,102699	-8,152739	-1,699484
-4,265467	-7,894225	-1,479270
-4,399510	-8,066567	-1,488844
-4,322914	-8,047418	-1,096287
-4,638875	-7,329326	-0,694156
-4,811217	-7,520817	-0,579261
-5,041006	-7,032515	-0,330322
-5,328243	-6,965493	-0,560112
-5,481436	-7,051664	-0,368621
-5,768672	-7,214431	-0,100533
-5,873993	-6,879322	0,167555
-6,055910	-6,572936	0,330322
-6,228251	-6,611234	0,387770
-6,477190	-6,343146	0,493090
-6,668681	-6,381444	0,473941
-6,812300	-6,371870	0,454792
-7,042089	-6,199528	0,636708
-7,080388	-6,199528	0,646283
-7,118686	-5,759098	1,077138
-7,338901	-5,127177	0,770752
-7,425072	-5,443138	0,665432
-7,549541	-5,395265	0,876072
-7,635712	-5,222923	1,077138
-7,769756	-4,830366	1,335651
-7,932523	-4,610151	1,354800
-7,961247	-4,322914	1,689910
-8,037844	-3,652695	1,622888
-8,047418	-3,681418	1,383524
-8,133589	-3,652695	1,603739
-8,229335	-3,461204	1,814379
-8,325080	-3,422905	1,766506
-8,305931	-3,126094	1,910125
-8,372953	-2,733537	2,072892
-8,372953	-2,704813	2,072892
-8,401677	-2,408002	2,159063
-8,353804	-2,293107	1,929274
-8,363379	-2,494173	1,881401
-8,401677	-2,542046	1,852677
-8,344230	-2,139914	2,139914
-8,411251	-1,651612	2,302682
-8,401677	-1,737783	2,120765
-8,372953	-1,584590	2,101616
-8,459125	-1,555866	2,187787
-8,459125	-1,565441	2,197362
-8,449550	-1,507993	2,245234
-8,459125	-1,316502	2,254809
-8,516571	-1,000542	2,226085
-8,506997	-0,895221	2,178212
-8,593168	-0,990967	2,264384
-8,621892	-0,981392	2,187787
-8,660190	-0,780327	2,321831
-8,650616	-0,694156	2,417577
-8,698488	-0,627134	2,398427
-8,660190	-0,502664	2,465449
-8,708063	-0,445217	2,273958
-8,708063	-0,330322	2,369704
-8,746361	-0,339897	2,398427
-8,794233	-0,416493	2,360129
-8,736787	-0,349471	2,484598
-8,822957	-0,205853	2,494173
-8,842107	-0,282450	2,273958
-8,803808	-0,292024	2,293107
-8,851681	-0,205853	2,350555
-8,775084	-0,196278	2,484598
-8,889979	-0,090958	2,417577
-8,842107	-0,263300	2,283533
-8,928278	-0,100533	2,302682
-8,889979	-0,129257	2,264384
-8,976151	-0,167555	2,417577
-8,937852	-0,138831	2,350555
-8,918703	-0,090958	2,465449
-8,957002	-0,129257	2,484598
-8,966576	-0,138831	2,475024
-9,052747	-0,330322	2,388853
-8,976151	-0,225002	2,503747
-8,937852	-0,196278	2,494173
-8,937852	-0,359046	2,513322
-9,043172	-0,368621	2,475024
-9,033598	-0,493090	2,475024
-9,004874	-0,426068	2,599493
-8,985725	-0,435643	2,542046
-9,033598	-0,397344	2,379278
-8,995299	-0,416493	2,360129
-9,033598	-0,320748	2,513322
-9,004874	-0,359046	2,408002
-8,995299	-0,426068	2,446300
-9,024023	-0,320748	2,379278
-8,957002	-0,359046	2,350555
-8,976151	-0,292024	2,360129
-9,004874	-0,368621	2,321831
-8,966576	-0,225002	2,360129
-8,985725	-0,110107	2,350555
-8,937852	-0,177129	2,340980
-8,985725	-0,100533	2,360129
-8,976151	-0,225002	2,216511
-8,889979	-0,157980	2,369704
-8,985725	-0,196278	2,417577
-8,947427	-0,349471	2,360129
-9,014449	-0,234577	2,417577
-9,062322	-0,397344	2,331405
-9,024023	-0,359046	2,360129
-9,043172	-0,320748	2,388853
-9,081470	-0,445217	2,302682
-9,071896	-0,339897	2,293107
-9,052747	-0,368621	2,312256
-8,985725	-0,426068	2,475024
-8,976151	-0,426068	2,455875
-9,014449	-0,320748	2,350555
-9,081470	-0,263300	2,379278
-9,052747	-0,253726	2,293107
-8,985725	-0,186704	2,273958
-8,966576	-0,244151	2,226085
-8,957002	-0,282450	2,455875
-8,966576	-0,205853	2,475024
-8,947427	-0,253726	2,360129
-8,928278	-0,301599	2,369704
-8,966576	-0,330322	2,360129
-9,004874	-0,406919	2,331405
-8,985725	-0,426068	2,331405
-9,043172	-0,445217	2,340980
-9,052747	-0,454792	2,379278
-9,043172	-0,445217	2,446300
-9,024023	-0,359046	2,417577
-8,995299	-0,368621	2,369704
-9,043172	-0,406919	2,302682
-9,024023	-0,473941	2,302682
-9,004874	-0,445217	2,350555
-8,995299	-0,454792	2,360129
-8,995299	-0,311173	2,427151
-9,024023	-0,320748	2,302682
-8,995299	-0,311173	2,168638
-8,909128	-0,282450	2,187787
-8,937852	-0,330322	2,293107
-8,966576	-0,387770	2,369704
-9,033598	-0,378195	2,388853
-9,033598	-0,378195	2,340980
-8,976151	-0,464366	2,321831
-9,014449	-0,435643	2,417577
-9,014449	-0,493090	2,302682
-9,014449	-0,502664	2,340980
-9,033598	-0,483515	2,302682
-9,100619	-0,483515	2,302682
-9,052747	-0,435643	2,360129
-9,043172	-0,473941	2,350555
-8,985725	-0,397344	2,312256
-9,062322	-0,378195	2,254809
-9,043172	-0,406919	2,302682
-9,052747	-0,406919	2,283533
-8,995299	-0,387770	2,379278
-8,957002	-0,426068	2,398427
-8,995299	-0,378195	2,369704
-8,976151	-0,416493	2,321831
-8,985725	-0,359046	2,197362
-8,976151	-0,292024	2,254809
-8,947427	-0,311173	2,273958
-8,937852	-0,320748	2,216511
-8,899554	-0,253726	2,101616
-8,803808	-0,387770	2,187787
-8,909128	-0,397344	2,235660
-8,832532	-0,502664	2,350555
-8,909128	-0,598410	2,350555
-8,909128	-0,655857	2,293107
-8,966576	-0,713305	2,226085
-8,937852	-0,789901	2,254809
-8,957002	-0,828200	2,312256
-8,918703	-0,885647	2,427151
-8,985725	-0,866498	2,360129
-8,976151	-0,895221	2,340980
-8,995299	-0,923945	2,475024
-9,024023	-1,000542	2,331405
-8,966576	-0,990967	2,302682
-8,880404	-0,990967	2,369704
-8,928278	-1,077138	2,379278
-8,880404	-1,038840	2,360129
-8,851681	-1,096287	2,360129
-8,842107	-1,077138	2,254809
-8,870831	-1,038840	2,226085
-8,775084	-1,096287	2,226085
-8,727212	-1,038840	2,149489
-8,746361	-1,067564	2,197362
-8,755936	-1,125011	2,226085
-8,717637	-1,211182	2,149489
-8,717637	-1,211182	2,139914
-8,641041	-1,316502	2,168638
-8,612317	-1,259055	2,034594
-8,497422	-1,268629	1,919699
-8,487848	-1,345226	1,890976
-8,468699	-1,488844	1,919699
-8,459125	-1,555866	1,957998
-8,353804	-1,843103	1,890976
-8,238910	-1,996296	1,996296
-8,191036	-2,235660	2,120765
-8,219760	-2,398427	2,111191
-8,143164	-2,532471	2,111191
-8,124015	-2,714388	2,044169
-8,124015	-3,030348	1,890976
-8,114440	-3,183541	1,996296
-8,085716	-3,173967	1,929274
-7,951673	-3,499502	1,823954
-7,798480	-3,690993	1,766506
-7,674010	-3,834611	1,795230
-7,616563	-3,987804	1,661186
-7,539967	-4,217594	1,460120
-7,559115	-4,562278	1,479270
-7,549541	-4,839940	1,536717
-7,501668	-5,050581	1,488844
-7,310177	-4,935686	1,383524
-7,013366	-4,983559	1,393099
-6,860173	-5,261221	1,259055
-6,716554	-5,404840	1,125011
-6,620809	-5,730374	0,943094
-6,534637	-5,759098	0,933520
-6,352721	-5,749524	0,828200
-6,094208	-6,103782	0,866498
-6,075058	-6,438892	0,483515
-5,835695	-6,802725	0,493090
-5,816545	-6,984642	0,665432
-5,605905	-7,338901	0,617559
-5,395265	-7,674010	0,368621
-5,155901	-7,855927	0,292024
-4,897388	-8,133589	0,234577
-4,820791	-8,315506	0,062235
-4,811217	-8,506997	-0,090958
-4,571853	-8,822957	-0,110107
-4,332489	-9,158067	-0,282450
-4,112274	-9,177217	-0,330322
-3,949506	-9,272962	-0,665432
-3,777164	-9,569773	-0,675007
-3,700568	-9,320834	-0,493090
-3,643120	-9,368708	-0,627134
-3,470778	-9,368708	-0,952669
-3,221840	-9,320834	-1,096287
-2,963326	-9,292110	-0,971818
-2,781410	-9,541050	-1,125011
-2,637791	-9,407005	-1,306927
-2,503747	-9,186790	-1,507993
-2,331405	-9,339984	-1,756932
-2,159063	-9,541050	-1,938848
-2,082467	-9,588923	-2,178212
-1,996296	-9,282537	-2,484598
-1,776081	-9,445304	-2,551620
-1,546291	-9,387856	-2,647366
-1,479270	-9,100619	-3,030348
-1,373949	-8,889979	-3,231414
-1,182458	-8,641041	-3,279287
-1,048414	-8,909128	-3,432480
-0,933520	-9,234664	-4,064401
-0,885647	-9,081470	-4,820791
-0,579261	-9,129343	-4,610151
-0,349471	-9,339984	-4,303765
-0,445217	-9,339984	-4,466532
-0,502664	-8,784659	-5,012282
-0,435643	-8,516571	-5,270795
-0,301599	-8,420826	-5,299519
-0,062235	-8,363379	-5,117602
0,129257	-8,545295	-5,184625
0,244151	-8,545295	-5,826120
0,339897	-8,325080	-6,352721
0,579261	-8,133589	-5,950589
0,780327	-7,942098	-5,768672
0,933520	-7,798480	-5,826120
0,952669	-7,329326	-6,314423
1,077138	-6,812300	-6,525063
1,316502	-6,170804	-7,808054
1,689910	-6,975067	-7,539967
1,584590	-7,022940	-8,076141
1,536717	-6,678256	-8,899554
1,555866	-6,592085	-8,506997
1,737783	-6,228251	-8,248484
1,862252	-6,065484	-8,497422
2,015445	-5,596331	-8,641041
1,881401	-5,309094	-8,813383
2,111191	-5,146326	-8,947427
2,178212	-5,184625	-9,004874
2,226085	-5,050581	-9,024023
2,283533	-4,772918	-9,215514
2,360129	-4,361212	-9,732541
2,484598	-4,370787	-9,770839
2,475024	-4,102699	-9,483603
2,542046	-3,662269	-9,560199
2,609068	-3,556949	-9,541050
2,647366	-3,556949	-9,789989
2,647366	-3,556949	-9,799562
2,618642	-3,173967	-9,675094
2,714388	-3,212265	-9,569773
2,762261	-3,231414	-9,627220
2,762261	-3,059072	-9,579348
2,752686	-2,953752	-9,387856
2,867581	-3,059072	-9,320834
2,925028	-2,752686	-9,416580
2,905879	-2,723963	-9,263388
2,972901	-2,848432	-9,253813
3,020774	-3,097370	-9,225089
3,001625	-3,355883	-9,167642
2,992050	-3,193116	-9,071896
3,001625	-3,193116	-9,100619
3,126094	-2,848432	-9,320834
3,059072	-3,011199	-9,263388
3,011199	-3,269712	-9,196365
3,116519	-3,375033	-9,158067
3,059072	-2,992050	-9,282537
3,020774	-3,059072	-9,272962
3,059072	-2,829283	-9,158067
3,059072	-2,436726	-9,119769
3,059072	-2,609068	-9,234664
3,049498	-2,637791	-9,282537
3,011199	-2,877155	-9,416580
3,078221	-2,178212	-9,339984
3,116519	-1,996296	-9,531475
3,030348	-2,369704	-9,435729
2,963326	-2,532471	-9,282537
3,001625	-3,030348	-9,359133
2,982476	-3,135669	-9,502751
3,039923	-3,001625	-9,675094
3,039923	-3,078221	-9,732541
3,059072	-2,972901	-9,445304
2,934603	-2,704813	-9,014449
2,867581	-2,810133	-9,110194
3,039923	-2,781410	-9,531475
3,020774	-2,743112	-9,799562
2,982476	-2,867581	-9,684668
3,020774	-2,704813	-9,301685
2,819708	-2,513322	-8,995299
2,752686	-2,599493	-9,100619
2,915454	-2,781410	-9,330409
3,020774	-2,695239	-9,311260
2,905879	-2,676090	-9,636795
2,925028	-2,656940	-9,550624
2,877155	-2,790984	-9,282537
2,752686	-2,771835	-9,062322
2,771835	-2,819708	-8,976151
2,877155	-2,858006	-9,225089
2,972901	-2,723963	-9,368708
2,790984	-2,666515	-9,483603
2,790984	-2,800559	-9,502751
2,810133	-2,762261	-9,368708
2,752686	-2,704813	-9,148493
2,714388	-2,637791	-9,129343
2,743112	-2,695239	-9,205940
2,800559	-2,704813	-9,282537
2,771835	-2,790984	-9,435729
2,838857	-2,800559	-9,483603
