-0,202286	0,636841	9,834671
-0,134048	0,623672	10,058533
-0,074188	0,646423	9,959167
-0,046661	0,633255	9,809540
-0,041870	0,621277	9,796371
-0,080185	0,693100	9,746094
-0,110107	0,669159	9,647934
-0,143631	0,648819	9,588074
-0,113693	0,682327	9,651520
-0,081375	0,697891	9,718552
-0,076584	0,735001	9,780807
-0,043076	0,689514	9,779602
-0,033493	0,695496	9,719757
-0,062225	0,726624	9,612015
-0,090958	0,718246	9,517441
-0,135239	0,689514	9,488708
-0,168762	0,690704	9,439636
-0,157990	0,718246	9,495895
-0,090958	0,696701	9,597656
-0,043076	0,679932	9,680252
-0,023911	0,746979	9,742493
-0,010742	0,785278	9,740097
0,007217	0,721832	9,732925
0,008408	0,718246	9,735321
0,004822	0,740997	9,724548
0,043121	0,745773	9,682648
0,014389	0,712265	9,651520
-0,028702	0,702682	9,680252
-0,053848	0,745773	9,664688
-0,083771	0,782883	9,643143
-0,064621	0,767319	9,655106
-0,020325	0,735001	9,665878
0,011993	0,750565	9,683838
0,040726	0,770920	9,646729
0,061081	0,791275	9,702988
0,118546	0,772110	9,776016
0,162827	0,733810	9,832275
0,214310	0,743378	9,865799
0,210724	0,780487	9,857422
0,209518	0,837952	9,895721
0,250229	0,824783	9,833481
0,272964	0,808029	9,743698
0,183182	0,876266	9,710175
0,215500	0,885834	9,659897
0,286133	0,805634	9,614410
0,250229	0,821198	9,655106
0,257401	0,901398	9,726944
0,307678	0,855911	9,816727
0,377121	0,816406	9,831085
0,413025	0,900208	9,849045
0,463303	1,010330	9,844254
0,439362	0,960052	9,832275
0,404648	0,902603	9,720947
0,398666	0,932526	9,700607
0,414230	0,949280	9,700607
0,434570	0,940903	9,716156
0,347183	0,930130	9,595261
0,377121	0,904999	9,562927
0,423798	0,900208	9,639542
0,475281	0,907394	9,740097
0,488449	0,897812	9,845444
0,448944	0,937317	9,850235
0,487244	0,908585	9,875381
0,543518	0,869080	9,864609
0,533936	0,920547	9,820312
0,553085	0,910980	9,845444
0,520767	0,914566	9,815521
0,483658	0,866684	9,774826
0,374725	0,920547	9,724548
0,337616	0,910980	9,701797
0,353165	0,885834	9,779602
0,337616	0,861893	9,786789
0,338806	0,847534	9,898117
0,387894	0,867889	9,940018
0,373520	0,872665	9,910095
0,417816	0,819992	9,932831
0,457321	0,858307	9,908890
0,452530	0,865494	9,856216
0,476471	0,808029	9,811935
0,430984	0,857101	9,822708
0,448944	0,860703	9,823898
0,445343	0,837952	9,815521
0,398666	0,846329	9,810730
0,425003	0,846329	9,957977
0,507599	0,853516	10,005859
0,573441	0,864288	10,034592
0,581818	0,887039	9,978333
0,609344	0,904999	9,923264
0,652451	0,958862	9,910095
0,672791	0,845139	9,753265
0,614136	0,754150	9,707779
0,525558	0,812820	9,716156
0,592590	0,816406	9,699402
0,580627	0,794861	9,640747
0,396271	0,879852	9,546173
0,399857	0,866684	9,316330
0,360352	0,852325	9,172684
0,322052	0,943298	9,206192
0,433380	0,939713	9,354645
0,490845	0,900208	9,497086
0,408234	0,943298	9,617996
0,408234	0,991180	9,705383
0,378311	1,006744	9,770035
0,366333	0,972031	9,843048
0,404648	0,926544	9,940018
0,407043	0,930130	10,072891
0,470490	0,957672	10,154297
0,529144	1,033081	10,166275
0,636887	0,979218	10,193802
0,670410	0,970840	10,189011
0,653641	1,029495	10,092056
0,669205	1,003159	10,052551
0,731461	0,968445	10,066910
0,758987	1,067795	10,034592
0,761383	1,164764	10,068115
0,790115	1,149200	10,093246
0,823639	1,095337	10,048950
0,804474	1,128845	10,007065
0,821243	1,113281	10,106415
0,896652	1,183914	10,223740
0,915802	1,238983	10,308731
0,893066	1,195892	10,253662
0,891861	1,212646	10,144730
0,927780	1,255737	10,066910
0,896652	1,307220	10,038177
0,899048	1,380249	10,014236
0,940948	1,376648	9,956787
0,932571	1,349121	9,934036
0,912216	1,402985	10,007065
0,919403	1,420944	10,172256
0,940948	1,385025	10,380554
0,913422	1,388626	10,507446
0,833206	1,458054	10,598419
0,756592	1,522690	10,618774
0,750610	1,464035	10,642715
0,780533	1,449677	10,701370
0,877502	1,452072	10,761230
0,928970	1,462845	10,998260
0,975662	1,543045	11,230499
1,054672	1,571777	11,338242
1,061859	1,647202	11,149094
1,048691	1,740570	10,754044
1,069031	1,765701	10,272812
1,114532	1,774094	9,943619
1,148041	1,851898	9,791580
1,282120	1,962036	9,834671
1,453308	2,012314	9,936432
1,576614	2,024277	10,031006
1,630478	2,060196	10,160294
1,648438	2,048218	10,254852
1,559845	2,109283	10,214157
1,448517	2,110474	10,221344
1,345566	2,112869	10,290771
1,200714	2,182297	10,412872
1,155228	2,264893	10,524200
1,221069	2,284058	10,452377
1,277328	2,330734	10,381744
1,307266	2,352295	10,242889
1,321625	2,361862	10,096848
1,361130	2,363068	10,025009
1,417389	2,432495	10,162674
1,511963	2,503128	10,244080
1,713074	2,494736	10,363800
1,914185	2,536636	10,223740
1,933350	2,618042	9,832275
1,920181	2,606079	9,533005
1,874695	2,603683	9,348648
1,737015	2,752121	9,231339
1,643646	2,847885	9,072128
1,652023	2,805984	8,829117
1,708298	2,825150	8,824326
1,719070	2,839508	9,000290
1,699905	2,844299	9,205002
1,649628	2,849091	9,351044
1,626892	2,904144	9,369003
1,575409	2,946045	9,331894
1,513168	2,873032	9,443222
1,546677	2,789230	9,617996
1,624496	2,744934	9,791580
1,551468	2,797607	9,965164
1,579010	2,841904	10,002274
1,594559	2,794022	10,038177
1,528732	2,811981	10,102829
1,438950	2,898163	10,339859
1,332397	2,971191	10,494278
1,265366	2,971191	10,476318
1,264160	2,969986	10,300354
1,316833	3,054993	10,115997
1,330002	3,141174	10,121979
1,300079	3,138779	10,077682
1,346771	3,156738	9,930450
1,450912	3,171112	10,027405
1,522736	3,175888	9,962769
1,553864	3,286026	9,765244
1,442535	3,335114	9,736511
1,318039	3,341095	9,708984
1,228256	3,345886	9,792770
1,131287	3,366226	9,888550
1,104950	3,420105	9,942413
1,183960	3,479950	10,068115
1,176773	3,497910	10,208176
1,160019	3,499115	10,239288
1,180374	3,509888	10,356613
1,121704	3,586502	10,557724
1,158813	3,701416	10,403305
1,081009	3,730148	10,126770
1,023544	3,805573	9,872986
1,128891	3,852249	9,881363
1,277328	3,907318	9,910095
1,380280	3,967178	9,679047
1,426971	4,074921	9,315140
1,459290	4,129990	9,074524
1,416199	4,207794	8,942841
1,316833	4,368210	8,993118
1,365921	4,422073	8,975159
1,482040	4,346664	8,945236
1,570618	4,319122	8,894958
1,581390	4,448410	9,029022
1,544281	4,544174	9,234924
1,450912	4,607620	9,523422
1,409012	4,620789	9,930450
1,333603	4,650726	10,230911
1,176773	4,736908	10,318298
0,968475	4,785995	10,217743
0,901443	4,815918	10,178238
0,936157	4,833878	10,363800
1,089386	4,863800	10,526596
1,296494	4,967957	10,406891
1,443726	5,058929	9,861008
1,526337	5,158295	9,068527
1,498795	5,237305	8,307175
1,375504	5,336655	7,654755
1,304871	5,479111	7,185486
1,268951	5,554535	6,959244
1,246216	5,649109	6,981979
1,283325	5,635941	7,312378
1,283325	5,603607	7,737350
1,239029	5,625168	8,297592
1,182770	5,653885	8,837494
1,256989	5,657486	9,341476
1,302475	5,704163	9,298370
1,204315	5,747269	8,942841
1,122910	5,681427	8,544205
1,046295	5,743668	8,329926
0,991226	5,902893	8,308365
1,088196	6,027390	8,290421
1,239029	6,058517	8,120422
1,347961	6,066895	7,750519
1,359940	6,173431	7,199860
1,316833	6,216522	6,697067
1,292892	6,203354	6,449280
1,210297	6,266800	6,365479
1,075027	6,319473	6,337936
0,903839	6,284760	6,281677
0,845184	6,200974	6,116486
0,656036	6,059708	5,962051
0,350784	5,762833	5,758545
-0,302841	5,489883	5,216263
-1,912933	5,710159	5,331177
-2,752106	6,564880	7,915726
-1,566971	6,969513	11,175430
-0,543457	6,949158	11,608780
0,025162	6,684601	9,529419
0,822433	6,250046	7,481171
1,642456	6,011826	6,661163
1,922577	6,150696	6,244568
1,488022	6,402084	5,686722
0,769760	6,490662	5,446106
0,130508	6,592422	5,549057
-0,179535	6,758820	5,873474
-0,234604	6,888107	5,903397
-0,193909	6,909653	5,681931
-0,021515	6,874939	5,514343
0,099380	6,901276	5,545456
0,179596	6,919220	5,683136
0,124527	6,961121	5,945297
0,016785	6,943176	6,260132
-0,274109	6,953949	6,542648
-0,477615	7,010208	6,773682
-0,517120	6,957535	6,948471
-0,494370	7,003021	6,997543
-0,333969	7,078445	6,998749
0,044327	7,206528	6,640808
0,262192	7,296310	5,505966
0,390289	7,274765	4,390259
0,521957	7,268784	3,847977
0,434570	7,382507	3,670807
0,195160	7,496231	3,643265
-0,039474	7,509399	3,713898
-0,362701	7,503418	3,745026
-0,642822	7,590805	3,699539
-0,734985	7,558472	4,000000
-0,679932	7,521362	4,469269
-0,569794	7,516586	4,982819
-0,526703	7,532150	5,667572
-0,392624	7,644669	6,160767
-0,348328	7,855362	6,055435
-0,406982	7,922394	5,431732
-0,389038	7,837402	4,539902
-0,363892	7,873322	3,986832
-0,436920	8,101959	3,821640
-0,487198	8,282730	3,745026
-0,430923	8,330612	3,615738
-0,471634	8,414413	3,023178
-0,556625	8,415604	2,610168
-0,519516	8,463486	2,872330
-0,512329	8,632278	3,006409
-0,642822	8,744812	2,642487
-0,697876	8,664597	2,261810
-0,578171	8,661011	2,565872
-0,588943	8,744812	2,849594
-0,733795	8,707703	2,933395
-0,860687	8,705307	3,084229
-1,022293	8,731644	3,074646
-1,230591	8,700516	2,986069
-1,346710	8,659805	2,969299
-1,516693	8,677765	2,960922
-1,581345	8,702911	2,775375
-1,583740	8,705307	2,966904
-1,472412	8,755585	3,303299
-1,283264	8,734039	3,357162
-1,144394	8,674179	3,285339
-1,144394	8,805862	3,171616
-1,175522	8,944717	2,702347
-1,306015	8,948318	1,860794
-1,407761	8,874100	1,222733
-1,461639	8,839371	0,927048
-1,689087	8,887268	0,857620
-1,917725	8,842972	0,804947
-2,047012	8,807053	1,119781
-2,080536	8,781921	1,549545
-2,199051	8,751984	1,561508
-2,384598	8,713684	1,423843
-2,412125	8,719666	1,426239
-2,437271	8,632278	1,410675
-2,388184	8,519745	1,718338
-2,363052	8,504196	1,982895
-2,409744	8,537704	2,138519
-2,343903	8,417999	2,555099
-2,250519	8,412018	2,620941
-2,375015	8,376099	2,078659
-2,517471	8,265961	1,489685
-2,692245	8,228851	1,247864
-2,803589	8,282730	1,159286
-3,044205	8,313843	0,889938
-3,283615	8,246811	0,543976
-3,405731	8,161819	0,351242
-3,509872	8,152237	0,184845
-3,606842	8,137878	0,130981
-3,669083	8,057663	0,273438
-3,628387	7,958313	0,649323
-3,545792	7,819443	1,056335
-3,537399	7,791916	1,056335
-3,525436	7,667419	1,107803
-3,574509	7,568054	1,425049
-3,673874	7,546509	1,806915
-3,830688	7,586014	2,087036
-3,977936	7,600372	2,110977
-4,076096	7,484253	1,700378
-4,286789	7,460312	1,117386
-4,371780	7,400467	0,606232
-4,326294	7,317856	0,407501
-4,273621	7,363358	0,466171
-4,234116	7,388489	0,455383
-4,225739	7,322647	0,268646
-4,278412	7,229279	0,109421
-4,386154	7,210129	-0,023453
-4,559723	7,188568	-0,049789
-4,745285	7,145477	-0,061752
-4,830276	6,987457	0,136963
-4,961960	6,946762	0,405106
-5,092438	6,947952	0,588272
-5,238480	6,883316	0,724731
-5,416855	6,816284	0,753464
-5,348618	6,663040	0,612213
-5,291153	6,592422	0,141754
-5,324677	6,598404	0,004089
-5,380936	6,526581	-0,006683
-5,437210	6,388916	0,019653
-5,556915	6,414047	-0,150345
-5,465942	6,451157	-0,168304
-5,388123	6,435593	-0,349060
-5,437210	6,384125	-0,847061
-5,483887	6,289551	-1,068512
-5,619171	6,199768	-1,330688
-5,752045	6,150696	-1,419266
-5,786758	6,105194	-0,879379
-5,781967	6,075272	-0,319138
-5,883728	6,087250	-0,353851
-6,115967	6,036957	-0,678268
-6,194977	5,916061	-0,558548
-6,442764	5,923233	-0,642349
-6,633102	5,947174	-0,651932
-6,755219	5,881348	-0,636368
-6,862946	5,797546	-0,656723
-6,925201	5,764023	-0,625595
-6,932388	5,718536	-0,554962
-6,878510	5,686218	-0,592072
-6,880905	5,689804	-0,768051
-7,036530	5,647903	-1,147522
-7,139481	5,657486	-1,365402
-7,152649	5,572495	-1,360611
-7,145462	5,518616	-1,159500
-7,117935	5,501862	-1,009857
-7,257996	5,515030	-1,245697
-7,526138	5,446793	-1,554535
-7,690155	5,303146	-1,665878
-7,936752	5,264832	-1,650314
-7,965485	5,227722	-1,416870
-7,872101	5,111603	-1,149918
-7,740433	5,069702	-1,045776
-7,576431	5,017029	-1,032608
-7,381302	4,893738	-1,040985
-7,319046	4,842255	-1,057739
-7,395660	4,827896	-1,179855
-7,454315	4,796768	-1,207382
-7,483047	4,757263	-1,031403
-7,453125	4,727341	-0,841064
-7,425583	4,698608	-0,817123
-7,313065	4,699799	-1,020630
-7,275955	4,691422	-1,395325
-7,376511	4,671066	-1,753265
-7,528534	4,627975	-1,805939
-7,711700	4,630371	-1,724533
-7,911606	4,668671	-1,532990
-8,052872	4,681839	-1,404907
-8,076813	4,641144	-1,310333
-8,127090	4,559738	-1,176254
-8,213287	4,527420	-1,291183
-8,220459	4,501083	-1,340256
-8,198914	4,467560	-1,212173
-8,165390	4,434052	-1,021835
-8,055267	4,364609	-0,897339
-7,993011	4,328705	-0,994293
-8,031326	4,315536	-1,111618
-8,038498	4,242508	-1,103241
-8,007385	4,219772	-0,991898
-7,912811	4,132370	-0,929657
-7,823029	4,139557	-0,945221
-7,730850	4,129990	-0,958389
-7,716492	4,074921	-0,910507
-7,781128	4,086884	-1,012253
-7,868515	4,042587	-1,086472
-7,922379	4,003082	-0,987122
-8,027725	4,017456	-0,963181
-8,142654	3,977951	-1,025421
-8,261169	3,961197	-1,057739
-8,300674	3,940842	-1,102036
-8,395248	3,949219	-1,200195
-8,401230	3,930069	-1,311523
-8,336578	3,875000	-1,212173
-8,336578	3,851059	-1,109222
-8,355743	3,776840	-1,145126
-8,386856	3,762466	-1,191818
-8,401230	3,780426	-1,166687
-8,409607	3,749298	-1,181046
-8,415588	3,798386	-1,218155
-8,412003	3,764862	-1,327087
-8,356934	3,695435	-1,337860
-8,426361	3,675079	-1,479126
-8,334183	3,603256	-1,525818
-8,136673	3,576920	-1,439621
-8,052872	3,575729	-1,425262
-8,016953	3,501511	-1,483917
-8,045685	3,482346	-1,592850
-8,213287	3,460800	-1,578491
-8,395248	3,465591	-1,562927
-8,541290	3,422501	-1,473145
-8,737610	3,429672	-1,426453
-8,890839	3,462006	-1,556931
-9,014145	3,488342	-1,740097
-8,965057	3,483551	-1,803543
-8,904007	3,397354	-1,712555
-8,850143	3,315948	-1,692215
-8,813034	3,321945	-1,747269
-8,745987	3,311172	-1,847824
-8,668182	3,274048	-1,853821
-8,699310	3,238144	-1,871780
-8,798660	3,264481	-1,823883
-8,836975	3,227371	-1,639542
-8,836975	3,197433	-1,450394
-8,884857	3,196243	-1,437225
-8,900421	3,155548	-1,468353
-8,871689	3,064560	-1,534195
-8,870483	3,034637	-1,416870
-8,839371	3,070541	-1,278015
-8,868103	3,023865	-1,195404
-8,863312	3,058578	-1,184631
-8,880066	3,010696	-1,098450
-8,832184	2,942459	-1,279205
-8,699310	2,865845	-1,450394
-8,688538	2,850281	-1,353424
-8,862106	2,930481	-1,267242
-8,968658	2,926895	-1,133163
-8,941116	2,869431	-0,896133
-8,949493	2,831131	-0,686646
-8,998581	2,837112	-0,690231
-9,033295	2,822754	-0,862625
-9,091949	2,740143	-0,973953
-9,020126	2,715012	-1,054153
-8,969849	2,758102	-1,118790
-8,978226	2,746140	-1,124786
-9,020126	2,725784	-1,245697
-9,097946	2,713806	-1,306747
-9,090759	2,712616	-1,377365
-9,035690	2,687469	-1,479126
-9,028503	2,717407	-1,323502
-9,107513	2,630020	-1,555740
-9,088364	2,621628	-1,708969
-9,057236	2,691071	-1,586868
-9,004562	2,665924	-1,449203
-9,006958	2,665924	-1,371384
-9,108719	2,692261	-1,403702
-9,173355	2,682693	-1,402512
-9,175751	2,671921	-1,324692
-9,130264	2,697052	-1,364197
-9,141037	2,709030	-1,515045
-9,154205	2,693466	-1,622772
-9,112305	2,682693	-1,571304
-9,158997	2,734161	-1,475540
-9,181732	2,740143	-1,416870
-9,138641	2,736557	-1,368988
-9,022522	2,704239	-1,382156
-8,853729	2,712616	-1,444412
-8,751984	2,735367	-1,547363
-8,753174	2,748535	-1,627563
-8,790283	2,723389	-1,723328
-8,869293	2,779648	-1,761642
-8,948303	2,832321	-1,679047
-9,039276	2,863449	-1,602432
-9,120682	2,889786	-1,645523
-9,167374	2,884995	-1,576096
-9,130264	2,875427	-1,518631
-9,094345	2,857468	-1,377365
-9,072800	2,924500	-1,426453
-9,029709	2,926895	-1,574890
-8,973434	2,898163	-1,623978
-8,986603	2,929291	-1,602432
-8,893234	2,919708	-1,561722
-8,866898	2,969986	-1,524612
-8,902817	2,997528	-1,531799
-8,906403	3,004715	-1,544968
-8,876480	3,016678	-1,470749
-8,836975	2,991547	-1,438416
-8,748383	3,008301	-1,480316
-8,737610	3,059769	-1,555740
-8,749588	3,032242	-1,635941
-8,702896	2,983154	-1,511444
-8,701706	3,044205	-1,406097
-8,716064	3,057373	-1,336670
-8,778320	3,019073	-1,351028
-8,792679	3,027451	-1,376175
-8,779510	3,075333	-1,325897
-8,789093	3,123215	-1,269638
-8,864502	3,100479	-1,260056
-8,895630	3,108856	-1,266037
-8,840561	3,107651	-1,216965
-8,797470	3,108856	-1,196609
-8,702896	3,093292	-1,291183
-8,690918	3,072937	-1,453979
-8,737610	3,094498	-1,476730
-8,726837	3,087311	-1,328293
-8,734024	3,062164	-1,224136
-8,737610	3,037033	-1,177460
-8,726837	3,071747	-1,155914
-8,726837	3,053787	-1,139145
-8,689728	3,048996	-1,114014
-8,678955	3,002319	-0,987122
-8,742401	2,991547	-1,018234
-8,832184	2,997528	-1,096054
-8,840561	3,044205	-1,142746
-8,860916	3,001114	-1,146332
-8,811829	3,029846	-1,224136
-8,810638	2,980759	-1,203796
-8,820206	2,962814	-1,228928
-8,901611	2,950836	-1,239700
-8,884857	2,941254	-1,295975
-8,787888	2,906540	-1,303146
-8,839371	2,896973	-1,359421
-8,951889	2,958023	-1,452789
-8,936325	2,947250	-1,416870
-8,906403	2,911331	-1,286392
-8,911194	2,912537	-1,343857
-8,909988	2,926895	-1,440811
-8,841766	2,883804	-1,392929
-8,795074	2,880203	-1,342651
-8,717255	2,901764	-1,388138
-8,718460	2,923309	-1,463562
-8,702896	2,868240	-1,486313
-8,725647	2,870636	-1,400116
-8,749588	2,894577	-1,288788
-8,786697	2,868240	-1,238510
-8,882462	2,864639	-1,256470
-8,871689	2,868240	-1,281601
-8,819016	2,876617	-1,179855
-8,769928	2,890976	-1,063736
-8,756760	2,917313	-1,140350
-8,755569	2,869431	-1,272034
-8,748383	2,831131	-1,307938
-8,741196	2,875427	-1,248077
-8,763947	2,884995	-1,370193
-8,832184	2,869431	-1,530594
-8,868103	2,875427	-1,731720
-8,880066	2,928101	-1,755661
-8,959076	2,949646	-1,730515
-9,054840	2,932877	-1,701782
-9,149414	2,953232	-1,687424
-9,209274	2,961609	-1,638336
-9,202087	2,949646	-1,645523
-9,085968	2,919708	-1,610809
-9,008163	2,899368	-1,631149
-8,886047	2,902954	-1,747269
-8,713669	2,888596	-1,714951
-8,684937	2,879013	-1,659882
-8,682541	2,870636	-1,692215
-8,786697	2,881409	-1,765228
-8,872879	2,870636	-1,740097
-8,917175	2,882599	-1,548553
-8,923157	2,906540	-1,458771
-8,943512	2,904144	-1,561722
-8,961472	2,883804	-1,610809
-8,948303	2,908936	-1,639542
-8,959076	2,894577	-1,598831
-9,005768	2,926895	-1,677841
-9,044067	2,895767	-1,747269
-9,050049	2,887390	-1,649109
-9,096741	2,889786	-1,522217
-9,062027	2,907745	-1,408493
-9,032104	2,908936	-1,303146
-9,044067	2,876617	-1,270828
-8,967453	2,797607	-1,224136
-8,917175	2,767685	-1,169083
-8,865707	2,862259	-1,103241
-8,771133	2,861053	-1,133163
-8,768738	2,841904	-1,119995
-8,769928	2,811981	-1,139145
-8,716064	2,817963	-1,240906
-8,787888	2,814362	-1,371384
-8,823807	2,815567	-1,491089
-8,882462	2,829926	-1,486313
-8,917175	2,856262	-1,474335
-8,863312	2,886200	-1,455185
-8,777115	2,855072	-1,451584
-8,773529	2,856262	-1,610809
-8,763947	2,876617	-1,728119
-8,775925	2,857468	-1,650314
-8,862106	2,856262	-1,597641
-8,906403	2,834717	-1,568909
-8,971054	2,849091	-1,507858
-8,920761	2,850281	-1,402512
-8,859711	2,846695	-1,245697
-8,819016	2,870636	-1,214569
-8,753174	2,819153	-1,255264
-8,686142	2,779648	-1,282806
-8,676559	2,805984	-1,301956
-8,672974	2,858658	-1,394135
-8,676559	2,861053	-1,473145
-8,632263	2,840698	-1,457581
-8,610718	2,845490	-1,438416
-8,681351	2,874222	-1,480316
-8,740005	2,892181	-1,470749
-8,771133	2,929291	-1,433640
-8,763947	2,919708	-1,363007
-8,723251	2,922104	-1,291183
-8,702896	2,956818	-1,351028
-8,659805	2,958023	-1,430038
-8,716064	2,946045	-1,481522
-8,829788	2,936478	-1,458771
-8,911194	3,010696	-1,437225
-8,975830	3,011887	-1,403702
-9,014145	2,966400	-1,452789
-8,959076	2,958023	-1,470749
-8,925552	2,975983	-1,397720
-8,841766	3,010696	-1,462372
-8,780701	3,009491	-1,644318
-8,740005	2,974777	-1,777206
-8,668182	2,966400	-1,740097
-8,640640	2,992737	-1,777206
-8,694519	2,978378	-1,798752
-8,772324	2,944855	-1,798752
-8,821411	2,896973	-1,802338
-8,905212	3,002319	-1,707764
-8,954285	3,069351	-1,637146
-8,985413	2,969986	-1,603622
-9,059631	2,937668	-1,722137
-9,095551	2,938873	-1,704178
-9,069214	2,959213	-1,555740
-9,040482	2,911331	-1,419266
-8,931549	2,881409	-1,422867
-8,869293	2,908936	-1,469543
-8,860916	2,837112	-1,501877
-8,853729	2,798813	-1,538986
-8,889648	2,779648	-1,560532
-8,953094	2,794022	-1,547363
-8,990204	2,823944	-1,517426
-8,996185	2,822754	-1,572495
-9,033295	2,782043	-1,543762
-9,056046	2,813171	-1,458771
-9,040482	2,837112	-1,388138
-9,045273	2,802399	-1,330688
-9,009354	2,801193	-1,368988
-9,027313	2,852676	-1,481522
-9,041672	2,819153	-1,602432
-8,978226	2,756912	-1,573700
-8,933929	2,791626	-1,445602
-8,975830	2,813171	-1,410889
-8,993790	2,808380	-1,382156
-9,003372	2,768875	-1,400116
-8,932739	2,738953	-1,352234
-8,864502	2,755707	-1,310333
-8,862106	2,761703	-1,347443
-8,852539	2,760498	-1,446808
-8,883652	2,765289	-1,525818
-8,900421	2,777252	-1,511444
-8,906403	2,765289	-1,473145
-8,935135	2,795212	-1,442017
-8,915985	2,773666	-1,421661
-8,937531	2,782043	-1,378571
-8,977036	2,784439	-1,422867
-8,875275	2,759308	-1,194214
-9,111115	2,929291	-1,311523
-9,121887	2,713806	-1,651505
-9,050049	2,610855	-1,515045
-9,054840	2,736557	-1,313919
-9,057236	2,852676	-1,279205
-9,202087	2,867035	-1,482712
-9,212860	2,780853	-1,585663
-9,118286	2,813171	-1,567703
-9,084778	2,855072	-1,625168
-8,998581	2,877808	-1,711365
-8,904007	2,838318	-1,730515
-8,851334	2,840698	-1,638336
-8,881271	2,877808	-1,717346
-8,807037	2,832321	-1,663483
-8,814224	2,858658	-1,558136
-8,820206	2,910141	-1,562927
-8,839371	2,886200	-1,548553
-8,884857	2,946045	-1,517426
-8,918381	2,996323	-1,589264
-8,930344	2,989151	-1,606018
-8,920761	3,008301	-1,561722
-8,911194	3,039429	-1,571304
-8,930344	3,076538	-1,718552
-8,955490	3,102875	-1,795166
-8,931549	3,151947	-1,783188
-8,865707	3,139984	-1,707764
-8,826202	3,154343	-1,661087
-8,781906	3,159134	-1,704178
-8,719650	3,180679	-1,764038
-8,668182	3,205826	-1,798752
-8,640640	3,212997	-1,718552
-8,635864	3,216599	-1,525818
-8,651413	3,257294	-1,408493
-8,708878	3,257294	-1,427643
-8,734024	3,311172	-1,485107
-8,749588	3,278839	-1,400116
-8,745987	3,307571	-1,313919
-8,778320	3,420105	-1,267242
-8,829788	3,369827	-1,079300
-8,853729	3,380600	-1,024231
-8,805847	3,471573	-1,064926
-8,787888	3,482346	-1,097244
-8,740005	3,466782	-1,165482
-8,620300	3,506287	-1,285187
-8,485031	3,503891	-1,348648
-8,403625	3,523056	-1,489899
-8,349747	3,631989	-1,591660
-8,379684	3,532623	-1,379761
-8,403625	3,514679	-1,372589
-8,482635	3,603256	-1,383362
-8,567627	3,652344	-1,309143
-8,570023	3,669098	-1,191818
-8,598755	3,685852	-1,293579
-8,596359	3,653534	-1,390533
-8,639450	3,661911	-1,388138
-8,674164	3,724167	-1,303146
-8,678955	3,804367	-1,285187
-8,672974	3,806763	-1,310333
-8,646637	3,798386	-1,364197
-8,536499	3,779236	-1,304352
-8,441925	3,841476	-1,230133
-8,295883	3,870209	-1,181046
-8,232437	3,898941	-1,195404
-8,171387	3,932465	-1,286392
-8,133072	3,983932	-1,364197
-8,151031	4,011475	-1,333084
-8,168991	4,049774	-1,233719
-8,216873	4,071320	-1,203796
-8,225250	4,119202	-1,264847
-8,253983	4,163498	-1,254074
-8,258774	4,204208	-1,309143
-8,227646	4,261658	-1,276810
-8,285110	4,297577	-1,286392
-8,299469	4,297577	-1,317520
-8,275528	4,334686	-1,251678
-8,346161	4,355042	-1,134354
-8,382080	4,386169	-1,099640
-8,243210	4,408905	-1,163086
-8,093567	4,425659	-1,281601
-7,960693	4,483124	-1,385757
-7,864929	4,468765	-1,442017
-7,821823	4,481934	-1,511444
-7,863724	4,560944	-1,525818
-7,857742	4,576508	-1,482712
-7,888870	4,601639	-1,333084
-7,960693	4,621994	-1,268433
-7,969070	4,681839	-1,212173
-7,982239	4,712967	-1,187027
-7,960693	4,721344	-1,169083
-7,906830	4,695007	-1,123581
-7,900833	4,726135	-1,082886
-7,933167	4,848236	-0,993103
-7,911606	4,918869	-1,020630
-7,885269	4,894928	-1,155914
-7,903229	4,904510	-1,261246
-7,875702	4,994293	-1,268433
-7,712891	5,050552	-0,989517
-7,766769	5,181030	-1,225342
-7,563263	5,020630	-1,444412
-7,457916	5,155899	-1,525818
-7,372910	5,276810	-1,497086
-7,267578	5,266037	-1,497086
-7,278351	5,283981	-1,625168
-7,354965	5,279205	-1,543762
-7,346588	5,386932	-1,312729
-7,356155	5,439606	-1,143936
-7,359741	5,379761	-1,005066
-7,304688	5,442001	-1,021835
-7,199341	5,491089	-0,987122
-7,102371	5,555725	-0,935638
-7,053284	5,602417	-0,924866
-6,985062	5,633545	-0,894943
-6,919220	5,639526	-0,839874
-6,900055	5,717331	-0,741714
-6,909637	5,780777	-0,720169
-6,761200	5,803528	-0,631577
-6,771973	5,906479	-0,806351
-6,592407	5,811905	-0,720169
-6,441574	5,966339	-0,728546
-6,525375	6,148300	-0,849457
-6,467911	6,162659	-0,873398
-6,368546	6,196182	-0,964371
-6,265594	6,268005	-0,948807
-6,177017	6,320679	-0,871002
-6,107574	6,331451	-0,781219
-6,066879	6,380539	-0,850647
-6,078857	6,398483	-0,856628
-6,126740	6,412857	-0,736923
-6,230881	6,476303	-0,532211
-6,305099	6,506226	-0,438843
-6,390091	6,499039	-0,376602
-6,325455	6,503830	-0,298782
-6,208145	6,557709	-0,201813
-6,119553	6,605591	-0,241318
-5,953156	6,593613	-0,355042
-5,900482	6,600800	-0,467575
-5,883728	6,665436	-0,455597
-5,785568	6,663040	-0,368210
-5,693390	6,636719	-0,164703
-5,689789	6,700165	-0,071335
-5,724503	6,785156	-0,228149
-5,797531	6,854584	-0,519043
-5,783173	6,878525	-0,637558
-5,717331	6,925217	-0,588486
-5,650284	6,988663	-0,584885
-5,568893	7,061676	-0,698608
-5,489883	7,084427	-0,829102
-5,453964	7,139496	-0,853043
-5,358200	7,199356	-0,783615
-5,280380	7,229279	-0,710587
-5,222931	7,214905	-0,690231
-5,206161	7,214905	-0,656723
-5,171448	7,248428	-0,553772
-5,070892	7,283142	-0,466370
-4,969131	7,256805	-0,468765
-4,878159	7,248428	-0,484329
-4,808731	7,291519	-0,428070
-4,783585	7,356171	-0,381378
-4,762039	7,389694	-0,369415
-4,745285	7,400467	-0,369415
-4,799149	7,455536	-0,368210
-4,821899	7,511795	-0,349060
-4,784790	7,533340	-0,373001
-4,791962	7,538132	-0,358643
-4,602829	7,485458	-0,198227
-4,483109	7,497421	0,028030
-4,383759	7,553696	0,128586
-4,234116	7,501022	0,297379
-4,048569	7,460312	0,522430
-3,979141	7,471085	0,719955
-3,829498	7,432785	0,912689
-3,705002	7,490250	1,179642
-3,836685	7,643478	1,074295
-3,728943	7,490250	1,359207
-3,731339	7,625519	1,599823
-3,770844	7,844589	1,328079
-3,673874	7,849380	1,278992
-3,602051	7,867325	1,164078
-3,430862	7,985840	0,906693
-3,314743	8,031342	0,678055
-3,250107	8,037323	0,575104
-3,198624	8,025345	0,535599
-3,163910	8,072037	0,572708
-3,069336	8,116333	0,618195
-2,983154	8,117523	0,681641
-2,959213	8,137878	0,660095
-2,935257	8,129501	0,597839
-2,851471	8,060059	0,684036
-2,765274	8,062454	0,862411
-2,706619	8,084000	1,070694
-2,803589	8,183365	0,943802
-2,778442	8,143860	1,244278
-2,802383	8,200119	1,494476
-2,855057	8,341385	1,618973
-2,737747	8,341385	1,550735
-2,601273	8,334198	1,375961
-2,384598	8,317444	1,331665
-2,276855	8,385681	1,210754
-2,118835	8,419189	1,378357
-1,930893	8,511368	1,609390
-1,831543	8,609528	1,665665
-1,781265	8,586792	1,708755
-1,772873	8,550873	1,769806
-1,710632	8,564041	1,943390
-1,586136	8,576019	2,060699
-1,440079	8,596359	2,065491
-1,426910	8,649033	2,132523
-1,304810	8,722061	2,353989
-1,399384	8,850143	2,361176
-1,260513	8,821426	2,394699
-1,116867	8,838181	2,307312
-1,049835	8,884872	2,125351
-1,047440	8,866913	1,955353
-1,113281	8,839371	2,006836
-1,225800	8,858536	2,047531
-1,259323	8,833389	2,075073
-1,131226	8,819031	2,125351
-0,958847	8,813034	2,042740
-0,757736	8,741211	1,866776
-0,560211	8,714874	1,852402
-0,427338	8,663406	1,964935
-0,368683	8,699310	2,069077
-0,481201	8,795090	2,054718
-0,644012	8,784317	2,137314
-0,681122	8,798676	2,452148
-0,673935	8,754379	2,705933
-0,651199	8,671783	2,792130
-0,550644	8,626297	2,755020
-0,493179	8,573624	3,120132
-0,317200	8,526932	3,462509
-0,228622	8,470673	3,528351
0,002426	8,318634	3,695938
0,283737	8,257584	3,845581
0,508789	8,304276	4,002396
0,691956	8,275543	4,011978
0,755402	8,237228	3,889877
0,742233	8,196533	3,807266
0,707520	8,210892	3,972473
0,652451	8,261185	4,264572
0,545898	8,311462	4,359131
0,409439	8,313843	4,196335
0,275360	8,283920	4,128098
0,165222	8,292297	4,247803
0,154449	8,294693	4,444138
0,237061	8,287506	4,563843
0,450134	8,216888	4,582993
0,812866	8,137878	4,457306
1,009186	8,093582	4,100555
1,192337	8,060059	3,788116
1,344376	8,012177	3,820435
1,377884	7,933167	4,055069
1,358734	7,856552	4,377090
1,268951	7,777542	4,682358
1,130096	7,791916	4,995987
0,969681	7,748825	5,121689
0,773361	7,645874	5,162384
0,782928	7,618332	5,253372
0,757797	7,714096	5,301254
0,755402	7,639877	5,367096
0,960098	7,517776	5,442520
1,133682	7,600372	5,650803
1,320435	7,642273	5,889038
1,531113	7,623123	5,959656
1,650833	7,650650	5,975220
1,715469	7,673401	5,947693
1,628082	7,692551	5,849533
1,557449	7,636292	5,689117
1,537109	7,669815	5,620880
1,581390	7,661423	5,625671
1,642456	7,614746	5,584961
1,686737	7,608765	5,460464
1,833984	7,524963	5,480820
1,971649	7,535736	5,563416
1,993195	7,528549	5,437729
2,051865	7,418411	5,379059
2,124878	7,389694	5,477234
2,153610	7,375320	5,569412
2,164383	7,386093	5,563416
2,135651	7,291519	5,526306
2,093750	7,224487	5,616089
2,110519	7,196960	5,825592
2,170364	7,074844	6,024307
2,041077	7,144287	6,232605
1,850739	7,155060	6,280487
1,733429	7,017395	6,212250
1,719070	6,969513	6,433716
1,750183	7,110764	6,765305
1,959686	6,985062	6,861084
2,053055	6,818665	6,760513
2,093750	6,818665	6,834747
2,231430	6,830643	7,104095
2,394226	6,749237	7,351883
2,584564	6,648682	7,300415
2,759338	6,540939	7,239365
2,749771	6,525375	7,292038
2,685120	6,469116	7,408157
2,649216	6,448761	7,508713
2,523514	6,429611	7,438080
2,260147	6,426025	7,208237
2,065033	6,411652	7,023880
2,005173	6,345810	7,110077
2,015945	6,218918	7,390198
2,059036	6,114777	7,551804
2,068619	6,035767	7,636795
2,150024	5,917252	7,699051
2,242203	5,805923	7,906143
2,299652	5,726913	8,305984
2,407394	5,664673	8,851852
2,419373	5,651505	9,052963
2,223038	5,680222	8,904526
2,096146	5,663467	8,842285
2,182343	5,576080	8,912903
2,208679	5,541367	8,866226
2,291275	5,542557	8,656723
2,298462	5,481506	8,583710
2,281708	5,501862	8,521454
2,322403	5,517426	8,569336
2,366699	5,523407	8,552582
2,446899	5,459961	8,369431
2,473236	5,430038	8,286819
2,360718	5,437210	8,213806
2,218262	5,382156	8,128799
2,201492	5,294754	7,928894
2,248184	5,231308	7,909744
2,400208	5,096039	8,180283
2,523514	5,079285	8,288025
2,553436	4,996689	8,188660
2,486404	4,809937	8,060577
2,287689	4,757263	8,097687
2,128479	4,753677	8,365829
2,047073	4,599243	8,729752
1,908203	4,557343	9,099655
1,636459	4,558548	9,125992
1,622101	4,340668	9,274429
1,595764	4,311935	9,224152
1,669983	4,311935	9,220566
1,812439	4,163498	8,898544
1,893845	4,088089	8,899734
2,126083	3,985138	9,257675
2,108124	4,005478	9,172684
2,161987	3,959991	8,996704
2,031509	3,907318	8,778839
1,927353	3,798386	9,073318
1,819626	3,816345	9,287598
1,635269	3,713394	9,160706
1,359940	3,496719	8,236542
0,810471	3,464401	7,047821
0,144882	3,403336	6,715027
0,015594	3,209412	7,821152
0,258606	3,072937	9,367813
0,484848	3,033432	10,315903
0,537521	2,893372	10,811508
0,703918	2,784439	11,302322
0,683578	2,750916	11,441177
0,662018	2,609665	11,278381
0,571045	2,590515	10,951569
0,458511	2,586914	10,608002
0,399857	2,481567	10,142334
0,347183	2,445663	9,785599
0,354370	2,431290	9,793976
0,338806	2,352295	9,923264
0,350784	2,219406	9,987900
0,344788	2,096115	10,200989
0,261002	2,093719	10,361404
0,141281	2,169128	10,494278
0,146072	2,142792	10,687012
0,153259	2,066177	10,645111
0,302887	2,057800	10,548141
0,488449	2,049423	10,470337
0,598572	2,076950	10,256058
0,563858	2,088928	10,166275
0,505203	2,064987	10,326691
0,448944	2,011108	10,366196
0,444153	2,005127	10,302750
0,440567	1,975204	10,223740
0,460907	2,017105	10,311127
0,527954	1,989563	10,408081
0,681183	1,956055	10,359009
0,648849	2,053009	10,118393
0,763779	2,008713	10,178238
0,772156	2,023087	10,088455
0,707520	2,014709	9,940018
0,636887	1,994354	9,932831
0,629700	1,985977	10,087265
0,651245	1,975204	10,245285
0,751801	1,963226	10,409286
0,794907	1,946472	10,412872
0,743423	1,920135	10,226120
0,701523	1,903381	10,104019
0,575836	1,896194	10,057343
0,575836	1,826767	10,013046
0,600967	1,820770	9,995087
0,749405	1,738174	10,168671
0,821243	1,716629	10,378159
0,683578	1,708252	10,323090
0,584213	1,707047	10,411682
0,498016	1,772888	10,621170
0,383102	1,711838	10,523010
0,403458	1,574173	10,466751
0,362747	1,516708	10,460754
0,398666	1,504745	10,568497
0,486053	1,531082	10,805527
0,635681	1,464035	10,675034
0,626114	1,413757	10,408081
0,628510	1,424530	10,283585
0,559067	1,446075	10,275208
0,489639	1,401794	10,139938
0,347183	1,301239	10,031006
0,227478	1,223419	10,045364
0,209518	1,192291	10,174652
0,171219	1,192291	10,311127
0,102982	1,176727	10,287186
0,120941	1,065399	10,266830
0,085022	0,916962	10,275208
-0,010742	1,000763	10,465546
0,052704	1,012726	10,563705
-0,021515	0,928940	10,396118
-0,311218	1,022308	10,257248
-0,330368	0,851120	10,350632
-0,421356	0,776901	10,423645
-0,350723	0,834366	10,687012
-0,144821	0,774506	10,700180
-0,045456	0,697891	10,579269
-0,035889	0,735001	10,574478
-0,111298	0,810425	10,405685
-0,123276	0,755356	10,253662
-0,086166	0,724228	10,257248
-0,087357	0,738602	10,177048
-0,180740	0,720642	10,166275
-0,284882	0,681137	10,229721
-0,286087	0,666763	10,299149
-0,355515	0,713455	10,247681
-0,320801	0,742188	10,315903
-0,095734	0,632050	10,470337
0,119736	0,627258	10,448792
0,189163	0,699097	10,224930
0,265778	0,697891	10,071701
0,229874	0,715851	10,101624
0,128113	0,737396	10,058533
-0,002365	0,767319	9,948395
-0,090958	0,727829	9,904114
0,026367	0,720642	10,137543
0,227478	0,762543	10,519424
0,290924	0,799652	10,648697
0,294510	0,774506	10,594833
0,153259	0,840347	10,403305
0,026367	0,914566	10,113602
-0,005951	0,885834	9,870590
0,039536	0,791275	9,740097
0,146072	0,773315	9,781998
0,244232	0,794861	9,821503
0,326843	0,749374	9,914886
0,307678	0,708664	9,935226
0,234665	0,659592	9,920868
0,177200	0,617691	9,935226
0,044327	0,612900	9,840668
-0,065811	0,533890	9,722153
-0,118484	0,523117	9,685043
-0,004761	0,453690	9,797562
0,074249	0,424957	9,924454
-0,107712	0,435730	9,853836
-0,220245	0,421371	9,711380
-0,313614	0,379471	9,705383
-0,442902	0,349533	9,646729
-0,562607	0,398621	9,415695
-0,594925	0,393829	9,321121
-0,580566	0,311234	9,418091
-0,645203	0,308838	9,476746
-0,749359	0,330383	9,407318
-0,755341	0,287292	9,473145
-0,651199	0,254974	9,595261
-0,524307	0,205887	9,726944
-0,493179	0,240601	9,731720
-0,584152	0,275314	9,892136
-0,664368	0,304047	9,941223
-0,733795	0,304047	9,872986
-0,804428	0,296860	9,653915
-0,769714	0,274124	9,700607
-0,570984	0,214264	9,989105
-0,325577	0,266937	10,003464
-0,162781	0,347137	9,882553
-0,174744	0,371078	9,738907
-0,307632	0,378265	9,614410
-0,441696	0,301651	9,477936
-0,638031	0,386642	9,329498
-0,533875	0,367493	9,456390
-0,351913	0,460861	9,712570
-0,319595	0,506363	9,823898
-0,292068	0,453690	9,862213
-0,367477	0,519531	10,028610
-0,485992	0,616486	10,153107
-0,537476	0,563812	10,057343
-0,580566	0,557831	9,947205
-0,490784	0,561432	9,907700
-0,308823	0,588959	9,882553
-0,086166	0,527908	9,931641
0,099380	0,469254	10,053741
0,162827	0,542267	10,057343
0,136490	0,648819	9,986710
0,099380	0,620087	9,828690
0,086212	0,573395	9,706589
0,079041	0,494385	9,659897
0,076645	0,525513	9,704193
