0,420212	1,193497	9,494705
0,439362	1,186310	9,556946
0,422607	1,247360	9,527023
0,422607	1,268906	9,504272
0,457321	1,258133	9,469559
0,506393	1,255737	9,510254
0,543518	1,210251	9,571320
0,616531	1,185120	9,729324
0,609344	1,209061	9,844254
0,580627	1,222229	9,857422
0,530350	1,235397	9,728134
0,453735	1,231796	9,507874
0,448944	1,223419	9,452805
0,381897	1,308411	9,386963
0,349579	1,280884	9,272034
0,374725	1,140823	9,285202
0,447739	1,149200	9,341476
0,550690	1,206665	9,523422
0,623718	1,198288	9,750885
0,644073	1,174347	9,761658
0,641678	1,113281	9,645538
0,556686	1,092941	9,488708
0,504013	1,162369	9,374985
0,454926	1,189896	9,272034
0,442947	1,205460	9,230133
0,434570	1,169556	9,245697
0,459717	1,103714	9,298370
0,392670	1,140823	9,400131
0,415421	1,153992	9,497086
0,489639	1,128845	9,559341
0,537521	1,100113	9,607224
0,538727	1,028290	9,738907
0,504013	1,030685	9,768829
0,476471	1,089340	9,731720
0,483658	1,034286	9,736511
0,489639	1,016327	9,738907
0,515976	1,084564	9,724548
0,553085	1,092941	9,682648
0,590195	1,051041	9,621597
0,622513	1,067795	9,597656
0,560272	1,072586	9,644333
0,565063	1,049835	9,606033
0,597382	1,095337	9,568924
0,621323	1,120468	9,590469
0,584213	1,085754	9,620392
0,573441	1,073776	9,586868
0,543518	1,119278	9,604828
0,513580	1,132446	9,677856
0,539917	1,142014	9,764053
0,563858	1,102509	9,810730
0,548294	1,016327	9,831085
0,548294	1,029495	9,837067
0,585403	1,065399	9,846649
0,647659	1,055832	9,908890
0,666809	1,036667	9,918472
0,660828	1,061813	9,833481
0,652451	1,100113	9,718552
0,694351	1,070190	9,644333
0,744629	1,080963	9,586868
0,724274	1,096527	9,544983
0,726669	1,131241	9,543777
0,787720	1,127655	9,555756
0,854752	1,132446	9,625183
0,883484	1,106110	9,601242
0,921799	1,097733	9,594055
0,891861	1,114487	9,552155
0,870316	1,126450	9,571320
0,841583	1,131241	9,580887
0,889481	1,074982	9,564133
0,878693	1,126450	9,669479
0,917007	1,114487	9,756866
0,997208	1,083359	9,813126
1,036713	1,113281	9,859818
1,033127	1,112091	9,922058
0,962494	1,161179	9,919662
0,890671	1,146805	9,910095
0,945740	1,094131	10,003464
0,997208	1,098923	10,089661
1,007980	1,143219	10,094452
1,069031	1,156387	10,153107
1,164810	1,152786	10,296753
1,199524	1,182724	10,400909
1,247406	1,185120	10,438019
1,315643	1,181519	10,375763
1,335999	1,206665	10,293167
1,239029	1,248566	10,115997
1,150436	1,283279	9,888550
1,201920	1,277298	9,826294
1,237823	1,272507	9,925659
1,246216	1,307220	10,096848
1,270157	1,310806	10,254852
1,276138	1,261734	10,274017
1,330002	1,173141	10,250076
1,328812	1,252151	10,350632
1,327606	1,267715	10,423645
1,381485	1,200684	10,457169
1,362335	1,221024	10,532593
1,314438	1,217438	10,658279
1,224655	1,205460	10,655884
1,187546	1,186310	10,660675
1,237823	1,186310	10,661865
1,268951	1,246170	10,663071
1,223465	1,256943	10,641525
1,176773	1,255737	10,582870
1,063049	1,307220	10,542160
1,037918	1,302429	10,532593
1,055878	1,306015	10,542160
1,035522	1,304825	10,478714
1,095367	1,204269	10,532593
1,112137	1,291656	10,563705
1,183960	1,373062	10,622375
1,410217	1,377853	10,639130
1,519150	1,414963	10,534973
1,519150	1,419739	10,287186
1,553864	1,458054	10,008255
1,526337	1,566986	9,953186
1,500000	1,601700	10,022614
1,570618	1,588531	9,992691
1,655624	1,631638	9,898117
1,759766	1,655579	9,744888
1,847153	1,678314	9,785599
1,916580	1,772888	9,850235
1,946518	1,754929	9,940018
1,914185	1,736984	9,998672
1,799271	1,778870	10,046570
1,737015	1,914154	10,098038
1,765747	2,018295	9,932831
1,848358	2,061386	9,616806
1,863907	2,096115	9,416885
1,866302	2,087723	9,295975
1,877075	2,122452	9,136765
1,921371	2,163147	9,122406
1,965668	2,218216	9,341476
1,968063	2,206238	9,465973
1,880676	2,171524	9,586868
1,709488	2,228989	9,861008
1,601746	2,239761	10,044174
1,620895	2,266098	10,190216
1,624496	2,242157	10,258453
1,770538	2,218216	10,257248
1,939331	2,199066	10,388931
2,087769	2,292435	10,415268
2,159592	2,397781	10,217743
2,243393	2,433685	9,945999
2,269730	2,443268	9,759262
2,246979	2,512695	9,619202
2,211075	2,559387	9,432449
2,135651	2,637192	9,264862
2,110519	2,709030	9,238525
2,130859	2,706635	9,410904
2,153610	2,813171	9,494705
2,202698	2,828735	9,512650
2,402603	2,819153	9,643143
2,542664	2,924500	9,574905
2,574997	3,071747	9,195419
2,492386	3,083710	8,735733
2,337967	3,137589	8,442444
2,261353	3,216599	8,285629
2,179947	3,258499	8,276047
2,145233	3,281235	8,307175
2,209869	3,318344	8,485550
2,304443	3,332718	8,617218
2,390640	3,325531	8,769257
2,557037	3,272858	9,079300
2,642029	3,351868	9,176270
2,701889	3,392563	8,951218
2,712662	3,411728	8,835098
2,686325	3,488342	8,886566
2,615692	3,531433	8,958405
2,549850	3,580521	8,866226
2,573792	3,569733	8,733337
2,600128	3,627197	8,614822
2,608505	3,685852	8,520264
2,614502	3,715790	8,368225
2,770111	3,755295	8,164719
2,904190	3,793594	8,012695
2,893417	3,805573	7,871429
2,821594	3,842682	7,649963
2,673157	4,009079	7,611664
2,516327	4,112030	7,727783
2,370285	4,079697	7,816360
2,310425	4,072525	8,021072
2,328384	4,080902	8,292816
2,433731	4,127594	8,586105
2,546265	4,092865	8,660324
2,628860	4,103653	8,679474
2,687515	4,162308	8,721375
2,658783	4,201813	8,695038
2,674347	4,206604	8,654327
2,625275	4,207794	8,679474
2,486404	4,224548	8,762070
2,424164	4,278427	8,935654
2,424164	4,297577	9,169083
2,489990	4,335876	9,317535
2,541473	4,378983	9,264862
2,584564	4,392151	9,027832
2,586960	4,434052	8,662720
2,595337	4,503479	8,388580
2,579773	4,574112	8,285629
2,530701	4,633957	8,241333
2,488800	4,666290	8,253311
2,569000	4,621994	8,454422
2,651611	4,626785	8,653137
2,701889	4,740509	8,653137
2,712662	4,736908	8,521454
2,676743	4,750076	8,326324
2,634842	4,826691	8,280838
2,614502	4,870987	8,450821
2,570206	4,927246	8,660324
2,464859	4,972748	8,673492
2,437332	5,021820	8,459213
2,462463	5,054138	8,209015
2,533096	5,062531	8,133591
2,561829	5,087662	8,309570
2,543869	5,131958	8,472382
2,597733	5,198990	8,498718
2,658783	5,188217	8,532227
2,664780	5,232513	8,593277
2,619278	5,324692	8,537018
2,569000	5,365387	8,484344
2,524719	5,392929	8,534622
2,529495	5,503052	8,454422
2,551056	5,549744	8,115646
2,687515	5,591644	7,689468
2,661179	5,659882	7,403366
2,607315	5,724518	7,329147
2,545059	5,744873	7,069366
2,482819	5,799942	7,088531
2,498383	5,798737	7,278870
2,428940	5,827469	7,459625
2,321213	5,803528	7,606873
2,266144	5,786774	7,701447
2,160797	5,764023	7,812775
2,081787	5,750854	7,902557
2,086578	5,722122	8,019867
2,190720	5,729309	8,137192
2,238602	5,707764	8,058182
2,146423	5,695786	7,896576
1,934540	5,617981	7,567368
1,623291	5,559326	6,932907
1,048691	5,519821	6,220627
0,298111	5,699387	6,206268
0,222687	6,149490	7,612854
1,314438	6,269196	8,946426
2,309235	5,821487	8,644760
2,363098	5,552139	7,632004
2,245789	5,583267	7,350693
2,333176	5,612000	7,746933
2,322403	5,529388	7,982758
2,014755	5,542557	7,888184
1,551468	5,686218	7,697845
1,277328	5,759232	7,616455
1,245010	5,834656	7,561386
1,504776	5,846619	7,623627
1,822021	5,866974	7,739746
2,092560	5,975906	7,629623
2,341553	6,086044	7,305206
2,438522	6,202164	6,900589
2,450485	6,356583	6,489975
2,400208	6,472702	6,020706
2,279312	6,579254	5,623276
2,176361	6,709732	5,222244
2,088974	6,854584	4,877487
2,128479	7,025772	4,634476
2,329590	7,095200	4,337585
2,667175	7,044922	4,362732
2,808426	6,898880	4,543488
2,616882	7,473480	4,447723
2,979614	7,590805	4,773331
3,446487	7,618332	4,758972
3,450073	7,603973	4,755371
3,064606	7,528549	4,963669
2,794067	7,490250	5,189926
2,711456	7,577637	5,582581
2,521118	7,651855	5,932129
2,410995	7,637482	6,221832
2,379868	7,631500	6,352310
2,391830	7,766769	6,315201
2,511551	7,892471	6,035080
2,747375	7,972672	5,486801
2,800049	8,022949	4,829590
2,952072	8,099564	4,503983
3,232193	8,207306	4,581802
3,403381	8,324631	4,422577
3,348312	8,370117	4,005997
3,228607	8,356949	3,913818
3,099319	8,389267	4,292099
2,973633	8,419189	4,800873
2,759338	8,473068	5,218658
2,585770	8,493408	5,417374
2,444504	8,451523	5,587357
2,385849	8,416794	5,893814
2,482819	8,463486	6,199081
2,615692	8,526932	6,165558
2,659988	8,548477	5,655594
2,637238	8,619110	4,969650
2,770111	8,643051	4,486023
2,943695	8,695724	4,252594
2,968842	8,883667	4,043106
2,758148	8,990219	3,706711
2,500778	8,954300	3,406250
2,402603	8,932755	3,535538
2,390640	9,022537	3,918610
2,416977	9,096756	4,202316
2,333176	9,024933	4,229843
2,291275	9,033310	4,239426
2,267334	9,085983	4,217880
2,256561	9,107529	4,113724
2,310425	9,121887	4,150833
2,288879	9,132660	4,281326
2,165588	9,121887	4,399841
2,088974	9,102737	4,348358
2,057846	9,114716	4,225067
1,947708	9,124283	4,166397
1,921371	9,117111	4,292099
1,868698	9,144638	4,439346
1,769348	9,210480	4,373505
1,707092	9,209274	4,088593
1,600555	9,270340	3,776154
1,497604	9,291885	3,446945
1,519150	9,198502	3,442154
1,637665	9,168579	3,760590
1,594559	9,264343	3,851562
1,503586	9,227234	3,687561
1,355148	9,158997	3,517578
1,158813	9,120697	3,468491
0,979263	9,126678	3,585815
0,772156	9,068024	3,765381
0,632095	9,070419	3,844376
0,486053	9,039291	3,895859
0,478867	8,890854	4,044296
0,496826	8,871704	4,215485
0,550690	8,929153	4,423782
0,629700	8,908813	4,468079
0,551895	8,857330	4,320831
0,577026	8,772339	4,025146
0,633301	8,761566	3,790512
0,652451	8,747208	3,609756
0,499222	8,808258	3,407440
0,265778	8,761566	3,159637
0,079041	8,725647	3,060287
-0,095734	8,771149	2,965714
-0,263336	8,808258	2,828049
-0,141235	8,729248	2,721497
0,208328	8,734039	2,919022
0,798492	8,755585	3,049515
1,218674	8,795090	2,649673
1,334793	8,771149	1,902679
1,333603	8,724457	1,397507
1,355148	8,753189	1,658478
1,252197	8,839371	2,215134
0,997208	8,925568	2,529968
0,665619	8,892044	2,520386
0,372330	8,859726	2,523987
0,161636	8,899231	2,653275
0,014389	8,962677	2,951340
-0,059830	8,983032	3,098587
-0,193909	9,065628	2,855576
-0,337555	9,087173	2,427017
-0,343536	9,126678	2,112183
-0,318405	9,246399	1,901489
-0,204681	9,222443	1,692001
-0,221436	9,267944	1,557922
-0,355515	9,299057	1,441803
-0,470428	9,281113	1,437012
-0,500366	9,320618	1,732697
-0,362701	9,336166	1,992462
-0,250168	9,332581	1,938599
-0,112503	9,295471	1,771011
0,052704	9,198502	1,602219
0,087418	9,217667	1,428635
0,112549	9,265549	1,265823
-0,021515	9,266739	1,067108
-0,242981	9,285889	0,946198
-0,561417	9,328995	0,940216
-0,899002	9,317017	0,998871
-1,139618	9,271530	1,141327
-1,321579	9,266739	1,293365
-1,425720	9,242798	1,457367
-1,493958	9,246399	1,636932
-1,586136	9,176956	1,701569
-1,604095	9,115906	1,860794
-1,448471	9,052460	2,140915
-1,258133	9,088379	2,029572
-1,282074	9,107529	1,381943
-1,446075	9,062042	0,802551
-1,614868	9,112320	0,660095
-1,772873	9,143448	0,706787
-1,990753	9,091965	0,667282
-2,141586	9,107529	0,512848
-2,228973	9,097946	0,272232
-2,304398	9,052460	0,218369
-2,355865	9,042877	0,182449
-2,353470	9,022537	0,241104
-2,415726	9,017746	0,221954
-2,523468	8,973450	0,172882
-2,510300	8,887268	0,049576
-2,497131	8,859726	0,067535
-2,412125	8,795090	0,324905
-2,381012	8,687347	0,566727
-2,349884	8,587982	0,672058
-2,422897	8,568832	0,736710
-2,503113	8,477859	0,789383
-2,576141	8,394058	0,839661
-2,586914	8,354553	0,918671
-2,585709	8,344971	0,715164
-2,561768	8,335403	0,176468
-2,726974	8,301880	-0,393356
-2,881393	8,275543	-0,483139
-3,052582	8,279129	-0,307159
-3,094482	8,135483	-0,262863
-3,294388	8,131897	-0,173080
-3,460785	8,067245	-0,100067
-3,546982	7,911621	-0,073730
-3,596069	7,832611	-0,041412
-3,706192	7,739243	0,039993
-3,883362	7,660233	0,044785
-4,116806	7,595596	-0,005493
-4,327499	7,600372	-0,175476
-4,430450	7,587204	-0,371811
-4,449600	7,562073	-0,686646
-4,454391	7,542923	-1,153519
-4,449600	7,491440	-1,476730
-4,441223	7,483063	-1,566513
-4,399323	7,386093	-1,532990
-4,509445	7,365753	-1,413284
-4,593246	7,347794	-1,365402
-4,648315	7,243637	-1,322311
-4,706970	7,141891	-1,178650
-4,845840	7,127518	-0,995499
-5,001465	7,153854	-0,850647
-5,109192	7,143082	-0,806351
-5,222931	7,080841	-0,754883
-5,263626	7,026962	-0,728546
-5,232498	7,090408	-0,715378
-5,137924	7,085617	-0,780014
-4,996674	7,031754	-0,954788
-4,963150	7,013794	-1,182251
-4,965546	6,967117	-1,291183
-4,967941	6,918030	-1,304352
-5,100815	6,880920	-1,208572
-5,295944	6,848602	-1,058945
-5,373764	6,850998	-0,882965
-5,396500	6,813889	-0,850647
-5,482697	6,768387	-0,948807
-5,633530	6,819870	-1,140350
-5,704163	6,803116	-1,330688
-5,714935	6,738464	-1,397720
-5,717331	6,727692	-1,396530
-5,724503	6,698959	-1,328293
-5,777176	6,725296	-1,328293
-5,823868	6,709732	-1,361801
-5,917236	6,715714	-1,336670
-5,898087	6,703751	-1,452789
-5,899292	6,679810	-1,601227
-5,919632	6,684601	-1,723328
-5,983078	6,653473	-1,804733
-6,150681	6,712128	-1,906494
-6,259613	6,673828	-2,064514
-6,351791	6,607986	-2,155487
-6,400864	6,631927	-2,030991
-6,403259	6,686996	-1,831070
-6,295532	6,716919	-1,747269
-6,263199	6,655869	-1,839447
-6,242859	6,610382	-2,008240
-6,174622	6,603195	-2,126755
-6,096802	6,629532	-2,054932
-6,052521	6,598404	-2,063309
-6,041748	6,606781	-2,223724
-6,163849	6,617554	-2,347015
-6,294327	6,592422	-2,403290
-6,364960	6,611572	-2,120773
-6,409256	6,629532	-1,815506
-6,427200	6,568481	-1,598831
-6,373337	6,550522	-1,547363
-6,291931	6,566086	-1,657486
-6,208145	6,560104	-1,741287
-6,198563	6,552917	-1,719742
-6,259613	6,579254	-1,766434
-6,332642	6,588821	-1,789169
-6,319473	6,605591	-1,740097
-6,411652	6,619949	-1,657486
-6,522980	6,683395	-1,691010
-6,524170	6,660660	-1,756851
-6,603180	6,612762	-1,746078
-6,670212	6,675018	-1,695801
-6,642685	6,673828	-1,872971
-6,598389	6,660660	-2,033386
-6,500229	6,610382	-2,027390
-6,355377	6,613968	-1,868179
-6,236862	6,634323	-1,823883
-6,185394	6,613968	-1,889725
-6,099197	6,564880	-1,966339
-6,036957	6,513412	-2,001068
-6,008224	6,522980	-1,884949
-6,045334	6,534958	-1,768829
-6,135117	6,506226	-1,706573
-6,244049	6,513412	-1,712555
-6,327850	6,500244	-1,658691
-6,386505	6,488266	-1,529404
-6,418823	6,461929	-1,402512
-6,422424	6,427216	-1,385757
-6,461929	6,414047	-1,329483
-6,437988	6,414047	-1,209778
-6,465515	6,447571	-1,151123
-6,427200	6,404480	-1,148727
-6,352982	6,408066	-1,298355
-6,397278	6,451157	-1,494690
-6,452347	6,458344	-1,704178
-6,449951	6,415253	-1,808334
-6,536148	6,428421	-1,856216
-6,550507	6,428421	-1,889725
-6,615158	6,398483	-1,893326
-6,630707	6,339828	-1,849030
-6,738449	6,331451	-1,835861
-6,870132	6,360184	-1,930435
-6,933578	6,332642	-1,934021
-6,987457	6,273987	-1,884949
-7,000626	6,276382	-1,826279
-6,995834	6,262024	-1,726929
-7,011398	6,250046	-1,623978
-7,065262	6,273987	-1,537781
-7,132294	6,317093	-1,451584
-7,145462	6,284760	-1,452789
-7,134689	6,260818	-1,619186
-7,159836	6,293137	-1,816711
-7,092789	6,301529	-1,888535
-7,014984	6,349411	-1,858612
-7,014984	6,356583	-1,858612
-6,977875	6,362579	-1,862198
-6,856964	6,396088	-1,760437
-6,667831	6,494263	-1,700592
-6,522980	6,521790	-1,758057
-6,352982	6,542145	-1,766434
-6,278763	6,558899	-1,665878
-6,190186	6,600800	-1,560532
-6,112366	6,637909	-1,427643
-6,059692	6,649887	-1,364197
-6,092026	6,685791	-1,328293
-6,088425	6,751633	-1,319916
-6,083633	6,789948	-1,292374
-6,138702	6,852188	-1,266037
-6,182999	6,916840	-1,396530
-6,248840	6,956345	-1,656296
-6,277573	7,012604	-1,862198
-6,244049	6,998230	-2,027390
-6,278763	7,030563	-2,130341
-6,305099	7,097595	-2,300339
-6,314682	7,099991	-2,481094
-6,302704	7,089218	-2,551727
-6,299118	7,058090	-2,471527
-6,297928	7,037735	-2,432022
-6,301514	7,031754	-2,333847
-6,221298	6,992249	-2,240479
-6,167435	6,979080	-2,171051
-6,143494	6,983871	-2,050140
-6,119553	6,981476	-1,911285
-6,119553	6,964722	-1,781998
-6,163849	6,956345	-1,718552
-6,172226	6,933594	-1,671860
-6,221298	6,925217	-1,708969
-6,317078	6,933594	-1,742493
-6,288345	6,947952	-1,695801
-6,289536	6,951553	-1,688614
-6,385315	6,916840	-1,767624
-6,461929	6,918030	-1,825089
-6,487061	6,926407	-1,809525
-6,411652	6,885712	-1,831070
-6,357773	6,833038	-1,856216
-6,308701	6,850998	-1,868179
-6,211731	6,849792	-1,841843
-6,206940	6,806702	-1,765228
-6,192581	6,787552	-1,724533
-6,205750	6,774384	-1,735306
-6,199753	6,765991	-1,762833
-6,163849	6,781555	-1,801147
-6,254822	6,786346	-1,849030
-6,355377	6,777969	-1,821503
-6,435593	6,821060	-1,728119
-6,522980	6,810287	-1,693405
-6,516983	6,806702	-1,627563
-6,524170	6,819870	-1,579681
-6,527771	6,825851	-1,543762
-6,500229	6,822266	-1,476730
-6,442764	6,804306	-1,462372
-6,447556	6,780365	-1,483917
-6,479874	6,737274	-1,681427
-6,499039	6,707336	-1,713760
-6,503815	6,649887	-1,521027
-6,505020	6,677414	-1,403702
-6,542130	6,706146	-1,522217
-6,574448	6,669037	-1,802338
-6,530151	6,630722	-1,895721
-6,479874	6,676208	-1,892120
-6,443970	6,686996	-1,892120
-6,404465	6,712128	-1,932831
-6,421219	6,683395	-2,029785
-6,440369	6,661850	-1,973526
-6,481079	6,681000	-1,828674
-6,465515	6,651077	-1,644318
-6,421219	6,610382	-1,564117
-6,366150	6,609177	-1,632355
-6,400864	6,654663	-1,704178
-6,418823	6,652267	-1,638336
-6,461929	6,653473	-1,615601
-6,508606	6,702545	-1,730515
-6,557693	6,781555	-1,737701
-6,534943	6,743256	-1,638336
-6,506210	6,734879	-1,640732
-6,459534	6,798325	-1,686218
-6,402069	6,761215	-1,720932
-6,378128	6,793533	-1,754456
-6,318268	6,806702	-1,771210
-6,291931	6,782761	-1,764038
-6,325455	6,774384	-1,743683
-6,369751	6,762405	-1,718552
-6,422424	6,764801	-1,687424
-6,382919	6,776779	-1,620377
-6,290741	6,728882	-1,528198
-6,240463	6,686996	-1,480316
-6,284760	6,670227	-1,481522
-6,272781	6,667831	-1,536591
-6,241653	6,646286	-1,647919
-6,242859	6,596008	-1,657486
-6,320663	6,598404	-1,625168
-6,388901	6,616364	-1,723328
-6,461929	6,599594	-1,799942
-6,521774	6,629532	-1,798752
-6,538544	6,691772	-1,792770
-6,475098	6,692978	-1,736496
-6,408051	6,670227	-1,746078
-6,392487	6,670227	-1,860992
-6,366150	6,630722	-1,926834
-6,398483	6,675018	-1,905289
-6,464310	6,720505	-1,874161
-6,540939	6,703751	-1,923248
-6,581635	6,667831	-1,911285
-6,642685	6,686996	-1,801147
-6,698944	6,698959	-1,762833
-6,675003	6,703751	-1,724533
-6,633102	6,702545	-1,683823
-6,621140	6,691772	-1,637146
-6,564880	6,691772	-1,680237
-6,441574	6,688187	-1,783188
-6,373337	6,667831	-1,843048
-6,387695	6,690582	-1,862198
-6,402069	6,710938	-1,855011
-6,405655	6,694168	-1,833466
-6,378128	6,713333	-1,827484
-6,391296	6,742050	-1,908890
-6,399673	6,737274	-1,956772
-6,354187	6,721710	-1,945999
-6,382919	6,757614	-1,989090
-6,436783	6,794724	-2,026199
-6,422424	6,809097	-2,082458
-6,408051	6,811493	-1,991486
-6,418823	6,812683	-1,850220
-6,400864	6,854584	-1,759247
-6,398483	6,877335	-1,667068
-6,435593	6,853394	-1,656296
-6,497833	6,837830	-1,704178
-6,488266	6,853394	-1,754456
-6,460724	6,880920	-1,677841
-6,416428	6,867752	-1,528198
-6,387695	6,886902	-1,574890
-6,367355	6,912048	-1,650314
-6,240463	6,866562	-1,629959
-6,087234	6,886902	-1,592850
-6,048920	6,873734	-1,673050
-5,998642	6,867752	-1,689819
-6,054916	6,861771	-1,704178
-6,109970	6,885712	-1,752060
-6,180603	6,877335	-1,807129
-6,305099	6,848602	-1,840652
-6,386505	6,879730	-1,856216
-6,400864	6,890503	-1,871780
-6,449951	6,867752	-1,796356
-6,500229	6,835434	-1,701782
-6,501434	6,841415	-1,673050
-6,449951	6,818665	-1,640732
-6,372147	6,787552	-1,647919
-6,396088	6,810287	-1,641937
-6,439178	6,773178	-1,676651
-6,452347	6,754028	-1,649109
-6,415237	6,783951	-1,600037
-6,402069	6,755219	-1,651505
-6,386505	6,740860	-1,718552
-6,410446	6,726501	-1,639542
-6,373337	6,706146	-1,634750
-6,385315	6,710938	-1,680237
-6,460724	6,731277	-1,813110
-6,446365	6,709732	-1,822693
-6,423615	6,734879	-1,868179
-6,382919	6,716919	-1,899307
-6,393692	6,708542	-1,892120
-6,416428	6,781555	-1,887329
-6,376923	6,752823	-1,886139
-6,333832	6,708542	-1,862198
-6,361374	6,713333	-1,839447
-6,378128	6,701355	-1,810715
-6,393692	6,641495	-1,736496
-6,471497	6,615158	-1,645523
-6,534943	6,640305	-1,529404
-6,543320	6,660660	-1,483917
-6,506210	6,615158	-1,439621
-6,496643	6,591217	-1,507858
-6,445160	6,617554	-1,603622
-6,457138	6,613968	-1,754456
-6,477478	6,618759	-1,857407
-6,440369	6,628326	-1,845444
-6,433197	6,664246	-1,793961
-6,435593	6,658264	-1,820297
-6,379318	6,682205	-1,844238
-6,378128	6,714523	-1,896912
-6,402069	6,731277	-1,936417
-6,405655	6,763611	-1,949585
-6,343414	6,764801	-1,924438
-6,357773	6,762405	-1,858612
-6,342209	6,827057	-1,813110
-6,321869	6,871338	-1,869385
-6,360168	6,921616	-1,907684
-6,309891	6,938385	-1,954376
-6,250031	6,968307	-1,979507
-6,215317	6,980286	-1,983109
-6,269196	6,976685	-2,004654
-6,290741	6,959930	-2,003448
-6,226089	6,981476	-1,850220
-6,163849	6,983871	-1,698196
-6,112366	7,005417	-1,565323
-6,172226	7,035339	-1,596436
-6,177017	7,031754	-1,620377
-6,177017	6,997040	-1,655106
-6,221298	7,037735	-1,566513
-6,239258	7,079636	-1,541367
-6,193771	7,050903	-1,498276
-6,169830	7,000626	-1,544968
-6,167435	7,034149	-1,591660
-6,139908	7,040131	-1,649109
-6,196167	7,065277	-1,730515
-6,202148	7,086823	-1,776001
-6,226089	7,061676	-1,752060
-6,321869	7,030563	-1,772415
-6,372147	7,005417	-1,797546
-6,289536	7,004227	-1,852615
-6,260803	6,979080	-1,820297
-6,188980	6,939575	-1,702988
-6,108780	6,944366	-1,653900
-6,144684	6,977890	-1,701782
-6,220108	6,945557	-1,749664
-6,260803	6,836624	-1,708969
-6,294327	6,858170	-1,619186
-6,396088	6,797119	-1,494690
-6,423615	6,810287	-1,465958
-6,496643	6,736069	-1,451584
-6,531357	6,756424	-1,525818
-6,469101	6,743256	-1,555740
-6,387695	6,701355	-1,574890
-6,423615	6,737274	-1,647919
-6,484665	6,754028	-1,752060
-6,500229	6,749237	-1,799942
-6,502625	6,763611	-1,771210
-6,513397	6,698959	-1,728119
-6,505020	6,713333	-1,712555
-6,487061	6,767197	-1,675446
-6,463120	6,738464	-1,663483
-6,390091	6,706146	-1,669464
-6,281158	6,727692	-1,770020
-6,239258	6,721710	-1,796356
-6,275177	6,706146	-1,843048
-6,226089	6,726501	-1,777206
-6,250031	6,738464	-1,712555
-6,242859	6,695374	-1,711365
-6,236862	6,685791	-1,746078
-6,248840	6,691772	-1,778397
-6,211731	6,686996	-1,673050
-6,239258	6,677414	-1,608414
-6,239258	6,728882	-1,677841
-6,251236	6,714523	-1,658691
-6,193771	6,745651	-1,607208
-6,137512	6,811493	-1,614395
-6,186584	6,834229	-1,628769
-6,224899	6,859375	-1,691010
-6,180603	6,897675	-1,746078
-6,145889	6,908447	-1,692215
-6,167435	6,916840	-1,708969
-6,125534	6,941971	-1,731720
-6,153076	6,994644	-1,689819
-6,232086	6,964722	-1,663483
-6,257217	6,979080	-1,670654
-6,235672	6,981476	-1,643127
-6,227295	6,952744	-1,640732
-6,242859	6,992249	-1,671860
-6,275177	6,999435	-1,705383
-6,259613	6,989853	-1,744888
-6,277573	7,010208	-1,723328
-6,287140	7,005417	-1,675446
-6,283554	7,030563	-1,713760
-6,245255	6,994644	-1,746078
-6,248840	6,988663	-1,838257
-6,281158	6,999435	-1,857407
-6,305099	6,980286	-1,825089
-6,308701	7,007812	-1,813110
-6,251236	6,981476	-1,778397
-6,254822	6,931198	-1,774811
-6,230881	6,915634	-1,758057
-6,188980	6,940781	-1,797546
-6,194977	6,903671	-1,817902
-6,215317	6,901276	-1,866989
-6,273972	6,941971	-1,809525
-6,352982	6,906052	-1,792770
-6,405655	6,897675	-1,781998
-6,426010	6,902466	-1,729324
-6,416428	6,872543	-1,674255
-6,420029	6,827057	-1,640732
-6,421219	6,856979	-1,626373
-6,394882	6,853394	-1,628769
-6,394882	6,891693	-1,700592
-6,366150	6,915634	-1,809525
-6,373337	6,902466	-1,876556
-6,335037	6,925217	-1,967545
-6,271591	6,870148	-2,004654
-6,330246	6,885712	-1,894516
-6,326645	6,898880	-1,773605
-6,308701	6,877335	-1,664673
-6,263199	6,860565	-1,589264
-6,223694	6,855774	-1,559326
-6,169830	6,815079	-1,561722
-6,151871	6,835434	-1,507858
-6,154266	6,817474	-1,488708
-6,125534	6,824661	-1,426453
-6,106384	6,861771	-1,440811
-6,048920	6,889297	-1,331879
-5,996246	6,898880	-1,298355
-6,016602	6,900070	-1,281601
-6,008224	6,921616	-1,234909
-5,992661	6,934784	-1,260056
-6,033356	6,963516	-1,363007
-6,058502	6,991058	-1,430038
-6,071671	7,030563	-1,582077
-6,082443	7,034149	-1,661087
-6,060898	7,048508	-1,597641
-6,047729	7,077240	-1,656296
-6,024979	7,119141	-1,689819
-6,013016	7,099991	-1,634750
-6,009415	7,134705	-1,594040
-6,033356	7,139496	-1,661087
-6,011810	7,129913	-1,658691
-5,944778	7,122742	-1,524612
-5,926819	7,138290	-1,396530
-5,889709	7,120346	-1,424057
-5,871750	7,164627	-1,425262
-5,913651	7,153854	-1,445602
-5,908859	7,132309	-1,459976
-5,947174	7,119141	-1,384552
-5,990265	7,133514	-1,311523
-6,058502	7,088013	-1,355820
-6,157852	7,062881	-1,371384
-6,222504	7,125122	-1,391739
-6,211731	7,091614	-1,409698
-6,236862	7,068863	-1,348648
-6,266800	7,038940	-1,330688
-6,227295	7,041336	-1,403702
-6,135117	7,074844	-1,519821
-6,095612	7,044922	-1,682632
-6,109970	7,028168	-1,732910
-6,160248	7,050903	-1,702988
-6,203354	7,056900	-1,669464
-6,242859	7,082031	-1,615601
-6,258423	7,123932	-1,667068
-6,216522	7,104782	-1,620377
-6,187790	7,111954	-1,646713
-6,173416	7,128723	-1,681427
-6,181808	7,164627	-1,723328
-6,182999	7,126328	-1,731720
-6,185394	7,110764	-1,735306
-6,127930	7,138290	-1,621582
-6,100403	7,144287	-1,622772
-6,155472	7,079636	-1,615601
-6,166245	7,073654	-1,518631
-6,132721	7,101181	-1,427643
-6,092026	7,076050	-1,361801
-5,999847	7,049713	-1,408493
-5,895691	6,999435	-1,494690
-5,890900	7,029358	-1,506653
-5,888519	7,020981	-1,482712
-5,906464	7,025772	-1,443207
-5,960342	7,000626	-1,426453
-6,066879	7,010208	-1,467148
-6,135117	7,036545	-1,491089
-6,154266	7,003021	-1,486313
-6,082443	6,987457	-1,427643
-6,009415	7,004227	-1,451584
-5,938797	6,974289	-1,512650
-5,906464	6,951553	-1,535385
-5,910065	6,950348	-1,504257
-5,926819	6,962326	-1,489899
-5,950760	6,951553	-1,535385
-5,969910	6,999435	-1,604813
-5,956741	7,038940	-1,596436
-5,984283	7,074844	-1,577286
-5,894501	7,119141	-1,622772
-5,784363	7,168228	-1,712555
-5,713730	7,217300	-1,738892
-5,657471	7,273575	-1,711365
-5,601212	7,344193	-1,662277
-5,584442	7,364548	-1,659882
-5,628738	7,411240	-1,644318
-5,663452	7,468689	-1,598831
-5,649094	7,480667	-1,549759
-5,622757	7,478271	-1,486313
-5,730499	7,223297	-1,155914
-5,704163	7,319061	-1,295975
-5,225311	7,902054	-1,536591
-5,043365	7,905640	-1,307938
-5,127151	7,534531	-1,224136
-5,277985	7,382507	-1,204987
-5,336655	7,564468	-1,233719
-5,336655	7,722488	-1,304352
-5,343826	7,635086	-1,102036
-5,321091	7,659042	-1,054153
-5,288757	7,759598	-1,133163
-5,182220	7,835007	-1,029022
-5,006241	7,918808	-0,900925
-4,905685	7,946335	-0,857834
-4,831467	8,009781	-0,881775
-4,739288	8,012177	-1,007462
-4,728516	8,015778	-1,002686
-4,782394	8,058868	-0,875778
-4,793167	8,084000	-0,747696
-4,859009	8,097168	-0,727341
-4,887741	8,069641	-0,752487
-4,860199	8,067245	-0,739319
-4,815903	8,062454	-0,643555
-4,700989	8,089996	-0,537003
-4,615997	8,078018	-0,505875
-4,545364	8,091187	-0,521439
-4,541779	8,103165	-0,459198
-4,521423	8,107956	-0,328705
-4,463959	8,131897	-0,319138
-4,496277	8,214493	-0,329910
-4,509445	8,245621	-0,370605
-4,484314	8,243225	-0,346664
-4,478333	8,275543	-0,343079
-4,466354	8,253998	-0,344269
-4,487900	8,267166	-0,349060
-4,490295	8,310257	-0,286819
-4,489105	8,337799	-0,340683
-4,498672	8,373703	-0,381378
-4,484314	8,379684	-0,390961
-4,382553	8,356949	-0,417297
-4,283203	8,360535	-0,448425
-4,274826	8,423981	-0,514267
-4,285599	8,512573	-0,598053
-4,213760	8,564041	-0,680664
-4,167084	8,619110	-0,748886
-4,036591	8,629883	-0,818329
-3,922867	8,615524	-0,900925
-3,920471	8,638260	-0,843460
-3,916885	8,638260	-0,748886
-3,870193	8,632278	-0,566940
-3,836685	8,602356	-0,408920
-3,918091	8,590378	-0,328705
-3,963577	8,577209	-0,256882
-3,953995	8,536514	-0,113235
-3,927658	8,532913	0,022034
-3,944427	8,602356	0,073517
-3,974350	8,544891	0,010071
-4,011459	8,571228	-0,150345
-3,994705	8,552078	-0,280823
-4,010254	8,583191	-0,346664
-3,992310	8,610733	-0,392151
-3,980331	8,579605	-0,386169
-3,998291	8,553268	-0,310760
-3,988708	8,567642	-0,255692
-4,003082	8,531723	-0,194641
-4,018646	8,502991	-0,147949
-4,021042	8,482635	-0,112030
-3,995895	8,475464	-0,074921
-3,998291	8,444336	-0,070129
-3,970749	8,440735	-0,104858
-3,914490	8,432358	-0,185059
-3,822311	8,483841	-0,224564
-3,728943	8,498199	-0,304764
-3,669083	8,524536	-0,329910
-3,634369	8,541306	-0,249695
-3,588882	8,586792	-0,151535
-3,653519	8,590378	-0,025848
-3,745697	8,604752	0,120209
-3,701416	8,601151	0,253082
-3,673874	8,611923	0,310547
-3,653519	8,635864	0,298569
-3,653519	8,659805	0,373993
-3,618805	8,671783	0,408707
-3,554169	8,728043	0,312943
-3,483536	8,768753	0,123795
-3,386566	8,785507	-0,003098
-3,277634	8,814240	-0,034225
-3,196228	8,846558	-0,053375
-3,184265	8,842972	-0,124008
-3,274048	8,875290	-0,199417
-3,326721	8,914795	-0,162308
-3,344666	8,892044	-0,122803
-3,326721	8,874100	-0,118027
-3,270447	8,877686	-0,108444
-3,216583	8,858536	-0,118027
-3,138779	8,766357	-0,050980
-3,151932	8,802261	0,041199
-3,114822	8,802261	0,152527
-3,104050	8,786697	0,141754
-3,154327	8,805862	0,068726
-3,196228	8,860931	0,011261
-3,198624	8,833389	0,011261
-3,168701	8,847763	0,018448
-3,185455	8,878876	0,069931
-3,144760	8,848953	0,194427
-3,089691	8,798676	0,248291
-3,016663	8,808258	0,382370
-2,961594	8,808258	0,470947
-2,946045	8,796280	0,457779
-2,920898	8,766357	0,462570
-2,941254	8,784317	0,503281
-2,919708	8,810654	0,505676
-2,893372	8,846558	0,431442
-2,868225	8,822617	0,423065
-2,849075	8,775925	0,402725
-2,796402	8,771149	0,348846
-2,705414	8,774734	0,322510
-2,656342	8,784317	0,357224
-2,612045	8,742416	0,409897
-2,589294	8,726852	0,510452
-2,582123	8,747208	0,611008
-2,536636	8,744812	0,693619
-2,553391	8,799866	0,710373
-2,601273	8,773529	0,731918
-2,601273	8,746002	0,778610
-2,628799	8,738815	0,935425
-2,658737	8,740021	1,064713
-2,624023	8,761566	1,162872
-2,562973	8,829803	1,191605
-2,422897	8,828598	1,105423
-2,316360	8,798676	0,977325
-2,252914	8,866913	0,852829
-2,238556	8,968658	0,752274
-2,211014	8,997391	0,668472
-2,161942	8,959091	0,602631
-2,151169	9,032104	0,463776
-2,182281	9,142242	0,354828
-2,172714	9,099152	0,202805
-2,135605	9,087173	0,128586
-2,038635	9,115906	0,187241
-1,915329	9,090775	0,192032
-1,879425	9,066833	0,213577
-1,933289	9,053665	0,247101
-2,009903	8,978241	0,453003
-2,025467	8,924377	0,668472
-2,086517	8,945923	0,894730
-2,100891	8,884872	0,970139
-2,074554	8,863312	0,930634
-2,018280	8,972260	1,179642
-1,934494	9,048874	1,369980
-1,880615	9,058441	1,071899
-1,814774	9,060837	0,685226
-1,686691	9,111115	0,447006
-1,624435	9,185333	0,292587
-1,576553	9,263153	0,220764
-1,492752	9,358917	0,322510
-1,352692	9,409195	0,225540
-1,067780	9,439117	0,201599
-0,843933	9,514542	0,311737
-0,612885	9,514542	0,387161
-0,527893	9,521729	0,281815
-0,539871	9,558838	0,176468
-0,604507	9,504959	0,243500
-0,593735	9,485809	0,476944
-0,605713	9,467850	0,564331
-0,754150	9,463074	0,656509
-0,987579	9,457077	0,807343
-1,205460	9,427155	1,031189
-1,386215	9,378067	1,342438
-1,484375	9,379272	1,633331
-1,448471	9,361313	1,739883
-1,486771	9,319412	1,605804
-1,525085	9,307449	1,498062
-1,558594	9,287094	1,547150
-1,522690	9,356522	1,806915
-1,387405	9,376877	1,962540
-1,272491	9,410400	1,863174
-1,173126	9,439117	1,618973
-1,054611	9,425949	1,563904
-0,843933	9,386459	1,665665
-0,560211	9,370895	1,779388
-0,433319	9,411591	1,802124
-0,392624	9,379272	1,718338
-0,387833	9,379272	1,690796
-0,384247	9,351730	1,684814
-0,501556	9,328995	1,741074
-0,763718	9,357727	1,853607
-0,968430	9,384064	2,168442
-0,957657	9,367294	2,480881
-0,876251	9,375671	2,517990
-0,762527	9,323013	2,460541
-0,647598	9,285889	2,515594
-0,511139	9,247589	2,624542
-0,512329	9,266739	2,693970
-0,512329	9,287094	2,696365
-0,507538	9,246399	2,670029
-0,494370	9,267944	2,625732
-0,478806	9,282303	2,574265
-0,478806	9,257172	2,592209
-0,451279	9,315826	2,545532
-0,404587	9,332581	2,460541
-0,332764	9,337372	2,264206
-0,220245	9,344559	2,091827
-0,080185	9,338562	1,926620
0,007217	9,314621	1,761429
-0,053848	9,337372	1,812897
-0,106522	9,324203	2,090637
-0,147217	9,311035	2,373138
-0,138840	9,313431	2,598206
-0,096939	9,266739	2,523987
-0,135239	9,217667	2,367157
-0,199890	9,216461	2,364761
-0,238190	9,251175	2,593414
-0,313614	9,229630	2,751434
-0,283691	9,155411	2,889099
-0,215454	9,163788	2,838821
-0,272919	9,224838	2,624542
-0,294464	9,272720	2,418640
-0,163971	9,263153	2,327652
0,039536	9,252380	2,254639
0,184387	9,235611	2,112183
0,353165	9,227234	1,979294
0,436966	9,235611	1,891907
0,392670	9,300262	1,878738
0,350784	9,330185	1,976898
0,322052	9,263153	2,134918
0,232269	9,222443	2,289352
0,228668	9,136261	2,555099
0,287338	9,062042	2,810089
0,325638	9,065628	3,012405
0,341202	9,058441	3,044724
0,302887	9,021332	2,992050
0,284943	8,986618	2,950150
0,250229	8,987823	2,964508
0,228668	8,985428	2,969299
0,304092	8,986618	3,042328
0,379501	9,080002	3,147675
0,322052	9,119492	2,987259
0,180786	9,119492	2,654465
0,118546	9,139847	2,522781
0,263382	9,153015	2,604187
0,529144	9,174561	2,717911
0,748215	9,162598	2,620941
0,779343	9,124283	2,424622
0,697937	9,150620	2,249847
0,609344	9,143448	2,224701
0,530350	9,144638	2,288147
0,530350	9,132660	2,509613
0,505203	9,145828	2,687988
0,605759	9,133865	2,877121
0,767365	9,074005	3,129715
0,985245	8,974655	3,201538
1,131287	8,987823	3,322449
1,201920	9,002182	3,324844
1,266556	8,949509	3,347580
1,289307	8,945923	3,431381
1,248596	8,937546	3,418213
1,241425	8,907608	3,415817
1,206711	8,835785	3,439758
1,142059	8,822617	3,531937
1,070236	8,774734	3,633698
1,027145	8,746002	3,882690
1,009186	8,754379	4,056274
1,024750	8,659805	3,988037
1,010376	8,639465	3,849167
0,997208	8,646637	3,721085
1,018753	8,683746	3,583420
1,019958	8,713684	3,383499
0,969681	8,741211	3,056686
0,973267	8,761566	2,774170
1,054672	8,707703	2,768188
1,156433	8,756775	2,897476
1,167206	8,792694	2,981277
1,248596	8,711288	3,012405
1,271347	8,645447	3,126129
1,228256	8,613129	3,257797
1,255783	8,621506	3,479263
1,310852	8,645447	3,692352
1,358734	8,565247	3,845581
1,429367	8,479050	4,046692
1,508377	8,444336	4,128098
1,543091	8,402435	4,131683
1,546677	8,384476	4,108948
1,564636	8,371307	4,009583
1,509567	8,360535	3,961700
1,580200	8,328217	3,979660
1,607727	8,341385	3,925781
1,441330	8,311462	3,790512
1,347961	8,306671	3,759384
1,333603	8,304276	3,853958
1,313248	8,303070	3,938950
1,331207	8,257584	3,976059
1,405426	8,248016	3,931778
1,501190	8,246811	3,984451
1,659210	8,239624	3,980850
1,769348	8,190552	3,988037
1,801666	8,218079	4,086197
1,866302	8,277939	4,184357
1,910599	8,262375	4,258575
1,936935	8,255188	4,172394
2,014755	8,248016	4,025146
2,054245	8,306671	3,883881
2,088974	8,323425	3,804886
2,068619	8,289902	3,734253
1,969254	8,306671	3,746216
1,844757	8,286316	3,815659
1,822021	8,222870	3,952118
1,835190	8,196533	4,178375
1,922577	8,106750	4,475250
2,102142	8,057663	4,597366
2,238602	8,063660	4,574615
2,409790	8,008591	4,604538
2,755753	8,014572	4,678757
3,099319	8,104355	4,639252
3,169952	8,173782	4,371109
3,220230	7,724869	4,246613
3,082565	7,612350	3,868332
3,015518	8,641861	3,765381
3,429718	8,467072	4,328018
3,262131	7,842194	4,669189
2,874268	7,691360	4,860718
2,760544	7,785934	4,847549
2,912567	7,869720	4,905014
3,067001	7,879303	5,061829
3,088547	7,814651	5,212662
3,078964	7,718887	5,223450
3,034683	7,692551	5,187531
2,999969	7,747620	5,268936
2,965240	7,740433	5,488007
2,897018	7,702133	5,601730
2,932922	7,684174	5,580185
2,966446	7,686569	5,416183
3,063416	7,665024	5,280899
3,177139	7,630310	5,288086
3,250153	7,665024	5,292877
3,403381	7,649460	5,222244
3,678711	7,552490	5,219849
3,930115	7,472290	5,138443
4,067780	7,435181	5,010361
4,124039	7,362152	5,144440
4,079742	7,266388	5,395828
3,824768	7,266388	5,638840
3,507538	7,243637	5,962051
3,225021	7,181396	6,195496
2,948486	7,143082	6,379837
2,743790	7,141891	6,430115
2,721039	7,086823	6,422943
2,879059	7,055695	6,412170
3,189102	6,974289	6,308014
3,465637	6,947952	6,068604
3,602097	6,930008	5,763336
3,823563	6,823456	5,713058
3,960037	6,919220	5,783691
4,053406	6,889297	5,891418
4,027069	6,848602	6,011139
3,876236	6,886902	6,035080
3,713440	6,865356	5,912979
3,511124	6,824661	5,859100
3,365082	6,812683	5,944092
3,219025	6,793533	6,164368
3,197479	6,708542	6,536667
3,242981	6,597214	6,896988
3,225021	6,569672	7,060989
3,161575	6,539749	7,076553
3,180725	6,449966	7,043030
3,203476	6,446365	7,047821
3,217834	6,375748	6,967621
3,383041	6,270401	6,946075
3,536270	6,282364	6,778473
3,554214	6,228500	6,452866
3,562607	6,105194	6,547440
3,605698	6,173431	7,043030
3,579361	6,230896	7,325546
3,541046	6,109985	7,324356
3,373459	6,068085	7,238159
3,126862	6,101608	7,192673
3,069397	6,087250	7,305206
3,055023	6,087250	7,399765
3,037079	6,101608	7,331543
3,010742	6,107590	7,128036
2,941299	6,027390	6,978394
2,943695	6,011826	7,037048
3,083755	5,910065	7,257324
3,228607	5,843033	7,275269
3,262131	5,823883	7,349487
3,375854	5,664673	7,731369
3,366272	5,653885	8,003113
3,221420	5,634735	8,207809
3,201080	5,506653	8,286819
3,142410	5,497070	8,207809
3,083755	5,521011	8,344284
3,181915	5,531784	8,374207
3,124466	5,544952	8,017471
3,092133	5,516220	7,739746
3,003555	5,465942	7,609268
2,847931	5,495880	7,572159
2,719833	5,494675	7,432098
2,602524	5,434830	7,197464
2,462463	5,467148	6,918533
2,545059	5,342651	7,040649
2,777298	5,249268	7,272873
2,947296	5,304337	7,306396
3,104111	5,251663	7,342316
3,180725	5,159485	7,262100
3,215439	5,031403	7,222595
3,150803	4,999084	7,254929
3,095734	5,012253	7,362656
3,142410	4,976334	7,469208
3,151993	4,954788	7,531448
2,993973	4,957184	7,410553
2,880249	4,851837	7,314774
2,947296	4,762054	7,417725
3,107697	4,684235	7,719391
3,234589	4,598053	8,067749
3,167557	4,537003	8,256897
2,980804	4,485519	8,373016
2,759338	4,382568	8,546600
2,602524	4,338272	8,789612
2,495987	4,321518	8,975159
2,406204	4,337082	8,952408
2,393036	4,234131	8,817139
2,458878	4,174271	8,734543
2,574997	4,199417	8,744110
2,671951	4,194626	8,724960
2,718643	4,110825	8,651947
2,734207	4,153931	8,709396
2,851517	4,159912	8,830307
2,986801	4,112030	8,696228
2,958069	4,113220	8,594482
3,114883	4,021042	9,188248
3,293259	4,067734	9,612015
3,308807	4,066544	9,485123
3,304031	3,982742	9,248093
3,278885	3,928864	9,127182
3,210648	3,936050	9,183456
3,027496	4,086884	8,819534
2,412186	4,273636	7,578140
1,819626	4,175476	6,868256
1,669983	3,888168	7,445267
1,871094	3,803177	8,487930
2,094955	3,805573	9,352249
2,207474	3,677475	9,865799
2,163193	3,511078	10,088455
2,025528	3,416504	10,333862
1,932144	3,386581	10,610397
1,802856	3,453613	10,719330
1,713074	3,470383	10,519424
1,655624	3,435669	10,192612
1,576614	3,441650	9,900513
1,569427	3,482346	9,633560
1,630478	3,456009	9,311539
1,717865	3,426086	8,981140
1,796875	3,421295	8,715393
1,928558	3,399750	8,602859
2,015945	3,376999	8,434067
2,117706	3,363831	8,294006
2,190720	3,281235	8,200638
2,364304	3,174698	8,246124
2,534286	3,155548	8,431671
2,592941	3,185471	8,410126
2,742584	3,087311	8,297592
2,841949	3,004715	8,364639
2,673157	3,084915	8,487930
2,391830	3,120819	8,577713
2,176361	3,032242	8,521454
1,959686	2,992737	8,480759
1,793289	3,071747	8,586105
1,728638	3,071747	8,806366
1,790894	2,929291	9,032623
1,917786	2,788025	9,353439
1,969254	2,814362	9,616806
2,017136	2,764084	9,847839
2,102142	2,619247	10,039383
2,111710	2,583328	10,189011
2,109314	2,570160	10,288376
1,992004	2,543823	10,357803
1,899826	2,521072	10,357803
1,805252	2,510300	10,284790
1,738220	2,515091	10,227325
1,673569	2,505524	10,279999
1,564636	2,491150	10,190216
1,489227	2,458832	10,066910
1,397049	2,463623	9,929245
1,338379	2,454041	9,862213
1,309662	2,425308	9,832275
1,321625	2,373840	9,786789
1,434158	2,315170	9,820312
1,650833	2,246948	9,947205
1,705902	2,284058	10,002274
1,632874	2,284058	9,936432
1,505981	2,254120	9,893341
1,374298	2,215820	9,953186
1,285721	2,211029	10,039383
1,234238	2,182297	10,026215
1,206711	2,154770	9,923264
1,071426	2,129623	9,799957
1,073822	2,117661	9,837067
1,237823	2,038651	9,984314
1,362335	2,058990	9,945999
1,292892	2,094910	9,758057
1,175583	2,096115	9,577301
1,067841	2,067383	9,465973
0,927780	2,075760	9,346252
0,768570	2,049423	9,288803
0,709915	2,025482	9,292389
0,751801	1,976395	9,450409
0,860748	1,962036	9,661102
0,926590	1,917740	9,772430
0,933762	1,850708	9,847839
0,842789	1,868652	9,945999
0,767365	1,800430	9,963959
0,693146	1,764511	9,934036
0,617737	1,843521	9,880173
0,531540	1,854294	9,722153
0,571045	1,811203	9,572510
0,618927	1,732193	9,540192
0,574631	1,746552	9,486313
0,567459	1,759720	9,392944
0,482452	1,794434	9,287598
0,368729	1,744156	9,124802
0,249023	1,698669	9,092468
0,220291	1,610092	9,306747
0,225082	1,551422	9,523422
0,178391	1,514313	9,682648
0,179596	1,462845	9,738907
0,167618	1,420944	9,746094
0,161636	1,346725	9,840668
0,134109	1,326370	9,957977
0,137695	1,291656	10,065720
0,136490	1,260529	10,074097
0,049103	1,225815	9,998672
0,002426	1,206665	9,957977
-0,040680	1,223419	9,922058
-0,111298	1,222229	9,864609
-0,190308	1,195892	9,815521
-0,221436	1,144409	9,713776
-0,298050	1,130051	9,609619
-0,341141	1,061813	9,638351
-0,244186	0,993576	9,841858
-0,105316	0,972031	10,078888
-0,017929	0,995972	10,108810
-0,081375	1,015121	9,956787
-0,168762	0,973221	9,780807
-0,262131	0,948090	9,711380
-0,335159	0,922943	9,671875
-0,356705	0,949280	9,749680
-0,338745	0,946884	9,720947
-0,293259	0,915771	9,554550
-0,245377	0,907394	9,550964
-0,270523	0,870270	9,588074
-0,305237	0,842743	9,584488
-0,338745	0,884644	9,650330
-0,327972	0,891830	9,659897
-0,335159	0,951675	9,664688
-0,238190	0,946884	9,652710
-0,136444	0,937317	9,586868
-0,001175	0,964844	9,402527
0,086212	1,000763	9,173874
0,044327	1,004349	8,985931
0,061081	0,993576	8,971573
0,101776	1,009140	9,098465
0,158051	1,049835	9,181061
0,174805	1,037872	9,207397
0,170013	0,988785	9,238525
0,046707	1,080963	9,301971
-0,129257	1,084564	9,377380
-0,275299	1,025894	9,440826
-0,430923	1,053436	9,590469
-0,524307	1,098923	9,744888
-0,523102	1,069000	9,857422
-0,557816	1,004349	9,922058
-0,572189	0,967239	9,984314
-0,465652	0,915771	10,150711
-0,379456	0,956467	10,260849
-0,389038	0,988785	10,206970
-0,409378	1,000763	10,093246
-0,405792	0,962448	10,016632
-0,338745	0,986389	10,052551
-0,281296	1,077377	10,047760
-0,223831	1,106110	9,925659
-0,165176	1,090546	9,861008
-0,113693	1,121674	9,944809
-0,124466	1,137238	10,016632
-0,191513	1,183914	10,010651
-0,277695	1,225815	9,922058
-0,359100	1,259338	9,826294
-0,359100	1,231796	9,825104
-0,339951	1,230606	9,870590
-0,338745	1,233002	9,877777
-0,256149	1,267715	9,862213
-0,100525	1,255737	10,042969
0,079041	1,259338	10,119583
0,162827	1,262924	10,066910
0,141281	1,268906	9,785599
0,068268	1,307220	9,542587
-0,023911	1,349121	9,373795
-0,025116	1,309616	9,206192
0,015594	1,271301	9,088882
0,076645	1,234192	9,011063
0,187973	1,011536	9,084091
0,445343	0,714661	9,238525
0,504013	0,603317	9,438431
0,472885	0,752960	9,637161
0,599777	0,828384	9,802353
0,683578	0,824783	9,864609
0,629700	0,742188	9,633560
0,605759	0,731415	9,549759
0,530350	0,837952	9,767639
0,486053	0,865494	9,864609
0,489639	0,859497	9,827499
0,440567	0,829575	9,765244
0,287338	0,811615	9,932831
0,177200	0,810425	10,072891
0,050308	0,872665	10,163879
0,041931	0,851120	10,171066
0,156845	0,881058	10,177048
0,159241	0,942108	10,130356
0,101776	0,940903	9,998672
0,112549	0,893021	9,899323
0,129318	0,763733	9,925659
0,217896	0,541077	9,977127
0,241837	0,512344	10,080078
0,243042	0,554245	10,294357
0,190369	0,586563	10,461960
0,160446	0,565018	10,505051
0,077835	0,626068	10,454773
-0,108902	0,646423	10,385345
-0,208267	0,667969	10,366196
-0,186722	0,670364	10,374573
-0,108902	0,665573	10,409286
0,047913	0,672760	10,392517
0,144882	0,697891	10,154297
0,195160	0,639236	10,010651
0,280151	0,705078	9,821503
0,299301	0,809219	9,650330
0,293320	0,817612	9,541382
0,183182	0,828384	9,483932
0,170013	0,851120	9,329498
0,208328	0,854721	9,413300
0,187973	0,872665	9,505478
0,195160	0,857101	9,518646
0,172409	0,846329	9,418091
0,061081	0,810425	9,414490
