3,126094	-7,846352	-13,524067
1,910125	-5,558033	-9,876159
1,823954	-5,941015	-9,359133
1,785655	-6,142080	-9,579348
1,699484	-6,256975	-9,263388
1,565441	-6,180379	-8,669765
1,373949	-6,333572	-8,583593
1,105862	-6,639958	-8,947427
0,914371	-6,821874	-8,822957
0,742028	-7,204857	-8,487848
0,454792	-7,549541	-8,478273
0,368621	-7,482519	-7,932523
0,311173	-7,214431	-7,463370
0,023936	-7,176133	-7,530392
-0,426068	-7,721883	-8,009120
-0,617559	-8,372953	-7,683585
-0,722879	-8,583593	-7,501668
-0,799476	-8,219760	-7,176133
-1,192033	-7,568690	-7,252729
-2,235660	-8,957002	-8,334655
-1,163309	-10,249567	-6,764427
-1,144160	-5,127177	-4,342063
-2,685664	-6,103782	-4,600576
-2,360129	-8,305931	-5,242072
-2,618642	-8,248484	-5,309094
-2,972901	-7,788905	-4,916537
-3,365458	-8,535721	-4,571853
-3,298436	-8,602742	-4,112274
-3,690993	-7,195282	-4,188870
-4,447383	-7,310177	-3,863335
-4,351638	-7,980396	-3,394182
-4,275041	-7,855927	-2,944177
-4,610151	-7,693159	-2,992050
-4,916537	-7,549541	-3,106945
-5,088879	-6,879322	-2,838857
-5,423988	-5,672927	-1,862252
-5,692076	-5,931440	-1,393099
-5,921865	-6,438892	-1,661186
-6,199528	-6,774002	-1,651612
-6,266550	-6,505914	-0,904796
-6,295273	-5,423988	-0,531388
-6,793150	-4,753769	-0,722879
-7,080388	-5,318668	-0,540963
-7,061238	-5,826120	-0,033511
-6,888896	-5,538883	0,483515
-7,061238	-4,638875	0,837774
-7,549541	-3,949506	0,330322
-7,760181	-4,150572	0,272875
-7,712308	-4,409085	0,770752
-7,559115	-3,911208	1,364375
-7,741032	-3,375033	1,728208
-7,942098	-3,432480	1,594164
-7,951673	-3,164392	1,632463
-8,114440	-2,771835	1,756932
-8,114440	-2,695239	1,795230
-7,999545	-3,135669	1,067564
-8,411251	-1,804805	3,001625
-8,248484	-0,818625	3,336734
-7,961247	-1,852677	2,656940
-8,392102	-1,938848	1,910125
-8,487848	-1,967572	2,101616
-8,430401	-1,728208	2,494173
-8,344230	-0,981392	3,001625
-8,296356	-0,636708	3,068647
-8,363379	-0,866498	2,733537
-8,516571	-0,904796	2,417577
-8,449550	-0,598410	2,312256
-8,497422	-0,493090	2,273958
-8,439975	-0,339897	2,063318
-8,583593	-0,138831	1,766506
-8,554870	0,090958	2,082467
-8,344230	0,588835	2,733537
-8,286782	0,904796	2,972901
-8,411251	0,770752	2,752686
-8,593168	0,856923	2,628217
-8,564445	1,201607	2,637791
-8,430401	1,536717	2,829283
-8,401677	1,766506	3,011199
-8,353804	1,689910	2,944177
-8,468699	1,460120	2,810133
-8,574018	1,622888	2,848432
-8,574018	1,661186	2,829283
-8,650616	1,565441	2,790984
-8,669765	1,469695	2,867581
-8,583593	1,364375	3,039923
-8,669765	1,105862	3,097370
-8,755936	0,990967	2,972901
-8,736787	1,038840	2,905879
-8,736787	0,990967	3,068647
-8,822957	0,952669	2,992050
-8,775084	0,933520	2,896305
-8,717637	0,789901	3,020774
-8,765511	1,000542	2,944177
-8,736787	0,856923	2,829283
-8,698488	0,952669	2,752686
-8,708063	1,134585	2,819708
-8,755936	1,182458	2,704813
-8,755936	1,019691	2,829283
-8,688913	1,096287	3,020774
-8,708063	1,134585	3,126094
-8,803808	1,029265	3,068647
-8,842107	0,914371	3,154818
-8,832532	0,933520	3,221840
-8,861256	0,828200	3,135669
-8,880404	0,876072	3,126094
-8,842107	0,943094	3,154818
-8,832532	0,971818	3,145243
-8,889979	0,943094	2,992050
-8,870831	0,856923	2,848432
-8,784659	0,837774	2,858006
-8,708063	0,990967	3,059072
-8,775084	1,038840	2,944177
-8,803808	0,971818	2,858006
-8,698488	0,990967	2,982476
-8,688913	0,962243	3,001625
-8,650616	1,019691	2,915454
-8,631466	1,000542	3,020774
-8,736787	1,077138	3,087796
-8,755936	1,067564	3,087796
-8,765511	1,086713	3,020774
-8,727212	1,038840	3,030348
-8,717637	1,038840	3,020774
-8,698488	1,057989	3,106945
-8,688913	0,971818	3,116519
-8,688913	1,057989	3,106945
-8,660190	1,067564	3,097370
-8,679339	1,220756	3,011199
-8,688913	1,172884	3,011199
-8,621892	1,134585	3,020774
-8,545295	1,182458	3,154818
-8,430401	1,239906	3,106945
-8,430401	1,297353	3,011199
-8,363379	1,450546	2,886730
-8,315506	1,546291	2,723963
-8,286782	1,555866	2,810133
-8,258059	1,507993	2,838857
-8,238910	1,402673	2,972901
-8,238910	1,297353	3,001625
-8,277207	1,057989	3,039923
-8,296356	0,770752	3,078221
-8,305931	0,569686	3,173967
-8,296356	0,359046	3,097370
-8,305931	0,043086	3,145243
-8,344230	-0,062235	3,212265
-8,535721	-0,234577	3,078221
-8,545295	-0,579261	2,886730
-8,430401	-1,134585	2,733537
-8,277207	-1,335651	2,771835
-8,095291	-1,527142	2,762261
-8,114440	-1,517568	2,704813
-8,219760	-1,622888	2,522897
-8,133589	-1,977147	2,283533
-7,913374	-2,465449	2,082467
-7,635712	-2,647366	1,957998
-7,492094	-2,666515	1,948423
-7,434646	-2,800559	1,823954
-7,482519	-3,164392	1,804805
-7,674010	-3,556949	1,555866
-7,539967	-4,188870	1,431397
-7,224006	-4,763344	1,689910
-7,042089	-4,581427	1,871827
-7,128260	-4,418660	1,699484
-7,089962	-4,993133	1,326077
-6,917620	-5,692076	1,373949
-6,668681	-5,902717	1,412248
-6,563361	-5,854844	1,326077
-6,400594	-6,371870	1,077138
-6,170804	-6,745278	0,847349
-6,084633	-7,089962	0,684581
-5,912291	-7,147409	0,789901
-5,672927	-7,405922	0,454792
-5,529309	-7,731458	-0,052660
-5,423988	-8,200611	-0,253726
-5,127177	-8,277207	-0,521814
-4,964410	-8,487848	-0,493090
-4,715471	-8,708063	-0,540963
-4,523980	-8,842107	-0,445217
-4,418660	-8,325080	-1,613313
-4,638875	-8,641041	-1,833528
-4,102699	-9,349558	-1,814379
-3,585673	-9,541050	-2,216511
-3,442055	-9,359133	-2,197362
-3,288862	-8,861256	-2,379278
-3,279287	-8,669765	-2,982476
-3,317585	-8,928278	-3,614397
-3,020774	-9,225089	-3,126094
-2,475024	-9,349558	-2,159063
-2,235660	-8,976151	-1,862252
-2,877155	-7,415497	-6,170804
-3,231414	-7,922949	-5,950589
-1,996296	-9,416580	-3,901634
-1,259055	-9,110194	-4,437809
-1,364375	-8,353804	-5,146326
-1,833528	-7,243155	-6,793150
-1,469695	-8,248484	-6,505914
-0,895221	-8,459125	-5,998462
-0,665432	-8,085716	-5,921865
-0,933520	-7,606988	-6,908045
-0,923945	-7,013366	-7,635712
-0,550537	-7,262304	-6,879322
-0,110107	-7,329326	-6,065484
-0,100533	-6,525063	-6,601659
-0,416493	-5,988888	-9,483603
-0,215428	-6,754852	-9,627220
0,167555	-7,291028	-8,191036
0,330322	-6,209103	-7,616563
0,196278	-5,567607	-7,645287
0,090958	-5,366541	-9,071896
0,330322	-5,309094	-9,483603
0,655857	-5,672927	-8,813383
0,665432	-5,452712	-8,554870
0,531388	-5,060155	-8,861256
0,550537	-4,964410	-9,205940
0,694156	-4,897388	-9,167642
0,722879	-4,677173	-8,937852
0,732454	-4,476107	-9,024023
0,799476	-4,399510	-9,100619
0,885647	-4,418660	-9,205940
0,971818	-4,418660	-9,234664
1,067564	-4,246317	-9,301685
1,192033	-3,949506	-9,225089
1,259055	-3,767590	-9,464453
1,287778	-3,748441	-9,550624
1,450546	-3,767590	-9,378282
1,488844	-3,796313	-9,435729
1,565441	-4,112274	-9,799562
1,632463	-4,083550	-9,809137
1,575015	-4,045252	-9,665519
1,594164	-4,227169	-9,818711
1,632463	-4,342063	-9,828286
1,728208	-4,409085	-9,732541
1,737783	-4,246317	-9,627220
1,776081	-4,121848	-9,751690
1,776081	-3,786739	-9,579348
1,776081	-3,930357	-9,474028
1,795230	-3,719717	-9,426155
1,852677	-3,681418	-9,368708
1,871827	-3,595248	-9,397431
1,890976	-3,317585	-9,349558
1,919699	-3,221840	-9,177217
1,910125	-3,039923	-9,186790
1,890976	-3,336734	-9,272962
1,871827	-3,442055	-9,272962
1,890976	-3,537800	-9,081470
1,814379	-3,537800	-9,186790
1,823954	-3,748441	-9,263388
1,804805	-3,652695	-9,225089
1,823954	-3,576098	-9,378282
1,852677	-3,671844	-9,138918
1,833528	-3,623971	-8,995299
1,852677	-3,758015	-9,148493
1,929274	-3,805888	-9,282537
1,919699	-3,777164	-9,416580
1,910125	-3,643120	-9,368708
1,881401	-3,576098	-9,359133
1,862252	-3,643120	-9,311260
1,871827	-3,748441	-9,205940
1,843103	-3,604822	-9,138918
1,795230	-3,489927	-8,985725
1,804805	-3,566524	-8,966576
1,795230	-3,748441	-8,976151
1,814379	-3,997379	-8,985725
1,833528	-3,796313	-9,024023
1,843103	-3,844186	-9,091045
1,766506	-3,815462	-9,311260
1,718634	-3,662269	-9,091045
1,747357	-3,604822	-8,985725
1,709059	-3,796313	-8,976151
1,718634	-3,911208	-9,052747
1,814379	-3,815462	-9,177217
1,756932	-3,690993	-9,330409
1,718634	-3,825037	-9,387856
1,747357	-3,978230	-9,215514
1,699484	-3,872910	-9,110194
1,680335	-3,700568	-9,004874
1,737783	-3,566524	-8,909128
1,776081	-3,767590	-9,024023
1,804805	-3,825037	-9,196365
