0,043121	1,218628	9,688629
0,132904	1,292847	9,798767
0,186768	1,338348	9,820312
0,219101	1,343124	9,900513
0,287338	1,328766	10,010651
0,301697	1,283279	10,137543
0,407043	1,243774	10,319504
0,482452	1,227020	10,446396
0,481262	1,194687	10,435623
0,460907	1,264130	10,454773
0,410629	1,320389	10,429642
0,330429	1,424530	10,318298
0,244232	1,532272	10,179443
0,137695	1,628036	10,110016
0,093399	1,729797	9,998672
0,007217	1,787262	9,942413
-0,080185	1,836334	9,935226
-0,156799	1,904572	9,959167
-0,268127	1,976395	10,041779
-0,342346	2,085327	10,173462
-0,380646	2,177505	10,444000
-0,442902	2,263702	10,681030
-0,568588	2,360672	10,928833
-0,685913	2,428909	11,170639
-0,717041	2,472000	11,450760
-0,703873	2,560577	11,777573
-0,599716	2,614456	12,131912
-0,462051	2,670715	12,435974
-0,421356	2,767685	12,705322
-0,450089	2,847885	12,998611
-0,499161	2,972382	13,261978
-0,488388	3,119629	13,569626
-0,542267	3,341095	13,865311
-0,454865	3,527847	14,213669
-0,280090	3,616425	14,568008
-0,026306	3,786407	14,820602
0,173615	3,979141	15,034882
0,359161	4,040207	15,235992
0,520767	4,121597	15,402390
0,617737	4,211380	15,542450
0,699127	4,315536	15,658569
0,802078	4,350250	15,681320
0,849976	4,371796	15,669342
0,815247	4,345459	15,613083
0,786530	4,331100	15,549637
0,855957	4,331100	15,581955
1,027145	4,355042	15,704056
1,261765	4,291595	15,818985
1,453308	4,237717	15,982986
1,539505	4,194626	16,143402
1,497604	4,191040	16,264297
1,447327	4,197021	16,326553
1,353943	4,321518	16,204453
1,353943	4,475937	15,889618
1,468872	4,605225	15,593933
1,646042	4,690231	15,162964
1,722656	4,800354	14,678146
1,734619	4,941620	14,284302
1,641251	5,023026	13,953903
1,587387	5,040970	13,730042
1,535904	5,061325	13,606735
1,379089	5,100830	13,631882
1,206711	5,187027	13,757568
0,975662	5,179840	14,000580
0,602173	5,151108	14,392044
0,355560	5,272018	14,692505
0,476471	5,335464	14,910385
0,794907	5,163086	14,948685
1,070236	4,894928	14,800247
1,216278	4,679459	14,606323
1,296494	4,526230	14,570404
1,424576	4,373001	14,700897
1,513168	4,191040	14,693710
1,486832	4,022247	14,667374
1,412613	3,852249	14,467453
1,245010	3,720581	13,938339
0,980453	3,618820	13,178177
0,730255	3,562561	12,495834
0,536331	3,537415	11,979874
0,435776	3,519455	11,552521
0,384293	3,397354	11,060501
0,372330	3,300385	10,569702
0,344788	3,208221	10,321899
0,429779	3,166321	10,174652
0,632095	3,108856	9,936432
0,737442	3,154343	9,559341
0,737442	3,172302	9,080505
0,662018	3,157944	8,544205
0,531540	3,098083	8,035431
0,299301	3,038223	7,353088
0,137695	3,102875	6,614471
-0,070602	3,201035	6,011139
-0,225021	3,270462	5,625671
-0,242981	3,326721	5,375473
-0,207077	3,384186	5,199509
-0,177139	3,399750	4,994797
-0,130463	3,403336	4,709885
0,014389	3,345886	4,503983
0,184387	3,278839	4,197525
0,185577	3,277649	3,850372
0,141281	3,265671	3,437363
0,026367	3,323135	2,954941
0,045517	3,378204	2,498840
0,081436	3,434464	2,248642
0,126923	3,415314	1,954163
0,259796	3,424896	1,678833
0,392670	3,506287	1,562714
0,514786	3,649948	1,342438
0,599777	3,798386	1,217941
0,590195	3,841476	1,035980
0,517181	3,728958	0,761841
0,300507	3,664307	0,432648
0,052704	3,681076	0,268646
-0,163971	3,687057	0,092667
-0,401001	3,697830	-0,262863
-0,617676	3,726562	-0,557358
-0,843933	3,713394	-0,914093
-0,977997	3,703812	-1,289978
-0,963638	3,658325	-1,501877
-0,893005	3,557770	-1,748474
-0,642822	3,508682	-1,950775
-0,311218	3,448837	-1,975922
-0,070602	3,490738	-1,967545
0,113754	3,514679	-1,960358
0,270569	3,506287	-2,054932
0,447739	3,433273	-2,101624
0,396271	3,406937	-1,928040
0,351974	3,411728	-2,117172
0,375916	3,357849	-2,272797
0,259796	3,268066	-2,525391
0,076645	3,207016	-2,991058
-0,100525	3,156738	-3,244843
-0,347137	3,068161	-3,356186
-0,430923	3,093292	-3,805084
-0,508743	3,174698	-4,021774
-0,608093	3,253708	-4,186966
-0,706268	3,296799	-4,394058
-0,757736	3,270462	-4,596375
-0,794846	3,191452	-4,827423
-0,858292	3,143570	-5,168594
-0,778091	3,072937	-5,373291
-0,670349	2,924500	-5,405609
-0,580566	2,865845	-5,512161
-0,484802	2,916122	-5,619904
-0,451279	2,984360	-5,534897
-0,433319	3,090897	-5,328995
-0,438110	3,087311	-5,085983
-0,466843	3,102875	-4,825027
-0,456070	3,153152	-4,429977
-0,434525	3,202225	-3,997818
-0,535080	3,308777	-3,656647
-0,748154	3,479950	-3,304703
-0,903778	3,640366	-3,029373
-1,101303	3,727753	-2,882126
-1,368256	3,914505	-2,706146
-1,586136	4,116821	-2,550537
-1,853088	4,363419	-2,499054
-2,067368	4,577698	-2,623550
-2,123627	4,703400	-2,731293
-2,136795	4,800354	-2,867767
-1,879425	4,832687	-2,889313
-1,523880	4,745285	-2,908463
-1,237778	4,742905	-2,909653
-1,015121	4,797958	-2,649887
-0,620071	4,625580	-2,314697
-0,900192	4,976334	-1,925644
-1,327560	5,568893	-1,767624
-0,719437	5,452774	-1,906494
-0,201080	5,221741	-2,046555
-0,027512	5,193008	-2,215347
-0,072998	5,279205	-2,412857
-0,083771	5,401306	-2,469131
-0,013138	5,534180	-2,295547
0,096985	5,688614	-2,133942
0,118546	5,883728	-2,029785
0,088608	6,108795	-2,102814
-0,031097	6,297928	-2,330261
-0,052643	6,432007	-2,526581
-0,028702	6,533768	-2,879730
-0,111298	6,660660	-3,272385
-0,134048	6,621155	-3,978668
-0,035889	6,485870	-4,780731
0,155655	6,291946	-5,199707
0,312469	6,127945	-5,325409
0,384293	6,130341	-5,196121
0,499222	6,141113	-5,023743
0,614136	6,099213	-4,749603
0,648849	6,011826	-4,409622
0,646469	5,990280	-3,960709
0,547104	6,063293	-3,443573
0,451340	6,108795	-3,000641
0,381897	6,138718	-2,677429
0,205933	6,209351	-2,402084
0,076645	6,352997	-2,325470
0,020370	6,466721	-2,234497
-0,039474	6,575653	-2,075287
-0,069397	6,643890	-1,887329
-0,064621	6,731277	-1,789169
-0,160385	6,873734	-1,760437
-0,023911	6,980286	-1,613205
0,272964	7,058090	-1,437225
0,608154	7,153854	-1,109222
0,906235	7,320251	-0,665100
1,173187	7,441162	-0,231750
1,473663	7,532150	0,164490
1,748993	7,613541	0,480530
2,048264	7,637482	0,690018
2,515137	7,605164	0,962967
2,985596	7,709320	1,083862
3,444092	8,016968	1,366379
3,787659	8,431168	1,335266
4,168335	8,836990	1,002472
4,435287	9,078796	0,682846
4,644775	9,279907	0,272232
4,881805	9,515732	-0,071335
5,206223	9,746780	-0,122803
5,373810	10,028091	0,151321
5,351074	10,454269	0,012466
5,391769	10,831360	0,093872
5,571335	11,153366	0,238708
5,895752	11,441879	0,518829
6,348251	11,722000	0,851624
6,749283	12,064362	1,147308
7,032990	12,422302	1,458557
7,278397	12,648560	1,787766
7,705765	12,680878	2,240265
8,060104	12,984940	2,817276
8,435989	13,393143	3,529541
8,838226	13,633759	4,192734
9,154251	13,782211	4,701508
9,370926	14,002472	4,952896
9,653442	14,311325	5,049866
9,837799	14,757843	5,025925
9,989838	15,228302	5,049866
10,210098	15,634125	5,047470
10,457901	16,047119	5,097748
10,608734	16,540329	5,296463
10,817032	16,961700	5,557434
11,129471	17,214294	5,879456
11,516144	17,362732	6,281677
11,834564	17,518356	6,600113
12,085953	17,664398	6,894592
12,290665	17,785309	7,175919
12,418747	17,816437	7,423721
12,537262	17,694336	7,485962
12,677322	17,488434	7,360275
12,765915	17,231049	7,195068
12,679718	17,010788	6,947266
12,423538	16,875519	6,650391
12,153000	16,643280	6,145218
11,869278	16,286545	5,575394
11,391632	16,035156	4,998383
10,874496	15,810089	4,496796
10,451920	15,538361	4,117325
10,055679	15,277390	3,849167
9,669006	15,002045	3,731857
9,339813	14,648911	3,774948
9,069260	14,358017	3,897049
8,850189	14,104233	4,043106
8,650284	13,825302	4,168793
8,504227	13,393143	4,259781
8,397690	12,923889	4,342377
8,165451	12,539612	4,329208
7,943985	12,167313	4,275345
7,680634	11,803406	4,178375
7,435226	11,472992	4,000000
7,191010	11,146194	3,858749
6,898926	10,892410	3,822830
6,535004	10,693680	3,785721
6,239319	10,414764	3,725876
5,999893	10,119080	3,673203
5,717377	9,879654	3,634888
5,469574	9,629471	3,627701
5,182281	9,355331	3,594193
4,823151	9,132660	3,493637
4,416138	8,948318	3,358353
4,034256	8,798676	3,225479
3,673935	8,622696	3,079437
3,404587	8,469467	2,975281
3,199875	8,355743	2,893890
3,098129	8,226456	2,952545
3,035873	8,025345	3,059082
2,949677	7,703323	3,084229
2,857513	7,346588	3,080627
2,727020	7,046127	3,100983
2,585770	6,854584	3,136902
2,416977	6,732483	3,051895
2,246979	6,521790	2,891495
1,939331	6,299133	2,589828
1,594559	6,145905	2,272583
1,359940	5,985489	2,002045
1,138474	5,966339	1,899094
0,769760	6,022598	1,876343
0,313675	6,150696	1,838043
-0,074188	6,358978	1,772202
-0,375870	6,505035	1,624954
-0,699081	6,511017	1,574677
-0,744568	6,308701	1,484894
-0,700272	6,059708	1,397507
-0,736191	5,918457	1,316101
-0,909775	5,857391	1,296951
-1,181519	5,827469	1,287369
-1,510712	5,777191	1,085068
-1,738159	5,698181	0,856415
-1,841110	5,555725	0,633759
-1,942871	5,489883	0,437439
-2,222992	5,505447	0,235123
-2,670700	5,531784	-0,007889
-2,875412	5,230118	-0,282028
-2,985535	4,969147	-0,598053
-3,245316	4,829086	-1,040985
-3,648743	4,748886	-1,522217
-4,016251	4,680649	-1,929230
-4,296371	4,730927	-2,379349
-4,457977	4,686630	-2,817490
-4,583679	4,571716	-3,198166
-4,801544	4,454391	-3,614746
-5,073288	4,351440	-4,008606
-5,276794	4,232925	-4,453918
-5,337845	4,115616	-4,811859
-5,331863	4,012665	-5,069229
-5,426437	3,940842	-5,181763
-5,614380	3,975555	-5,313446
-5,816681	3,981537	-5,484619
-5,884918	3,949219	-5,649826
-5,929214	3,914505	-5,762344
-5,972305	3,907318	-5,792282
-6,074066	3,944427	-5,776718
-6,169830	3,962387	-5,756363
-6,191376	4,012665	-5,666580
-6,166245	4,041397	-5,440338
-6,204544	4,090485	-5,139862
-6,202148	4,053375	-4,918396
-6,318268	4,043793	-4,781921
-6,560089	4,141953	-4,838196
-6,685776	4,198212	-4,972260
-6,713318	4,153931	-4,995010
-6,702545	4,152725	-4,991425
-6,736053	4,115616	-5,048874
-6,865341	4,128784	-5,167389
-6,975479	4,234131	-5,323013
-7,023361	4,402924	-5,482224
-7,079620	4,582489	-5,634262
-7,030548	4,771622	-5,810242
-6,886887	4,890137	-5,878464
-6,804291	5,036194	-5,964661
-6,720490	5,222931	-6,053253
-6,597198	5,371368	-6,056839
-6,532547	5,582062	-5,898819
-6,488266	5,747269	-5,710876
-6,409256	5,856201	-5,528915
-6,307495	5,940002	-5,312241
-6,206940	6,066895	-5,069229
-6,115967	6,278778	-4,845367
-6,021393	6,598404	-4,560455
-5,827454	6,885712	-4,349777
-5,623947	7,102386	-4,109161
-5,455154	7,281952	-3,747635
-5,331863	7,416031	-3,460327
-5,214539	7,569260	-3,107178
-5,066101	7,690155	-2,748047
-4,961960	7,817047	-2,495468
-4,845840	7,942749	-2,238083
-4,636337	7,987045	-2,010635
-4,428055	7,965500	-1,839447
-4,115601	7,888885	-1,637146
-3,779221	7,904434	-1,368988
-3,614014	8,121109	-1,135559
-3,494308	8,388077	-0,999084
-3,333893	8,559250	-0,876984
-3,153137	8,677765	-0,843460
-2,991531	8,690933	-0,830292
-2,980759	8,723251	-0,902115
-3,086105	8,817825	-0,967957
-3,217773	8,948318	-1,037399
-3,313553	9,106323	-1,189423
-3,399734	9,278717	-1,370193
-3,477554	9,469055	-1,492294
-3,460785	9,627075	-1,542572
-3,333893	9,803040	-1,558136
-3,106445	9,855713	-1,494690
-2,844284	9,890427	-1,396530
-2,613251	9,892822	-1,224136
-2,416916	9,917969	-1,009857
-2,151169	9,872482	-0,717773
-1,885406	9,764740	-0,438843
-1,657959	9,643829	-0,153931
-1,410156	9,563629	0,036407
-1,128845	9,413986	0,220764
-0,870270	9,368500	0,500885
-0,682327	9,367294	0,816910
-0,515930	9,597137	0,967743
-0,286087	10,079575	1,008453
0,026367	10,483002	1,112595
0,407043	10,845718	1,299347
0,770966	11,092316	1,550735
1,098969	11,285049	1,779388
1,401825	11,379623	1,943390
1,626892	11,391602	2,066681
1,794479	11,402374	2,139709
1,839966	11,354492	2,120560
1,915390	11,255127	2,052322
2,044678	11,166534	2,040359
2,229034	11,149780	2,024796
2,498383	11,162949	1,993668
2,779694	11,208435	1,945786
2,992783	11,305405	1,931412
3,098129	11,416733	1,877548
3,130447	11,535248	1,788956
3,021515	11,725586	1,792557
2,955673	11,970993	1,784180
2,943695	12,190063	1,890717
3,001160	12,284637	2,016403
3,130447	12,229568	2,145691
3,239380	12,097885	2,361176
3,377045	11,968597	2,576660
3,549438	11,888397	2,811279
3,720612	11,822556	3,061478
3,894196	11,748337	3,296112
4,076157	11,634613	3,397858
4,268890	11,488556	3,383499
4,441269	11,232376	3,385895
4,538239	10,978592	3,375122
4,622040	10,873245	3,403854
4,699844	10,769104	3,332031
4,757309	10,688904	3,201538
4,841110	10,636230	3,002823
4,940460	10,577560	2,792130
5,012283	10,584747	2,544327
4,976379	10,660172	2,199570
4,900955	10,693680	1,878738
4,884201	10,633835	1,605804
4,945251	10,431519	1,340042
5,062561	10,207657	1,161682
5,121231	10,012543	1,001266
5,240936	9,793472	0,909088
5,345078	9,549255	0,955780
5,358246	9,340958	1,001266
5,414520	9,127884	1,027603
5,537811	8,906418	0,990494
5,674286	8,626297	0,980911
5,762863	8,386871	0,936630
5,784424	8,194138	0,881561
5,766464	7,935562	0,765442
5,761673	7,789520	0,573898
5,882584	7,576431	0,369202
5,969971	7,337021	0,195618
6,021439	7,156250	-0,078522
6,054962	7,035339	-0,509476
6,052567	6,916840	-0,953598
5,998703	6,798325	-1,408493
5,986725	6,637909	-1,835861
5,971161	6,479889	-2,287170
5,928070	6,402084	-2,744461
5,887375	6,399689	-3,235275
5,967575	6,285965	-3,655457
6,135162	6,124359	-3,981064
6,355438	6,034576	-4,248016
6,630768	5,949570	-4,465897
6,894135	5,918457	-4,725662
7,041382	5,999847	-5,029724
7,157486	6,041748	-5,364914
7,193405	6,074081	-5,749176
7,219742	6,114777	-6,109512
7,283188	6,107590	-6,380051
7,323883	6,123154	-6,632645
7,321503	6,156677	-6,746368
7,246078	6,192581	-6,799042
7,157486	6,186600	-6,759537
7,108414	6,194977	-6,708054
6,970749	6,220123	-6,581161
6,812729	6,205750	-6,445892
6,730133	6,187805	-6,358505
6,660690	6,190186	-6,263931
6,640350	6,178223	-6,103531
6,594849	6,183014	-5,901215
6,467957	6,179413	-5,763550
6,315933	6,224915	-5,634262
6,130386	6,291946	-5,509766
5,985535	6,308701	-5,429550
5,759277	6,363770	-5,311050
5,533020	6,423630	-5,184158
5,266068	6,467926	-5,051270
4,983551	6,549316	-5,027328
4,740540	6,599594	-4,981842
4,502319	6,658264	-4,904037
4,284454	6,713333	-4,783127
4,064178	6,757614	-4,650238
3,938492	6,771988	-4,501801
3,921722	6,751633	-4,222885
3,943283	6,791138	-3,990646
3,969620	6,765991	-3,663834
3,988770	6,745651	-3,331039
3,976791	6,739655	-3,030563
4,019897	6,779160	-2,763611
3,926514	6,823456	-2,524200
3,840332	6,853394	-2,372162
3,756531	6,815079	-2,285965
3,762512	6,811493	-2,216537
3,772095	6,774384	-2,171051
3,761322	6,707336	-2,117172
3,779282	6,728882	-2,038177
3,779282	6,763611	-1,965149
3,685898	6,789948	-1,872971
3,543442	6,797119	-1,773605
3,418945	6,807892	-1,614395
3,355499	6,781555	-1,359421
3,219025	6,815079	-1,110413
3,035873	6,898880	-0,873398
2,864685	6,973099	-0,650726
2,692307	7,053299	-0,492706
2,555832	7,108368	-0,316742
2,485214	7,111954	-0,156326
2,481613	7,126328	0,065140
2,557037	7,121536	0,254272
2,670761	7,145477	0,420670
2,796448	7,188568	0,565521
2,879059	7,249634	0,650513
2,971237	7,223297	0,711563
3,011932	7,165833	0,770233
3,064606	7,010208	0,901917
3,126862	6,860565	1,056335
3,112488	6,760010	1,274200
3,028687	6,737274	1,545944
2,858704	6,779160	1,895508
2,697098	6,798325	2,192383
2,528305	6,810287	2,388702
2,336761	6,834229	2,543137
2,181152	6,874939	2,667633
2,026718	6,848602	2,713120
1,804062	6,829437	2,836426
1,543091	6,885712	2,962112
1,296494	6,938385	3,087814
1,036713	6,943176	3,205124
0,797302	6,915634	3,249420
0,705124	6,779160	3,353577
0,790115	6,619949	3,564255
0,870316	6,378143	3,849167
0,927780	6,244064	4,185562
0,917007	6,181808	4,409409
0,871521	6,093231	4,736221
0,864334	5,945984	5,012756
0,786530	5,807114	5,256958
0,664413	5,777191	5,399414
0,514786	5,645508	5,564621
0,403458	5,550934	5,799255
0,323242	5,491089	6,170349
0,296906	5,476715	6,573776
0,266983	5,413269	6,955643
0,307678	5,312714	7,275269
0,326843	5,249268	7,429703
0,330429	5,188217	7,562576
0,271774	5,087662	7,617645
0,251419	4,987106	7,791229
0,278946	4,843460	8,113251
0,269379	4,724945	8,485550
0,158051	4,644730	8,838684
-0,056244	4,572906	9,190628
-0,314804	4,539398	9,538986
-0,568588	4,515442	9,898117
-0,793655	4,466370	10,113602
-1,031876	4,455597	10,239288
-1,271301	4,516647	10,205780
-1,370651	4,521439	10,157898
-1,474808	4,444824	10,005859
-1,586136	4,413696	9,850235
-1,610077	4,371796	9,591660
-1,477188	4,326309	9,383362
-1,280869	4,243713	9,347458
-1,015121	4,144348	9,515045
-0,821182	4,086884	9,736511
-0,721817	4,085693	10,003464
-0,718231	4,082092	10,266830
-0,706268	3,979141	10,460754
-0,743378	3,836685	10,633148
-0,810410	3,715790	10,752853
-0,863083	3,652344	10,813904
-0,873856	3,608047	10,797150
-0,982788	3,591293	10,690598
-1,083344	3,652344	10,485901
-1,104904	3,640366	10,239288
-0,967224	3,475174	10,027405
-0,736191	3,333908	9,959167
-0,494370	3,289612	10,110016
-0,304031	3,234558	10,303940
-0,274109	3,204620	10,478714
-0,344742	3,155548	10,549347
-0,422546	3,019073	10,600815
-0,506348	2,912537	10,751648
-0,575775	2,893372	10,963547
-0,621262	2,875427	11,088043
-0,604507	2,843094	11,241272
-0,604507	2,773666	11,372955
-0,610489	2,687469	11,350204
-0,545853	2,632416	11,353790
-0,293259	2,597687	11,338242
-0,017929	2,568970	11,368164
0,241837	2,561783	11,343018
0,348389	2,523468	11,333450
0,351974	2,464813	11,381332
0,269379	2,398972	11,449570
0,056290	2,359467	11,534561
-0,180740	2,353485	11,630325
-0,378250	2,341507	11,649475
-0,490784	2,348694	11,624344
-0,605713	2,334335	11,495056
-0,623657	2,325958	11,311905
-0,465652	2,273285	11,259232
-0,269318	2,239761	11,413651
-0,209473	2,261307	11,515411
-0,195099	2,263702	11,527374
-0,186722	2,219406	11,484283
-0,130463	2,073364	11,586029
-0,069397	2,019501	11,715317
-0,033493	2,000336	11,957138
0,021576	1,984772	12,124725
-0,005951	1,918930	12,293518
-0,077789	1,934494	12,452728
-0,161575	1,983582	12,514984
-0,248962	1,993164	12,433578
-0,347137	1,958435	12,279160
-0,424942	1,906967	12,099594
-0,441696	1,917740	11,943970
-0,426147	1,952454	11,700958
-0,380646	1,976395	11,383728
-0,271713	1,911758	11,170639
-0,080185	1,775284	11,042557
0,099380	1,634033	10,946777
0,214310	1,577759	10,851013
0,255005	1,533478	10,787567
0,271774	1,460449	10,781586
0,277756	1,376648	10,846222
0,271774	1,302429	11,046143
0,215500	1,228210	11,277176
0,129318	1,144409	11,484283
0,065872	1,059418	11,639908
-0,028702	0,957672	11,659058
-0,072998	0,908585	11,638702
-0,114899	0,863098	11,554916
-0,160385	0,822388	11,412460
-0,242981	0,804443	11,297531
-0,275299	0,800842	11,141907
-0,311218	0,804443	10,982697
-0,371078	0,815216	10,809113
-0,393814	0,784088	10,751648
-0,228622	0,733810	10,791153
-0,101730	0,752960	10,823486
0,020370	0,762543	10,888123
0,126923	0,720642	10,927628
0,189163	0,726624	10,849823
0,158051	0,695496	10,732498
0,124527	0,696701	10,533783
0,154449	0,682327	10,318298
0,177200	0,657196	10,112396
0,150864	0,703873	9,892136
0,098190	0,715851	9,637161
0,131714	0,719437	9,487518
0,186768	0,711060	9,386963
0,166428	0,731415	9,351044
0,153259	0,779297	9,421677
0,116150	0,785278	9,485123
0,158051	0,726624	9,622787
0,209518	0,711060	9,814331
0,237061	0,713455	10,008255
0,202332	0,750565	10,148315
0,180786	0,729019	10,227325
0,192764	0,655991	10,295563
0,216705	0,657196	10,274017
0,174805	0,715851	10,236908
0,107773	0,735001	10,222534
0,111359	0,712265	10,141129
0,152054	0,702682	9,956787
0,168823	0,691910	9,799957
0,180786	0,691910	9,716156
0,202332	0,693100	9,772430
0,264587	0,713455	9,867004
0,342392	0,726624	9,931641
0,390289	0,724228	9,887344
0,377121	0,665573	9,797562
0,385498	0,691910	9,687439
0,415421	0,713455	9,665878
0,436966	0,724228	9,632370
0,395065	0,727829	9,518646
0,341202	0,764938	9,403717
0,378311	0,732605	9,305557
0,446548	0,715851	9,329498
0,507599	0,699097	9,390549
0,555481	0,726624	9,383362
0,530350	0,787674	9,384567
0,514786	0,758942	9,385757
0,551895	0,706268	9,426468
0,563858	0,664383	9,419281
0,547104	0,684723	9,385757
0,486053	0,707474	9,370193
0,508789	0,721832	9,451599
0,579422	0,690704	9,536591
0,569855	0,677536	9,566528
0,615341	0,660782	9,572510
0,644073	0,675156	9,518646
0,684769	0,678741	9,470764
0,732651	0,677536	9,444427
0,787720	0,655991	9,416885
0,768570	0,652405	9,449203
0,685959	0,694305	9,428864
0,603363	0,683533	9,459976
0,596176	0,670364	9,527023
0,583008	0,632050	9,610825
0,535126	0,646423	9,723343
0,493240	0,652405	9,801163
0,451340	0,628464	9,880173
0,470490	0,588959	9,935226
0,429779	0,638046	10,035782
0,416626	0,598541	10,095642
0,413025	0,587753	10,112396
0,428589	0,606918	10,111206
0,401062	0,620087	9,951996
0,420212	0,661987	9,793976
0,409439	0,672760	9,689819
0,428589	0,671555	9,683838
0,421402	0,689514	9,712570
0,398666	0,700287	9,689819
0,399857	0,681137	9,638351
0,423798	0,664383	9,680252
0,439362	0,655991	9,686234
0,549500	0,646423	9,761658
0,580627	0,600922	9,899323
0,514786	0,726624	9,814331
0,444153	0,758942	9,817917
0,453735	0,691910	9,880173
0,502808	0,684723	9,853836
0,494431	0,701492	9,708984
0,441757	0,742188	9,592865
0,415421	0,758942	9,511459
0,356766	0,776901	9,534210
0,328033	0,812820	9,621597
0,293320	0,784088	9,695816
0,237061	0,756546	9,789185
0,251419	0,725433	9,894531
0,300507	0,727829	10,027405
0,359161	0,739792	10,115997
0,383102	0,799652	10,131561
0,441757	0,831970	10,032196
0,470490	0,778107	9,861008
0,481262	0,737396	9,749680
0,526749	0,761337	9,681442
0,565063	0,785278	9,639542
0,562668	0,830765	9,626373
0,555481	0,853516	9,572510
0,526749	0,854721	9,628769
0,471680	0,822388	9,657501
0,411835	0,837952	9,657501
0,384293	0,846329	9,701797
0,336411	0,847534	9,644333
0,349579	0,830765	9,552155
0,410629	0,822388	9,538986
0,506393	0,814011	9,633560
0,599777	0,831970	9,780807
0,706314	0,827179	9,886154
0,703918	0,792465	9,907700
0,668015	0,776901	9,852631
0,584213	0,770920	9,789185
0,476471	0,761337	9,756866
0,348389	0,828384	9,756866
0,318451	0,860703	9,761658
0,307678	0,882248	9,675461
0,349579	0,867889	9,564133
0,414230	0,825989	9,588074
0,402252	0,825989	9,519836
0,342392	0,834366	9,404922
0,342392	0,828384	9,359421
0,403458	0,815216	9,418091
0,468094	0,802048	9,509064
0,504013	0,809219	9,607224
0,519562	0,823593	9,710175
0,505203	0,794861	9,749680
0,438171	0,798447	9,743698
0,324448	0,825989	9,713776
0,243042	0,860703	9,622787
0,159241	0,864288	9,598846
0,129318	0,786484	9,661102
0,167618	0,814011	9,679047
0,190369	0,848724	9,742493
0,246628	0,812820	9,736511
0,356766	0,810425	9,637161
0,427399	0,824783	9,561737
0,451340	0,785278	9,523422
0,458511	0,787674	9,451599
0,440567	0,794861	9,501877
0,369934	0,830765	9,505478
0,237061	0,873871	9,487518
0,164032	0,830765	9,510254
0,170013	0,814011	9,549759
0,153259	0,831970	9,679047
0,141281	0,828384	9,743698
0,131714	0,854721	9,793976
0,098190	0,859497	9,841858
0,129318	0,842743	9,930450
0,211914	0,822388	9,999878
0,268173	0,835556	9,954391
0,294510	0,873871	9,895721
0,318451	0,839157	9,855026
0,367538	0,816406	9,780807
0,366333	0,870270	9,645538
0,336411	0,893021	9,576096
0,293320	0,887039	9,510254
0,278946	0,873871	9,488708
0,314865	0,877457	9,450409
0,344788	0,859497	9,515045
0,308884	0,889435	9,565323
0,356766	0,888229	9,687439
0,460907	0,884644	9,760452
0,525558	0,878662	9,776016
0,544708	0,901398	9,766434
0,531540	0,899002	9,706589
0,450134	0,901398	9,676651
0,351974	0,912170	9,617996
0,222687	0,894226	9,628769
0,138885	0,907394	9,639542
0,057495	0,859497	9,647934
0,081436	0,876266	9,584488
0,130508	0,866684	9,547379
0,209518	0,878662	9,573715
0,278946	0,895416	9,671875
0,280151	0,897812	9,771225
0,288528	0,897812	9,791580
0,386688	0,848724	9,760452
0,459717	0,821198	9,760452
0,456116	0,852325	9,634766
0,423798	0,870270	9,554550
0,361557	0,883438	9,531815
0,277756	0,942108	9,488708
0,210724	0,915771	9,467163
0,160446	0,925339	9,406113
0,154449	0,931335	9,413300
0,177200	0,895416	9,499481
0,187973	0,888229	9,522232
0,282547	0,876266	9,573715
0,377121	0,858307	9,671875
0,433380	0,899002	9,756866
0,489639	0,908585	9,760452
0,519562	0,875061	9,735321
0,435776	0,849930	9,667084
0,365143	0,843933	9,634766
0,307678	0,851120	9,653915
0,307678	0,845139	9,655106
