-3,575193	-0,790437	-1,192487
-2,323979	-0,471497	-0,785477
-2,464295	-0,760180	-0,973066
-1,963776	-0,301758	-0,717176
-1,548042	-0,080554	-0,642678
-1,269072	-0,087422	-0,652016
-0,931001	-0,230790	-0,429697
-0,760120	-1,088471	-0,458652
-0,991078	-1,123545	-0,903097
-2,922245	-0,531173	-1,228014
-4,298666	-2,079422	-1,403692
-4,059364	-0,997149	-0,969761
-3,576856	-1,732196	-0,944321
-2,708291	-1,860655	-0,449071
-1,867906	-1,817889	-0,083509
-0,912191	-1,798996	0,132343
-0,002086	-1,347281	0,404601
0,909829	-0,204625	0,836877
1,815534	0,678861	1,190358
2,340947	1,102243	1,266332
8,626794	3,871825	3,657259
7,920168	3,756189	3,500281
-0,417902	0,014922	0,156031
0,692071	0,762583	0,821853
7,563874	3,460695	2,726262
-0,139535	0,561338	0,755641
6,898589	3,299699	2,673292
6,278755	2,632244	2,155940
-2,180283	-0,584125	0,167182
-1,200391	-0,168574	0,631623
6,242974	2,555061	2,062868
5,605234	2,103421	1,362228
-2,855057	-0,844426	-0,049507
-2,046596	-0,399793	-0,169820
5,787257	2,078928	0,683455
4,844275	1,839314	0,500807
-3,549113	-0,927311	-0,418666
-2,624820	-0,649933	-0,005568
5,371244	1,807600	0,556136
4,434869	1,530336	0,774274
-3,923205	-1,103277	0,058828
4,335487	1,587951	0,968932
-4,013321	-1,062339	0,412431
-3,180019	-0,803913	0,498457
4,937696	1,689569	0,761481
-3,523894	-1,065300	-0,029278
4,633956	1,586621	0,206236
3,806740	1,253977	-0,110758
-4,407680	-1,435679	-0,318265
3,827268	1,669243	-0,103461
-4,276278	-1,436434	-0,218601
3,986007	2,051622	0,229039
-4,149287	-1,130531	0,047399
-3,028363	-0,981022	0,160474
4,749002	2,391722	0,287959
4,097929	1,086135	0,084834
-3,893350	-2,307631	-0,091713
-3,061063	-2,443557	-0,402735
4,464520	1,744325	-0,056679
3,372465	1,142692	-0,221515
-4,215398	-2,785017	-0,442721
2,860316	2,016544	0,235295
-4,243108	-2,707919	-0,278681
-3,325549	-2,288890	-0,429756
3,870921	2,490043	0,123113
2,753899	1,865575	0,234747
-3,801571	-3,491179	-0,622187
-3,309345	-3,566568	-0,827115
3,357214	2,130385	0,148293
1,458172	1,894074	-0,519292
-4,123750	-4,125384	-1,736439
-3,582407	-3,951378	-2,170435
2,424361	2,479542	-0,415343
-3,412075	-4,499572	-2,350308
1,642694	2,636119	0,003016
-3,494799	-5,046039	-2,064681
1,576515	2,198945	0,231518
-0,276692	1,178129	0,598055
-3,523042	-5,761618	-1,909575
-2,703539	-5,934414	-1,466383
-0,010516	2,209110	1,746095
-0,023732	0,648980	0,630911
-2,171301	-6,437458	-2,414473
-1,913213	-7,126156	-2,015834
-0,433610	1,292154	1,770025
-0,683913	-1,011403	1,668789
-1,644091	-7,802200	-2,047662
-1,636978	-6,892830	-0,971740
-1,402195	1,400109	2,928272
-1,350849	-5,212152	-0,696657
-1,173292	2,744651	3,148339
-1,083470	-4,603758	-0,466986
-0,959389	3,231366	3,332075
-1,011923	-4,612686	-1,430646
-1,344744	3,134617	2,687614
-0,486972	-4,608141	-2,562899
-1,205811	3,078949	1,837012
-1,301673	2,700609	1,852592
-0,225105	-4,604973	-2,405258
-0,746898	-2,657585	-1,188880
-1,459414	4,657074	2,895349
-1,236467	3,825233	2,086489
-0,127279	-3,722956	-2,177261
-0,607831	3,698358	0,991041
0,188255	-3,894209	-2,966410
0,365075	-2,908556	-3,238668
-0,382460	4,526050	1,168308
0,414510	-2,573325	-3,437368
0,052848	4,933026	0,798013
0,325686	4,865579	0,561814
0,539309	-3,099224	-3,098456
0,979584	6,157599	1,184620
0,518937	-2,209608	-2,302068
0,667918	-0,626399	-1,711441
0,799065	6,634568	1,880611
0,581332	-1,659521	-2,411664
1,598226	5,837734	1,057758
0,244996	-2,410908	-2,853230
1,329157	5,236625	0,704505
1,928669	3,988685	0,093472
-0,064927	-3,949960	-2,748565
0,430616	-3,841677	-2,129916
1,952355	4,067567	1,119410
2,629052	3,270917	0,372424
-0,227104	-4,495080	-2,055917
0,339173	-2,676906	-0,909407
3,304295	4,873533	1,044244
2,819608	4,802665	1,172420
-0,777270	-3,172926	-0,833834
3,381475	4,570195	0,251009
-1,129599	-3,100036	-0,893441
-0,221970	-1,951513	-0,707093
3,657203	5,194982	0,528574
-0,564333	-2,041052	-0,319046
3,383313	5,123350	0,839012
-0,737487	-2,006442	0,197393
3,681721	4,943140	0,807060
-0,698242	-3,244852	0,724169
3,713116	3,952412	1,228481
4,082275	2,208671	1,146864
-1,305749	-4,601722	0,617463
-0,385870	-3,566483	0,953549
4,468397	3,369950	0,794609
-0,696838	-2,830149	1,109455
4,219622	3,959017	0,919333
-0,788623	-2,910389	1,193915
4,146194	3,894825	0,986901
-0,793748	-3,811964	1,347545
4,206456	3,123480	1,025154
-1,047349	-3,865758	1,891738
4,063164	3,032034	1,380714
-1,390085	-3,484544	2,003212
3,788976	3,337006	1,469893
3,433011	1,593635	1,292552
-2,150504	-4,853773	1,126678
-1,115291	-4,158765	1,115812
4,004680	2,801669	0,800014
-1,111036	-4,477139	1,176907
4,013868	2,542734	1,003149
-1,484792	-4,343026	1,437924
3,714864	2,650024	1,211962
-1,992084	-4,012085	1,643272
3,315540	2,907684	1,478099
2,442433	2,318924	1,328429
-2,959731	-4,232011	0,469905
-2,589915	-3,898806	-0,673448
2,841745	2,968106	0,054080
-3,176457	-4,057349	-1,491711
2,372513	2,841271	-0,600531
-3,528865	-3,308597	-1,364330
2,101987	3,378324	-0,096682
-3,825623	-2,786367	-1,271278
1,864580	3,796108	-0,022240
0,778562	3,131642	0,234521
-4,270836	-3,446132	-1,289268
-3,891567	-3,063292	-2,034829
1,780431	3,500812	-0,150977
-3,806365	-3,480161	-2,961085
1,669889	3,057605	-0,090249
-3,639498	-3,594800	-3,836790
1,803383	2,965893	-0,790813
-3,716534	-3,438381	-4,412560
1,452918	3,046256	-0,639799
0,871267	2,620837	-1,476955
-3,729131	-3,700292	-4,071814
-3,542459	-2,600229	-4,260865
1,042090	3,644552	0,299762
-3,938564	-1,813339	-5,046531
0,725206	4,274064	-0,328772
-3,563981	-1,547179	-5,219994
1,024873	4,486992	-0,467542
-0,355910	3,276218	-1,263334
-3,827538	-3,020174	-5,154939
-3,460332	-2,331883	-5,027789
0,395682	3,674865	0,543153
0,293567	3,644580	0,534098
-2,929095	-2,624708	-4,138105
-2,741578	-1,464015	-2,751329
0,718995	4,335422	2,568084
0,322428	4,341537	2,345534
-2,654315	-2,033404	-2,892721
-2,468136	-0,730544	-2,383114
0,749815	4,915980	2,979464
-2,469156	-0,786347	-2,762812
0,748999	4,871338	2,675705
-2,791514	-0,730145	-2,776029
0,491113	4,916299	2,665131
-3,196974	-0,081404	-2,141078
0,131780	5,460227	3,164317
-3,564370	0,183270	-1,709974
-0,161241	5,687544	3,490998
-3,899259	0,104437	-1,813411
-0,429152	5,624477	3,408248
-1,242565	4,920039	2,648627
-3,734859	-1,519817	-2,807636
-1,028364	4,385528	2,190212
-3,563498	-1,947426	-3,174369
-3,455911	-1,649857	-2,646730
0,124784	3,968263	2,906085
-3,065434	-2,626734	-2,070511
0,437166	3,186762	3,367060
-2,463184	-3,795771	-1,326406
0,918965	2,251532	3,962344
1,285964	0,733601	4,037889
-1,944296	-4,652377	-1,795631
-1,065220	-4,572123	-0,946287
2,295550	1,523175	4,222873
2,096869	0,720663	3,554471
-1,470231	-4,604343	-2,136326
-0,739585	-3,951562	-1,571187
2,761097	1,958920	3,651406
2,369730	1,505859	3,319427
-1,456981	-3,915483	-2,252815
-1,012392	-3,477070	-1,151182
2,804060	2,234858	3,908425
2,365802	0,998942	3,379509
-1,721333	-4,217360	-2,125764
2,787200	0,744215	2,785291
-1,674078	-4,288696	-2,510437
-1,086494	-4,265859	-2,261118
3,034642	1,471382	2,929775
-1,231015	-3,998030	-2,333573
3,264927	1,553180	2,706001
-1,162899	-3,126078	-1,879543
3,319420	2,250742	3,069225
3,422995	1,921474	2,879260
-1,865181	-3,074877	-2,065240
-1,147461	-2,682031	-1,345806
3,685609	2,466431	3,292002
-1,409981	-3,037213	-1,336744
3,823180	2,044868	3,055240
-1,532618	-2,080439	-1,029373
3,725071	2,810287	3,301137
3,872862	2,204474	2,690130
-2,155888	-2,552408	-1,761324
-1,479601	-2,777253	-1,370760
4,342080	1,922608	2,623459
3,335791	1,078508	2,037490
-2,857129	-3,281604	-2,090075
-1,910380	-2,403153	-0,936734
4,230911	2,051279	2,798764
3,591540	2,728693	3,027955
-2,885984	-1,790847	-1,125787
-2,469640	-1,363741	-0,801054
3,994149	2,622119	2,840914
3,225958	2,358124	2,127198
-3,389094	-1,826613	-1,779999
3,345615	1,650503	1,467078
-3,441676	-2,136075	-2,314868
-2,783979	-2,022906	-2,142961
3,890985	1,838153	1,774161
-2,821549	-1,978296	-1,961966
3,982542	1,680552	1,889590
-3,115025	-1,558743	-1,418975
3,747762	2,016193	2,323982
2,789136	1,721919	2,147984
-4,105785	-1,703550	-1,730847
-3,514418	-1,255605	-1,576169
3,525560	2,076601	2,188299
2,311293	1,500764	1,404562
-4,545719	-1,696978	-2,377809
-4,019557	-1,258007	-1,879268
3,200214	1,744205	2,077088
2,361021	1,234511	1,784225
-4,527043	-1,763001	-2,153123
-4,027596	-1,762745	-1,913990
3,189219	1,214649	2,150450
2,191371	0,764909	1,521209
-4,658198	-2,012918	-2,464674
2,365940	0,970575	1,604383
-4,498473	-1,796790	-2,468788
-3,637076	-1,215302	-1,890774
3,481564	1,601008	2,239675
-3,544697	-0,924780	-1,792042
3,527813	1,827769	2,369191
2,745653	1,929454	2,109823
-4,167048	-1,024031	-2,114966
2,166486	1,386563	1,631084
-4,617156	-1,464200	-2,516067
-7,891212	-2,534778	-2,686903
0,037374	0,545629	1,671412
-1,747634	-0,045863	-1,871032
4,929308	2,552991	2,351085
-0,132032	-1,190699	-2,319387
6,221789	1,637122	1,992401
4,049757	1,345414	2,152926
-3,079093	-1,556726	-2,110101
-3,045407	-0,464097	-1,243821
3,872939	2,329014	2,806340
2,646432	1,878531	1,992304
-4,192120	-1,197467	-2,207554
-3,031990	-0,705205	-2,018812
3,851406	2,227495	2,173749
3,188360	1,651783	1,447933
-3,726310	-1,470234	-2,630452
-2,988708	-1,513211	-2,609899
3,834085	1,608760	1,765548
2,975352	1,179773	0,960519
-3,844769	-1,875511	-3,085052
-3,206030	-1,554026	-2,667192
3,603242	1,567689	1,816282
-3,308452	-1,281011	-2,167645
3,521305	1,786101	2,215919
-3,266766	-1,297773	-1,679423
3,554653	1,772692	2,606497
-3,232428	-1,576589	-1,719304
3,561054	1,554058	2,604187
2,793876	1,172624	2,047545
-3,887567	-1,883204	-2,374727
-3,140693	-1,475924	-2,037655
3,610114	1,640563	2,382638
2,937718	1,074233	1,677066
-3,745523	-1,953488	-2,717813
3,036983	1,265703	1,734885
-3,642114	-1,769973	-2,728037
3,196308	1,527409	2,033091
-3,514654	-1,560608	-2,489473
-2,750446	-1,141251	-1,914982
3,871344	1,869534	2,583960
-2,943987	-1,309887	-2,018139
3,707326	1,723746	2,522258
2,905988	1,246407	2,028545
-3,731470	-1,772154	-2,524672
-3,008155	-1,685811	-2,134632
3,649736	1,420631	2,439802
-3,167110	-1,724691	-2,486733
3,520597	1,401596	2,152935
2,847116	1,251491	1,730008
-3,776592	-1,780156	-2,758315
3,137399	1,569127	2,121627
-3,549178	-1,546459	-2,424167
-2,862321	-1,267806	-1,824439
3,769240	1,787516	2,661918
-3,043705	-1,272172	-1,517036
3,632664	1,805141	2,880793
-3,199795	-1,332808	-1,766809
3,521269	1,765503	2,654773
2,778717	1,343465	1,894029
-3,858132	-1,756977	-2,552997
-3,109485	-1,405582	-2,264527
3,607148	1,719359	2,227674
-3,201357	-1,445358	-2,257157
3,533649	1,687538	2,233570
-3,237177	-1,424857	-2,106906
3,504993	1,703939	2,353771
2,823270	1,447661	2,040398
-3,847735	-1,708929	-2,372868
-3,078188	-1,359483	-1,859996
3,643800	1,779470	2,517190
2,897426	1,377577	1,971582
-3,793775	-1,780273	-2,408730
3,110234	1,322581	2,098825
-3,634088	-1,841928	-2,277812
3,207345	1,349854	2,081005
-3,556398	-1,820109	-2,292068
-2,791501	-1,517365	-1,887272
3,889074	1,686100	2,447054
3,051851	1,405252	1,919863
-3,690322	-1,786205	-2,398520
-2,944599	-1,444283	-1,895837
3,776124	1,754980	2,417741
-3,095584	-1,445145	-1,969579
3,667054	1,764277	2,332988
-3,232857	-1,463014	-2,049921
3,557236	1,749982	2,268715
2,893350	1,365472	1,889445
-3,838104	-1,831800	-2,379653
-3,093462	-1,465440	-1,942021
3,690153	1,747506	2,321594
2,929143	1,375026	1,834297
-3,821608	-1,819837	-2,407773
-3,011328	-1,425231	-1,887921
3,767109	1,777946	2,348222
2,998368	1,407037	1,886237
-3,777477	-1,792501	-2,349569
3,165520	1,526093	1,988561
-3,655086	-1,700921	-2,246729
3,255774	1,584038	2,147429
-3,582883	-1,654565	-2,119634
3,308323	1,630569	2,107029
-3,550950	-1,611468	-2,140092
-2,817781	-1,342792	-1,842287
3,943383	1,841689	2,351885
-3,065881	-1,381294	-2,059102
3,752713	1,793733	2,178807
3,009830	1,412007	1,666449
-3,797554	-1,769162	-2,492929
3,168639	1,427010	1,850012
-3,679430	-1,754349	-2,333707
-2,981843	-1,388160	-1,836327
3,828867	1,785429	2,344655
-3,105290	-1,436976	-1,922673
3,743929	1,744056	2,254745
-3,225358	-1,460093	-1,874193
3,647874	1,725562	2,293530
-3,309861	-1,398292	-1,866144
3,591619	1,764297	2,289454
2,865636	1,388459	1,777945
-3,946999	-1,772164	-2,360013
-3,172918	-1,486668	-2,025884
3,708996	1,688156	2,152876
2,967197	1,342866	1,630385
-3,873573	-1,803198	-2,469275
3,147566	1,377744	1,722558
-3,736032	-1,779385	-2,381209
-2,981165	-1,323932	-1,851349
3,869152	1,822434	2,278176
-3,151103	-1,324057	-1,775862
3,742902	1,816605	2,326784
2,979002	1,437965	1,915045
-3,880583	-1,725479	-2,215438
3,129767	1,418425	1,844141
-3,768717	-1,733005	-2,263733
-2,984335	-1,447681	-1,979499
3,885062	1,709600	2,155447
-3,172141	-1,484746	-2,045327
3,745429	1,678335	2,086173
3,004003	1,449903	1,791493
-3,879940	-1,706209	-2,289240
-3,080973	-1,311350	-1,678199
3,824628	1,812129	2,373077
-3,229704	-1,549379	-1,832494
3,713993	1,617323	2,238850
-3,341881	-1,570628	-1,990361
3,624251	1,600324	2,112556
2,899612	1,259529	1,628929
-3,985937	-1,851451	-2,386544
-3,204069	-1,343287	-1,886256
3,742372	1,784444	2,180683
3,006267	1,475021	1,819579
-3,905323	-1,680565	-2,224801
-3,147237	-1,398070	-1,802820
3,799128	1,739484	2,228953
3,062281	1,276692	1,721885
-3,867093	-1,836586	-2,293701
-3,078355	-1,538205	-1,880919
3,860800	1,634404	2,149658
3,080981	1,322843	1,773344
-3,858700	-1,806694	-2,235718
-3,079300	-1,330461	-1,696658
3,868278	1,807341	2,277463
3,102282	1,507150	1,906226
-3,849893	-1,665989	-2,109808
-3,102893	-1,317472	-1,741464
3,857710	1,815167	2,229148
3,078508	1,421495	1,737360
-3,877218	-1,731949	-2,232431
3,251128	1,426667	1,776226
-3,744340	-1,724510	-2,194807
-2,995472	-1,379608	-1,763505
3,948865	1,762157	2,204984
-3,186151	-1,402500	-1,859461
3,800182	1,748907	2,117403
-3,308957	-1,433484	-1,865091
3,701937	1,724121	2,112898
2,961864	1,348233	1,622714
-3,979926	-1,799556	-2,300472
-3,168622	-1,523901	-1,863357
3,817358	1,662848	2,099878
3,061546	1,314959	1,687562
-3,903018	-1,830002	-2,240514
-3,130075	-1,456342	-1,761773
3,852453	1,721363	2,170006
3,051323	1,346452	1,713026
-3,915453	-1,809275	-2,209003
-3,117043	-1,424441	-1,751884
3,869336	1,751607	2,162603
3,095469	1,424264	1,684125
-3,886596	-1,751748	-2,216810
3,275810	1,422943	1,692513
-3,749120	-1,754924	-2,196207
-2,999296	-1,335002	-1,680369
3,970331	1,825276	2,205922
-3,208822	-1,433057	-1,731862
3,811655	1,746868	2,148606
-3,314070	-1,480500	-1,738614
3,727457	1,708914	2,143205
-3,419726	-1,533843	-1,788894
3,654899	1,664679	2,082580
2,939239	1,331743	1,658404
-4,039289	-1,826359	-2,186971
-3,193133	-1,461087	-1,757237
3,844239	1,723215	2,092914
3,044753	1,386232	1,666671
-3,962943	-1,783099	-2,165366
-3,170355	-1,434139	-1,801230
3,868055	1,748530	2,044363
3,063805	1,437122	1,627831
-3,953294	-1,746144	-2,183082
-3,162635	-1,396915	-1,631571
3,881134	1,781972	2,164314
3,135545	1,479195	1,792728
-3,902805	-1,716148	-2,035388
