0,030311	0,115991	0,245018
-0,165375	0,484479	-0,058734
-0,173474	0,423020	-0,028787
-0,134946	0,312550	-0,002913
-0,125193	0,231852	0,018740
-0,130807	0,187398	0,002541
-0,133368	0,167155	0,007770
-0,113409	0,160542	0,017715
-0,106999	0,163858	0,029491
-0,074112	0,117683	0,080100
-0,048755	0,121918	0,046844
-0,070608	0,139673	0,090148
-0,053618	0,176863	0,115210
-0,012242	0,132872	0,019389
0,000741	0,120665	-0,082182
0,002509	0,135790	-0,157677
-0,001826	0,101931	-0,220953
0,002372	0,093996	-0,255290
0,051690	0,081899	-0,236800
0,057636	0,061686	-0,217211
0,083463	0,045516	-0,169936
0,098374	0,004820	-0,103393
0,103602	-0,023927	-0,089416
0,114485	-0,049781	0,031898
0,079137	-0,033123	0,147149
0,050859	-0,000644	0,102399
0,065589	0,004282	0,020628
0,108013	-0,032975	-0,029469
0,124716	-0,037867	-0,090616
0,088274	-0,002522	-0,138569
0,074452	0,031503	-0,235355
0,056693	0,030951	-0,285013
0,059722	0,026678	-0,343892
0,063098	0,026127	-0,380460
0,008339	0,018021	-0,374278
0,009540	0,050818	-0,384652
0,010513	0,042571	-0,429352
0,017029	0,030223	-0,413392
0,053845	0,042367	-0,415943
0,053611	0,069331	-0,394046
0,042889	0,043014	-0,385147
0,013241	0,021960	-0,354089
-0,003774	0,060671	-0,357966
-0,005888	0,015016	-0,375435
-0,005675	0,018714	-0,386542
0,010792	0,001568	-0,428948
0,003836	-0,045670	-0,501178
-0,023738	-0,071973	-0,527346
-0,012288	-0,052794	-0,538723
0,001656	-0,028831	-0,502805
0,002289	-0,003912	-0,473106
-0,069995	0,027522	-0,525970
-0,122085	0,059371	-0,590283
-0,100536	0,049401	-0,607261
-0,010519	0,009833	-0,611260
0,015522	-0,017988	-0,569465
-0,000021	-0,050779	-0,497711
0,022957	-0,096166	-0,331128
0,064337	-0,167912	-0,180625
0,098394	-0,197537	-0,097576
0,056693	-0,182932	0,000467
0,015667	-0,153047	0,060713
-0,005667	-0,156923	0,113695
-0,017937	-0,225135	0,215456
-0,039252	-0,289276	0,348573
-0,057256	-0,315698	0,409108
-0,053471	-0,346418	0,496793
-0,004471	-0,415037	0,570775
0,006006	-0,422045	0,589737
0,023005	-0,389357	0,426783
0,036593	-0,413951	0,304072
0,019704	-0,421188	0,336153
-0,019674	-0,415478	0,426943
-0,092350	-0,390805	0,507228
-0,086332	-0,375852	0,580087
-0,174412	-0,361973	0,625910
-0,113675	-0,369059	0,840706
0,055581	-0,410176	1,117889
0,196747	-0,454557	1,379858
0,287635	-0,468980	1,517595
0,255962	-0,440309	1,535866
0,180832	-0,369483	1,450872
0,062305	-0,328155	1,253593
0,053677	-0,322851	0,983722
0,077414	-0,359795	0,739089
0,077251	-0,406598	0,490722
-0,023429	-0,430613	0,284349
-0,206450	-0,418233	0,162355
-0,380639	-0,363322	0,048488
-0,434748	-0,278206	-0,291605
-0,431124	-0,285773	-0,582845
-0,386073	-0,284160	-0,761234
-0,267684	-0,282882	-0,977701
-0,146154	-0,246411	-1,069466
-0,042216	-0,228733	-1,034662
0,031351	-0,169583	-0,915828
0,055721	-0,182590	-0,854293
0,061813	-0,217898	-0,770580
0,105957	-0,236562	-0,649985
0,138391	-0,313749	-0,467315
0,264900	-0,484679	-0,261804
0,342169	-0,628124	-0,024616
0,303423	-0,744784	0,212070
0,297328	-0,939638	0,513467
0,254146	-1,087856	0,880036
0,170749	-1,094381	1,296827
0,008267	-1,022026	1,530674
-0,126504	-0,849225	1,619107
-0,166316	-0,687998	1,672606
-0,231698	-0,576265	1,654124
-0,252399	-0,477284	1,533029
-0,338870	-0,405777	1,221638
-0,576589	-0,383033	0,916971
-0,714103	-0,337078	0,740278
-0,717804	-0,227524	0,686082
-0,565625	-0,178186	0,671449
-0,322251	-0,168403	0,549610
-0,107447	-0,221881	0,366898
0,051945	-0,247414	0,199670
0,177543	-0,288910	0,062056
0,233013	-0,282837	-0,133278
0,208444	-0,215735	-0,252192
0,172505	-0,209942	-0,414363
0,199295	-0,228281	-0,575692
0,262854	-0,304255	-0,658796
0,379802	-0,438766	-0,665904
0,445578	-0,584692	-0,639022
0,455095	-0,697600	-0,617517
0,434950	-0,741954	-0,588825
0,392967	-0,792758	-0,513199
0,255963	-0,815212	-0,428760
0,128147	-0,760385	-0,356411
0,028787	-0,680134	-0,252573
-0,087114	-0,623600	-0,132149
-0,121400	-0,563992	-0,030060
-0,264711	-0,505784	0,042994
-0,397560	-0,407508	0,226888
-0,491387	-0,314507	0,385502
-0,546345	-0,218085	0,409916
-0,419840	-0,258745	0,383474
-0,272664	-0,334364	0,334551
-0,217167	-0,312511	0,326063
-0,188101	-0,247128	0,436107
-0,134197	-0,205368	0,674496
-0,055648	-0,179614	0,816366
0,034009	-0,116885	0,776628
0,139256	-0,056154	0,718983
0,216751	-0,105250	0,652761
0,322803	-0,182845	0,503056
0,398062	-0,268859	0,398611
0,442949	-0,360656	0,297819
0,415651	-0,408239	0,196116
0,324854	-0,412773	0,093685
0,184224	-0,406842	-0,033268
0,013310	-0,370481	-0,032352
-0,152157	-0,321287	0,043063
-0,251975	-0,232127	-0,088133
-0,281060	-0,120577	-0,229478
-0,181757	-0,075393	-0,211353
-0,050594	-0,064147	-0,241874
0,065824	-0,118359	-0,366839
0,153221	-0,176083	-0,482132
0,158966	-0,201206	-0,487219
0,087903	-0,145645	-0,437663
-0,006289	-0,127050	-0,420993
-0,052907	-0,119829	-0,424905
-0,014555	-0,115016	-0,383015
-0,016441	-0,069026	-0,301627
-0,033258	-0,029366	-0,260455
-0,122371	0,001409	-0,225601
-0,123763	0,029850	-0,056946
-0,050170	-0,032614	0,139282
0,019251	-0,069194	0,325939
0,003902	-0,111861	0,572958
-0,050504	-0,128747	0,665227
-0,074888	-0,087677	0,648064
-0,092467	-0,049073	0,633368
-0,073021	-0,013404	0,741325
-0,052667	-0,049981	0,844928
-0,027766	-0,037117	0,887588
-0,008810	-0,063214	0,849901
-0,032902	-0,028537	0,661720
-0,053141	0,030796	0,386677
-0,068367	0,054324	0,063223
-0,011591	0,044412	-0,168734
0,047222	0,034577	-0,368654
0,079916	0,019044	-0,513283
0,066814	0,021937	-0,536077
0,054403	0,006063	-0,645305
0,073210	-0,038253	-0,660849
0,107408	-0,079443	-0,536345
0,146266	-0,083659	-0,372569
0,150533	-0,110982	-0,182174
0,137663	-0,141459	-0,026989
0,060326	-0,082528	0,136429
0,021454	-0,058356	0,332287
-0,006787	-0,032317	0,498545
-0,088743	0,012452	0,508967
-0,109300	0,023365	0,488570
-0,120008	0,045511	0,483752
-0,105577	0,094831	0,487563
-0,087342	0,180247	0,517418
-0,002833	0,233260	0,511615
0,064775	0,220129	0,495486
0,092994	0,239311	0,340847
0,220928	0,197198	0,001657
0,315598	0,099336	-0,230438
0,344422	0,006690	-0,127844
0,371301	-0,027216	-0,070671
0,388020	-0,031343	-0,124542
0,310416	-0,085414	-0,124524
0,213860	-0,094186	-0,095786
0,053290	-0,085884	-0,156121
-0,138361	-0,025616	-0,203424
-0,267757	0,077188	-0,192428
-0,343490	0,180512	-0,342613
-0,356189	0,315833	-0,535528
-0,355825	0,437493	-0,588360
-0,391923	0,507062	-0,573153
-0,420802	0,565574	-0,423098
-0,340462	0,600909	-0,192909
-0,231195	0,597561	0,041046
-0,086311	0,527841	0,256933
0,133978	0,357161	0,392290
0,334148	0,166966	0,324367
0,476095	0,016740	0,194368
0,486223	-0,036401	0,128688
0,455055	0,020672	0,061764
0,387030	0,110385	-0,044437
0,239714	0,205154	-0,188785
0,091210	0,334582	-0,375124
-0,073553	0,428567	-0,561550
-0,175676	0,497040	-0,701108
-0,196083	0,545105	-0,842442
-0,268927	0,543347	-0,949771
-0,348259	0,530442	-1,077762
-0,442365	0,543116	-1,223257
-0,517661	0,570479	-1,256328
-0,511810	0,553112	-1,228207
-0,417102	0,514316	-1,133883
-0,303994	0,475613	-1,011489
-0,161798	0,462851	-0,797705
0,041985	0,498613	-0,588359
0,148517	0,487001	-0,471640
0,264382	0,447059	-0,253777
0,346540	0,417022	-0,099591
0,334691	0,375757	-0,020298
0,249552	0,350398	0,040268
0,227412	0,388546	0,058069
0,225033	0,476510	0,066573
0,207797	0,524861	0,046545
0,153787	0,617166	0,118645
0,112495	0,692940	0,195477
0,047857	0,693207	0,304819
0,017216	0,687683	0,424849
-0,051351	0,737854	0,434690
-0,127275	0,741602	0,375524
-0,109474	0,717781	0,310001
-0,029168	0,677655	0,194376
0,043706	0,609153	0,062605
0,060820	0,535210	-0,062928
0,041002	0,495209	-0,256239
0,024183	0,458411	-0,354393
0,064354	0,397381	-0,442487
0,096490	0,369613	-0,580967
0,120295	0,362732	-0,632364
0,110592	0,376379	-0,731905
0,065500	0,374834	-0,755031
0,021748	0,367872	-0,743844
-0,028573	0,426451	-0,727241
-0,066914	0,495348	-0,702459
-0,036283	0,516945	-0,582072
-0,009873	0,526569	-0,489608
-0,052918	0,540005	-0,384985
-0,122779	0,560337	-0,316606
-0,085772	0,601492	-0,239869
-0,041799	0,578874	-0,138270
-0,047807	0,481300	-0,083797
-0,067933	0,431964	-0,044052
-0,056263	0,421230	-0,042908
0,025864	0,381992	0,070056
0,111670	0,332412	0,191079
0,145830	0,297534	0,179682
0,135829	0,322304	0,148530
0,064608	0,344990	0,063282
-0,023973	0,365054	-0,108346
-0,148463	0,352383	-0,232245
-0,222200	0,349899	-0,408941
-0,240968	0,358447	-0,508146
-0,150636	0,330813	-0,519530
-0,112855	0,316360	-0,560228
-0,103687	0,324914	-0,502773
-0,107852	0,309736	-0,416586
-0,090115	0,340684	-0,429997
-0,041440	0,323304	-0,292277
0,019521	0,283545	-0,191683
0,142033	0,273760	-0,174416
0,176835	0,233376	-0,203705
0,208496	0,202973	-0,243408
0,246289	0,222718	-0,231115
0,219053	0,209778	-0,188725
0,184825	0,241565	-0,116496
0,182333	0,267947	-0,053938
0,229191	0,275649	0,004738
0,321256	0,253088	0,068914
0,363303	0,228324	0,057048
0,299261	0,201813	-0,048222
0,159929	0,208374	-0,202335
0,053236	0,205005	-0,303604
-0,041689	0,211892	-0,344409
-0,028553	0,205903	-0,341604
0,032699	0,242298	-0,331694
0,076916	0,274282	-0,250999
0,051963	0,329557	-0,231440
-0,003449	0,362291	-0,276131
-0,020948	0,360694	-0,288898
-0,018675	0,362298	-0,293374
-0,013988	0,393269	-0,432941
-0,009274	0,394107	-0,557034
0,018436	0,394765	-0,696543
0,015713	0,392436	-0,776546
-0,010416	0,348421	-0,834799
0,034758	0,310341	-0,851714
0,108251	0,262640	-0,808739
0,147892	0,176591	-0,780109
0,191104	0,093385	-0,740921
0,174905	0,050770	-0,663611
0,143757	0,025296	-0,592180
0,097769	-0,001797	-0,390431
0,059063	-0,045493	-0,115055
-0,018827	-0,085235	0,279538
-0,090720	-0,189807	0,686179
-0,188458	-0,237087	1,030657
-0,330808	-0,234677	1,301455
-0,407346	-0,208811	1,454885
-0,438878	-0,179500	1,577628
-0,370255	-0,164670	1,614520
-0,233960	-0,160459	1,602871
-0,101939	-0,204990	1,511179
0,019011	-0,268374	1,486677
0,086082	-0,296108	1,359801
0,109088	-0,311582	1,239159
0,088223	-0,319175	1,166584
0,077280	-0,307061	1,058719
0,084810	-0,301191	0,925503
0,045826	-0,287877	0,808395
0,036661	-0,253288	0,638099
-0,019512	-0,182513	0,533464
-0,018490	-0,168997	0,421987
-0,045432	-0,166801	0,385477
-0,080401	-0,143976	0,310298
-0,121779	-0,138166	0,276010
-0,144359	-0,166075	0,237080
-0,116439	-0,185534	0,212649
-0,018457	-0,245155	0,164382
0,045574	-0,278485	0,126708
0,071896	-0,263975	0,099450
0,073789	-0,240867	0,107344
0,062864	-0,205132	0,075340
0,052208	-0,155488	0,066974
0,006329	-0,134925	0,066982
-0,025576	-0,103155	0,091891
-0,028127	-0,118913	0,114699
-0,028251	-0,127698	0,125280
0,033905	-0,111729	0,175871
0,074048	-0,121952	0,228807
0,153098	-0,164590	0,208900
0,211541	-0,220747	0,195856
0,247761	-0,256077	0,223726
0,241312	-0,263285	0,241224
0,218904	-0,286287	0,215965
0,187574	-0,248182	0,212995
0,144310	-0,246422	0,241258
0,067560	-0,283331	0,203541
0,029145	-0,283172	0,171463
-0,085851	-0,228454	0,186963
-0,188395	-0,179882	0,301841
-0,188070	-0,119967	0,400445
-0,152360	-0,064370	0,533918
-0,117103	-0,030427	0,618675
-0,082195	0,000561	0,578265
-0,039890	0,055027	0,595730
-0,011807	0,121597	0,577133
0,030777	0,144201	0,506714
0,039941	0,129729	0,355578
0,069306	0,106664	0,222206
0,091834	0,075748	0,068598
0,052398	0,020377	-0,040898
0,035217	-0,029670	-0,114115
0,051159	-0,066827	-0,187056
-0,003128	-0,060163	-0,302879
-0,066662	-0,063463	-0,419477
-0,089719	-0,063209	-0,513706
-0,090940	-0,074517	-0,605374
-0,092857	-0,084516	-0,615501
-0,079071	-0,029295	-0,645636
-0,090076	-0,016734	-0,620891
-0,129519	-0,043075	-0,583858
-0,131386	-0,056494	-0,424948
-0,140546	-0,046147	-0,273882
-0,133506	-0,045536	-0,187501
-0,071368	-0,044095	-0,145216
0,006114	-0,037192	-0,126707
0,061385	-0,053692	-0,136803
0,117101	-0,089877	-0,201373
0,147319	-0,112124	-0,131411
0,152328	-0,100234	-0,097463
0,128564	-0,091686	-0,003275
0,100935	-0,072385	0,085490
0,073094	-0,091428	0,153622
0,086246	-0,113365	0,189939
0,114969	-0,084954	0,217063
0,119746	-0,080402	0,185149
0,086214	-0,051883	0,111730
0,097707	-0,053945	0,034794
0,058048	-0,004850	-0,010470
0,025369	0,016225	-0,073501
0,005940	0,004362	-0,107640
-0,033554	0,007322	-0,143571
-0,066113	0,021178	-0,240320
-0,075876	0,026525	-0,287068
-0,072188	0,066227	-0,339787
-0,054882	0,061600	-0,310135
-0,044857	0,010974	-0,272046
-0,074204	-0,007505	-0,250205
-0,088086	0,030397	-0,252837
-0,055149	0,008986	-0,204174
-0,038370	0,011986	-0,099179
0,014311	0,033527	0,003017
0,053588	0,045010	0,114463
0,026586	0,052292	0,161480
-0,016072	0,092591	0,184726
-0,012858	0,115259	0,126711
-0,037105	0,097945	0,089882
0,006705	0,059203	0,054669
0,078155	0,031090	0,048521
0,088378	0,039227	0,079040
0,088891	0,017979	-0,023914
0,076862	-0,006686	-0,095742
0,023184	-0,001516	-0,141718
-0,003474	0,025606	-0,168928
-0,027682	0,023353	-0,170568
