-0,001516	0,044370	-0,003333
-0,124760	0,035496	-0,222930
-0,086393	0,054252	-0,255919
-0,030808	0,016582	-0,300512
0,000256	0,004648	-0,350542
0,021274	-0,050872	-0,436524
0,052444	-0,063683	-0,569495
0,085058	-0,010724	-0,577215
0,087199	-0,064121	-0,593937
0,154037	-0,129825	-0,636991
0,212292	-0,139297	-0,659959
0,211008	-0,138245	-0,778871
0,096980	-0,073255	-0,981275
0,021090	-0,069139	-0,982298
-0,013780	-0,098402	-1,072191
-0,018678	-0,124693	-1,226454
0,000378	-0,169664	-1,268468
0,011789	-0,194154	-1,167045
0,028584	-0,269289	-0,989178
0,026700	-0,270008	-0,874668
0,059666	-0,300284	-0,810818
0,096573	-0,344622	-0,640036
0,151965	-0,384865	-0,405730
0,179031	-0,387384	-0,202965
0,242822	-0,418123	0,005230
0,253632	-0,479115	0,218699
0,241212	-0,481925	0,430660
0,188184	-0,462151	0,590658
0,171617	-0,428144	0,717692
0,106641	-0,406687	0,818356
0,021153	-0,400045	0,917099
-0,007980	-0,421550	1,014270
-0,007336	-0,452157	1,065200
-0,001084	-0,449836	1,166283
0,018286	-0,495855	1,231818
-0,012190	-0,571940	1,227752
-0,096898	-0,622274	1,152673
-0,138810	-0,650090	1,059089
-0,130201	-0,640738	0,882696
-0,140550	-0,602618	0,664983
-0,081800	-0,591274	0,529118
-0,011802	-0,635824	0,605252
0,003009	-0,635075	0,624973
-0,012925	-0,555936	0,465506
0,034680	-0,484019	0,283342
0,073715	-0,549056	0,255397
0,140369	-0,592480	0,241671
0,206143	-0,642538	0,265163
0,199399	-0,587773	0,366318
0,118333	-0,540128	0,455859
0,030506	-0,558507	0,536111
-0,050290	-0,575138	0,542853
-0,095786	-0,625796	0,553033
-0,081414	-0,646194	0,433808
-0,047895	-0,648168	0,311609
-0,115892	-0,636320	0,281856
-0,251685	-0,550243	0,156527
-0,478118	-0,459347	0,059145
-0,607544	-0,433554	0,136378
-0,570312	-0,439739	0,182845
-0,439013	-0,491611	0,217150
-0,287051	-0,516836	0,319277
-0,083107	-0,572441	0,302358
0,126959	-0,711737	0,083866
0,246184	-0,883513	-0,154135
0,240038	-0,886852	-0,111809
0,206398	-0,834933	0,011102
0,105743	-0,797231	-0,088799
0,052026	-0,881047	-0,075825
-0,111602	-0,917435	0,124166
-0,111315	-0,877600	0,361735
-0,055531	-0,794976	0,620749
-0,015690	-0,760480	0,789654
0,018088	-0,741502	0,870188
-0,030537	-0,663111	0,947054
-0,137430	-0,582210	1,041127
-0,236360	-0,469589	1,044547
-0,253260	-0,444629	1,001312
-0,256234	-0,410293	0,846057
-0,237543	-0,337805	0,622268
-0,210152	-0,270244	0,390552
-0,124066	-0,290902	0,179324
-0,047544	-0,335187	0,054397
-0,020787	-0,385948	-0,048427
-0,038663	-0,417938	-0,024374
-0,035716	-0,389892	-0,139214
-0,042940	-0,391406	-0,321100
-0,061171	-0,400270	-0,559505
-0,068090	-0,432265	-0,785666
-0,099479	-0,473180	-0,905303
-0,084368	-0,522196	-0,980907
0,031138	-0,615999	-0,933164
0,086202	-0,662306	-0,913170
0,093864	-0,688817	-0,888544
0,069354	-0,701407	-0,707014
-0,022093	-0,681805	-0,515806
-0,045445	-0,621090	-0,310180
-0,016251	-0,551462	-0,097777
0,020520	-0,538850	0,154493
0,059507	-0,486634	0,409935
0,027500	-0,417078	0,524274
0,013382	-0,291523	0,557323
-0,004614	-0,251420	0,546419
-0,009441	-0,244226	0,440004
0,000113	-0,214534	0,251454
-0,012361	-0,199398	0,142741
-0,039576	-0,155685	0,043331
-0,013472	-0,094861	0,011680
-0,004076	-0,055784	0,080206
0,045579	-0,039829	0,157061
0,070948	-0,085501	0,167787
0,026107	-0,110539	0,056653
-0,006885	-0,130570	0,120982
0,062485	-0,238526	0,308431
0,164917	-0,348841	0,422001
0,251636	-0,357600	0,433376
0,184072	-0,261178	0,368723
0,063945	-0,139997	0,273909
-0,021635	-0,083262	0,146348
-0,100621	-0,058944	0,096008
-0,123587	-0,060570	0,071057
-0,144842	-0,025471	0,053013
-0,193449	0,092636	-0,001645
-0,210301	0,169873	-0,178489
-0,214213	0,218259	-0,416679
-0,122530	0,216746	-0,530622
-0,040565	0,187765	-0,689780
0,025971	0,158830	-0,854449
0,072485	0,094496	-0,929689
0,121196	0,041124	-0,937197
0,130478	0,007997	-0,917360
0,164721	-0,046276	-0,817202
0,184450	-0,040854	-0,620240
0,135109	0,000837	-0,478956
0,062116	-0,004116	-0,342943
0,042027	-0,053097	-0,369166
0,022134	-0,084617	-0,386312
0,010042	-0,119402	-0,355974
-0,046544	-0,127126	-0,336501
-0,097575	-0,044242	-0,254833
-0,114449	-0,022943	-0,261325
-0,160517	0,000799	-0,252151
-0,182039	0,026493	-0,169165
-0,209804	0,022159	-0,141081
-0,204232	0,048367	-0,064977
-0,160505	0,068381	0,059114
-0,113084	0,054705	0,092299
-0,017689	0,012160	0,098742
0,123752	-0,049647	0,069410
0,226382	-0,113460	-0,008632
0,237600	-0,146310	-0,089266
0,214982	-0,159186	-0,111634
0,181568	-0,113934	-0,142945
0,212296	-0,080612	-0,139246
0,231128	-0,039599	-0,130549
0,182021	-0,039333	-0,068050
0,081457	0,012589	-0,000814
-0,049764	0,056995	0,037654
-0,157596	0,096353	0,130685
-0,280264	0,075165	0,196479
-0,432036	0,108020	0,344891
-0,487365	0,078750	0,584287
-0,502892	0,043848	0,909885
-0,495209	0,042744	1,136831
-0,410535	0,057169	1,246574
-0,192442	0,035201	1,273066
0,002150	-0,021632	1,225313
0,226781	-0,100631	0,923744
0,334648	-0,120727	0,465107
0,381683	-0,148291	0,283010
0,357068	-0,106181	0,190983
0,316294	-0,032271	0,033072
0,313374	-0,042101	-0,097077
0,337845	-0,015480	-0,291224
0,339234	0,059442	-0,347908
0,222547	0,159602	-0,317584
0,036289	0,278988	-0,161172
-0,133774	0,372592	0,107598
-0,297595	0,428323	0,293903
-0,397048	0,431721	0,473587
-0,458422	0,448807	0,565613
-0,469204	0,390650	0,554004
-0,458688	0,331673	0,508327
-0,455049	0,305560	0,518710
-0,393726	0,245400	0,464761
-0,274759	0,159931	0,390009
-0,145112	0,047501	0,266035
-0,133326	0,085889	0,131432
-0,020467	0,098399	-0,006903
0,157918	0,037532	-0,114702
0,314042	0,025241	-0,099428
0,389136	0,077652	-0,073792
0,414739	0,133947	-0,049451
0,386381	0,141631	-0,079782
0,326341	0,188012	-0,169172
0,209364	0,239472	-0,143004
0,024791	0,302661	-0,166113
-0,126688	0,375247	-0,194181
-0,181795	0,463002	-0,224302
-0,207692	0,461393	-0,306810
-0,191043	0,453380	-0,316322
-0,136563	0,396224	-0,294232
-0,137021	0,379235	-0,301462
-0,136436	0,370417	-0,240218
-0,161810	0,416048	-0,131836
-0,221391	0,446803	0,017114
-0,230739	0,439803	0,132441
-0,156820	0,415051	0,233321
-0,004789	0,398117	0,258483
0,140773	0,428626	0,153160
0,241903	0,500920	0,165619
0,213640	0,423722	0,143982
0,197731	0,370582	0,041454
0,252996	0,381695	-0,134439
0,202397	0,464328	-0,381440
0,227030	0,509377	-0,460303
0,251534	0,517634	-0,517632
0,188788	0,550093	-0,590326
0,046636	0,568407	-0,615913
-0,122628	0,652968	-0,665106
-0,193866	0,709117	-0,734159
-0,168496	0,722445	-0,830577
-0,185554	0,752248	-0,880904
-0,185797	0,822062	-0,954675
-0,209929	0,867391	-0,989753
-0,257958	0,915129	-1,007280
-0,252338	0,939928	-0,951393
-0,167398	0,975074	-0,785052
-0,071662	0,946698	-0,610806
0,054719	0,938364	-0,492477
0,177845	0,965205	-0,218726
0,131741	0,857406	0,083601
0,065171	0,811377	0,216270
0,040650	0,778386	0,355939
0,026770	0,773063	0,409251
0,025249	0,727630	0,413594
0,059457	0,704687	0,286820
0,178767	0,624077	0,137513
0,280929	0,542364	-0,021191
0,286987	0,468364	-0,187411
0,299499	0,435031	-0,308913
0,230981	0,457192	-0,417590
0,170417	0,469184	-0,393447
0,133465	0,473040	-0,445971
0,056967	0,513454	-0,506166
-0,008052	0,592734	-0,514113
-0,033260	0,654228	-0,508971
0,028946	0,647882	-0,456017
0,065283	0,641841	-0,376313
0,103948	0,612118	-0,296253
0,135832	0,604611	-0,383535
0,161339	0,636924	-0,414092
0,183661	0,634038	-0,377233
0,182353	0,587675	-0,427250
0,204306	0,582188	-0,538126
0,186430	0,583536	-0,645979
0,119457	0,583675	-0,687243
0,086947	0,651766	-0,822731
0,125100	0,681350	-0,840155
0,178608	0,649462	-0,894304
0,245364	0,602895	-0,841847
0,251833	0,498588	-0,537491
0,286696	0,425689	-0,324646
0,285863	0,418127	-0,189807
0,226774	0,399626	-0,064700
0,189085	0,376195	0,057420
0,137853	0,387150	0,226930
0,061442	0,437088	0,207410
0,035750	0,439697	0,296165
-0,032691	0,394848	0,349945
-0,072125	0,357065	0,357520
-0,102707	0,374714	0,376042
-0,056311	0,383097	0,368827
0,028694	0,382124	0,427227
0,089032	0,324852	0,520871
0,124863	0,259882	0,509580
0,110425	0,239510	0,484287
0,041416	0,259613	0,377847
-0,010922	0,273767	0,249604
-0,009702	0,253486	0,207349
0,021926	0,235345	0,149595
0,030956	0,193073	0,106273
0,050619	0,129556	0,112789
-0,029414	0,118965	0,071078
-0,129842	0,081769	0,054946
-0,184318	0,092234	-0,017334
-0,186712	0,119746	-0,051221
-0,157036	0,078561	-0,079282
-0,130414	0,082001	-0,088328
-0,157957	0,086670	-0,062996
-0,238414	0,125843	-0,026459
-0,238619	0,144729	0,026721
-0,221547	0,119616	0,121938
-0,222245	0,100478	0,140641
-0,224720	0,085167	0,191041
-0,217129	0,005890	0,290736
-0,172739	-0,056580	0,311129
-0,022322	-0,098901	0,349452
0,184217	-0,082954	0,344687
0,197179	-0,078802	0,307353
0,167313	-0,121464	0,203744
0,144385	-0,131644	0,077765
0,147112	-0,102447	-0,008662
0,141628	-0,205493	-0,030868
0,096066	-0,189297	-0,028527
0,021311	-0,154318	0,040386
-0,068181	-0,119622	0,090732
-0,112015	-0,033442	0,125247
-0,152808	-0,018135	0,109780
-0,112676	-0,013556	0,121345
-0,099711	-0,052019	0,178472
-0,197567	-0,075136	0,247172
-0,242331	0,013634	0,280099
-0,146941	0,070282	0,364851
-0,043810	0,082080	0,489171
0,013792	0,042678	0,602982
0,010082	-0,026185	0,590601
0,024337	-0,031482	0,496419
0,133435	0,028440	0,478544
0,181455	0,042869	0,446043
0,138462	0,009393	0,386521
0,086820	-0,018340	0,233558
0,079038	-0,049157	0,051812
0,121641	-0,066133	-0,158696
0,081993	-0,051002	-0,288810
0,106781	-0,063775	-0,357464
0,120850	-0,062519	-0,413339
0,066992	-0,058633	-0,420698
0,017205	-0,050739	-0,416039
-0,044659	-0,041543	-0,386468
-0,073069	0,005071	-0,390571
-0,075691	-0,019881	-0,333527
-0,059601	-0,055175	-0,130835
-0,110889	-0,066162	0,060054
-0,047524	-0,014624	0,171591
0,065411	0,035225	0,296245
0,024545	0,021478	0,413204
-0,026323	-0,009636	0,445492
-0,072780	-0,023029	0,603464
-0,076412	-0,053860	0,681978
-0,041025	-0,075644	0,643263
-0,075911	-0,100738	0,619957
-0,098082	-0,102624	0,558209
-0,022924	-0,102204	0,385276
0,005611	-0,125818	0,236395
0,079184	-0,145674	-0,016780
0,109319	-0,153881	-0,261471
0,130546	-0,139389	-0,394956
0,116888	-0,150769	-0,528574
0,082023	-0,118711	-0,675691
0,024432	-0,126573	-0,723463
-0,013010	-0,102210	-0,699437
-0,063082	-0,080816	-0,657242
-0,070582	-0,106780	-0,578467
-0,102425	-0,086388	-0,413921
-0,103010	-0,035590	-0,234421
-0,102525	0,089326	-0,011316
-0,115540	0,114552	0,222697
-0,141273	0,068655	0,402254
-0,120684	0,021404	0,484609
0,025084	0,056394	0,557206
0,102428	0,066184	0,590369
0,038851	0,065398	0,564239
-0,088633	0,050402	0,524169
-0,110177	0,024038	0,430834
-0,086225	-0,003756	0,346571
-0,045030	0,023814	0,229381
0,019518	0,048738	0,088693
0,043386	0,047609	-0,029608
0,066312	0,038087	-0,197978
0,081785	0,036219	-0,323104
0,072130	-0,004546	-0,436608
0,054823	-0,050560	-0,513056
0,028539	-0,036615	-0,495674
-0,003024	-0,007271	-0,533490
-0,028273	-0,010602	-0,516819
-0,039855	-0,022849	-0,432608
0,014075	-0,032647	-0,317351
0,062017	-0,046223	-0,152367
0,071647	-0,036978	0,083051
0,066888	-0,052568	0,212961
0,026704	-0,039186	0,375313
0,001246	-0,020814	0,548297
0,018233	-0,027186	0,682839
0,009801	-0,018880	0,777070
0,018376	-0,049577	0,778724
0,029068	-0,041578	0,699591
-0,003564	-0,039964	0,540520
-0,046907	-0,018568	0,354840
-0,006873	-0,000487	0,178526
0,030890	0,004395	-0,031471
0,065887	-0,033825	-0,220551
0,064208	-0,024191	-0,342114
0,031250	-0,028923	-0,458518
0,019262	-0,059540	-0,561224
0,000078	-0,053369	-0,602214
-0,013341	-0,033125	-0,614889
-0,028874	0,005104	-0,622160
-0,011600	0,022284	-0,558055
0,006040	0,046550	-0,453146
0,044102	0,032454	-0,323258
0,069754	-0,021924	-0,153260
0,045269	-0,053928	0,025829
0,073569	-0,068997	0,145163
0,055974	-0,003489	0,262664
0,000724	0,055632	0,346117
-0,007075	0,079943	0,333400
-0,010445	0,051503	0,342380
-0,032306	-0,012423	0,364882
-0,009561	-0,016652	0,353197
-0,000947	-0,043009	0,343849
0,018395	-0,041109	0,330622
0,019501	-0,000319	0,226192
0,043384	0,026552	0,107211
0,046194	0,051893	-0,052134
0,026421	0,036729	-0,201644
0,028803	0,022669	-0,291564
0,073799	-0,027824	-0,365404
0,098297	-0,047162	-0,411074
0,078638	-0,037729	-0,450490
0,084944	-0,023481	-0,462870
0,025816	-0,058055	-0,451693
0,001500	-0,042611	-0,472450
-0,036153	-0,030256	-0,435419
-0,054777	-0,002183	-0,318647
-0,070641	-0,012269	-0,208946
-0,087152	0,001672	-0,060858
-0,079304	0,025275	0,095930
-0,042374	0,027886	0,199327
-0,029114	0,008905	0,428566
-0,012757	0,016695	0,642609
0,018530	0,020057	0,715198
0,010039	0,040948	0,627700
-0,036024	0,075849	0,567285
-0,081493	0,071214	0,469148
-0,107333	0,068470	0,368616
-0,072463	0,021255	0,226900
-0,021581	0,023706	0,085756
0,031588	0,022798	-0,067393
0,042506	-0,000915	-0,262679
0,036874	-0,025634	-0,390197
0,046735	-0,017639	-0,460595
0,084312	-0,055285	-0,506379
0,101935	-0,051894	-0,530555
0,123686	-0,051086	-0,532671
0,095116	-0,085876	-0,527651
0,036823	-0,102221	-0,483412
-0,031833	-0,084658	-0,461424
-0,027383	-0,129971	-0,441918
-0,023823	-0,074289	-0,288422
0,026913	-0,060396	-0,009510
0,086655	-0,112476	0,207870
0,055921	-0,045926	0,540747
0,010252	-0,008970	0,812798
-0,032021	-0,016747	0,872418
-0,103180	0,047894	0,870322
-0,195557	0,085239	0,858099
-0,182300	0,057657	0,792790
-0,125735	0,022175	0,623698
-0,094838	0,022537	0,501827
-0,085441	-0,010705	0,362204
-0,067401	0,005803	0,260063
-0,056789	-0,003976	0,089300
-0,081821	-0,031916	-0,085615
-0,030984	0,003202	-0,316526
0,167706	0,063853	-0,472532
0,228012	0,037679	-0,525511
0,146985	0,014812	-0,565013
0,062998	-0,046561	-0,573641
0,040816	-0,084185	-0,515419
0,070006	-0,088418	-0,504266
0,089526	-0,048700	-0,459919
0,072573	-0,032259	-0,423478
0,078175	-0,034425	-0,321546
0,017521	-0,031373	-0,171042
-0,046311	-0,013599	-0,030535
-0,071521	-0,045364	0,123057
-0,052432	-0,033411	0,256466
-0,024709	-0,026729	0,388083
-0,039884	-0,019466	0,483806
-0,061595	0,010281	0,566134
-0,134506	0,040781	0,624331
-0,155493	0,076680	0,568421
-0,131096	0,062296	0,402063
-0,110614	0,095809	0,254610
-0,077004	0,065160	0,108876
-0,021381	0,043510	-0,043148
0,007797	0,024273	-0,144650
0,008154	-0,024637	-0,243089
0,053447	-0,054182	-0,318971
0,076278	-0,059630	-0,426600
0,075390	-0,077392	-0,499300
0,098618	-0,105017	-0,538295
0,113367	-0,093584	-0,576204
0,111763	-0,105519	-0,531837
0,126764	-0,086332	-0,435040
0,093745	-0,076719	-0,232163
0,035726	-0,071910	-0,142628
-0,038448	-0,001987	-0,073880
-0,046090	0,039598	-0,003562
-0,038777	0,033595	0,157087
-0,031021	0,019210	0,344017
-0,020032	0,005785	0,430365
-0,032310	-0,009727	0,472612
-0,048834	0,039142	0,516005
-0,085991	0,048550	0,596678
-0,090814	0,065659	0,540550
-0,060212	0,087952	0,449677
-0,044337	0,100049	0,421033
-0,008651	0,106858	0,384703
0,008399	0,096986	0,325963
0,000982	0,068970	0,169791
-0,027950	0,088684	-0,066242
0,007328	0,046057	-0,223453
0,068106	-0,025410	-0,360732
0,080351	-0,070121	-0,427441
0,054699	-0,072381	-0,540195
0,059079	-0,046418	-0,591127
0,071213	-0,028516	-0,589747
0,083777	-0,051537	-0,568514
0,076604	-0,049848	-0,535255
0,078520	-0,064780	-0,501947
0,044615	-0,074810	-0,326863
-0,000697	-0,074216	-0,119754
-0,038863	-0,060325	0,111057
-0,027258	-0,017621	0,199942
-0,053410	0,000271	0,258586
-0,069547	-0,008401	0,300729
-0,073826	0,002861	0,362202
-0,094498	0,020478	0,420962
-0,115820	0,036499	0,478506
-0,124260	0,026319	0,493901
-0,086957	0,012436	0,363517
-0,008274	0,073157	0,247723
0,014450	0,044158	0,329379
-0,019092	-0,041285	0,254885
-0,043997	-0,028243	0,134951
-0,004558	0,009974	0,043800
0,010722	0,021382	-0,070307
0,061251	0,025724	-0,204683
0,099757	0,002391	-0,318898
0,064486	-0,030656	-0,397806
0,030519	-0,039845	-0,478182
0,033986	-0,062528	-0,494594
0,063578	-0,084495	-0,482821
0,049910	-0,105901	-0,405409
0,015026	-0,107707	-0,286986
-0,019583	-0,082333	-0,123278
-0,060674	-0,038095	0,034495
-0,063859	-0,006538	0,172201
-0,056837	-0,029169	0,316850
-0,072288	-0,037703	0,424903
-0,075067	-0,016747	0,518048
-0,100276	-0,015314	0,582994
-0,074471	0,011687	0,641651
-0,004035	0,016051	0,639737
0,025507	-0,024500	0,589354
0,024239	-0,028231	0,516502
0,003107	0,009020	0,358612
0,036006	0,012965	0,194946
0,039340	0,054427	0,086047
0,081264	0,047375	-0,055662
0,085128	0,003415	-0,158495
0,048950	-0,005886	-0,299171
0,073633	-0,002792	-0,434711
0,079975	-0,009888	-0,524929
0,083133	-0,026111	-0,616269
0,100979	-0,044827	-0,677855
0,080783	-0,046396	-0,661985
0,061758	-0,039033	-0,622484
0,030254	-0,005372	-0,505653
0,015585	-0,007166	-0,397821
-0,044039	0,007670	-0,299104
-0,062050	0,036788	-0,132020
-0,031439	0,045702	0,000683
-0,060588	0,083486	0,171018
-0,102096	0,037101	0,406883
-0,074011	0,034478	0,484478
-0,072624	0,043854	0,506332
-0,084906	0,066687	0,478808
-0,073674	0,058147	0,433804
-0,062772	0,032150	0,411203
-0,059800	0,008483	0,376851
-0,037306	0,027856	0,249772
-0,004942	-0,001666	0,129908
0,011366	-0,012819	0,033051
0,028258	-0,015041	-0,036767
0,040795	-0,035019	-0,147211
0,072858	-0,059619	-0,260457
0,068821	-0,069729	-0,341483
0,135501	-0,068235	-0,437908
0,121816	-0,060325	-0,461423
0,010295	-0,050177	-0,473520
-0,087528	-0,034391	-0,418086
-0,052786	-0,016979	-0,308602
0,098555	-0,047103	-0,210493
0,158324	-0,030029	-0,094651
0,076867	0,001843	0,063134
-0,009381	0,032114	0,233430
-0,132956	0,048677	0,347632
-0,243316	-0,003197	0,500286
-0,389062	-0,088752	0,393527
-0,005744	0,016145	0,343557
0,346870	0,121143	0,392632
0,277496	0,176394	0,477875
0,003649	0,139199	0,535522
-0,234593	0,072102	0,574951
-0,282486	0,005960	0,473364
-0,164697	-0,011504	0,352837
0,005193	0,000367	0,141485
0,128654	-0,015026	-0,066854
0,129742	-0,019687	-0,252677
0,099960	-0,037771	-0,355376
0,048364	-0,028300	-0,452856
0,037739	-0,040841	-0,572966
0,092435	-0,074811	-0,645127
0,165891	-0,066551	-0,697096
0,153783	-0,055158	-0,699412
0,094291	-0,033591	-0,654342
0,059148	0,015265	-0,566577
0,033915	0,025616	-0,428359
0,000313	0,009006	-0,279479
-0,006451	-0,010032	-0,075146
-0,018564	0,014960	0,145792
-0,034004	0,018670	0,299543
-0,049237	0,030255	0,434044
-0,071946	0,059641	0,564631
-0,058521	0,059200	0,617391
-0,083206	0,027255	0,651920
-0,093384	-0,000230	0,642215
-0,075659	0,000781	0,587502
-0,058611	0,023611	0,455647
-0,043056	0,049528	0,316629
-0,027743	0,024303	0,140291
-0,006874	-0,010245	-0,062059
-0,010285	-0,022564	-0,206703
0,016675	-0,053488	-0,294660
0,045896	-0,040874	-0,422471
0,038633	-0,041317	-0,571644
0,087413	-0,045505	-0,628751
0,117806	-0,055557	-0,705064
0,130646	-0,087536	-0,706751
0,114087	-0,056625	-0,623812
0,095103	-0,002197	-0,599611
0,040645	0,007812	-0,506508
-0,017276	-0,006201	-0,361151
-0,111514	0,017073	-0,131853
-0,159121	0,046215	0,110948
-0,189540	0,066659	0,270717
-0,126730	0,115571	0,451205
-0,035307	0,110657	0,582192
-0,031114	0,053089	0,664948
-0,012453	0,030020	0,687098
-0,050184	0,022112	0,709615
-0,047801	0,033010	0,687407
0,002933	0,066629	0,560460
0,016714	0,023616	0,441667
0,031572	0,015059	0,296827
0,015675	0,015881	0,186705
0,013505	-0,000711	0,087108
0,023243	-0,053242	-0,038529
0,053079	-0,064615	-0,193628
0,081721	-0,076594	-0,335909
0,082625	-0,078512	-0,451637
0,077587	-0,087712	-0,563385
0,101340	-0,104642	-0,600098
