-0,022593	-0,011312	-0,056595
1,072721	-1,657219	12,636328
0,784435	-1,190741	10,214409
0,607443	-0,935357	8,183979
0,493608	-0,794257	6,509830
0,376698	-0,614336	5,111147
0,256351	-0,418679	3,996975
0,162942	-0,286103	3,089365
0,108320	-0,154187	2,481062
0,094322	-0,083127	2,065307
0,053424	-0,090440	1,804516
-0,039622	-0,110658	1,557566
-0,094905	-0,059803	1,322676
-0,142953	-0,045927	1,210411
-0,206306	-0,018540	1,081329
-0,237823	0,066564	0,864111
-0,196008	0,061882	0,729594
-0,026557	0,015985	0,577927
0,143476	-0,010199	0,305285
0,209593	-0,037847	0,023000
0,284508	0,004196	-0,310080
0,395196	0,004309	-0,592827
0,465559	-0,049214	-0,638983
0,452892	-0,044169	-0,564824
0,262716	0,056608	-0,538041
0,017680	0,184154	-0,465870
-0,089286	0,256490	-0,476126
-0,029290	0,186039	-0,497734
-0,008112	0,051150	-0,415436
-0,066829	-0,019419	-0,288294
-0,203817	0,076408	-0,221052
-0,274138	0,158807	-0,206530
-0,210692	0,176850	-0,317494
-0,104393	0,139564	-0,477140
0,065887	0,102069	-0,766698
0,146557	0,066335	-1,041447
0,171836	-0,036959	-1,248782
0,133636	-0,088942	-1,184816
0,014013	-0,062535	-1,027345
-0,114241	0,030416	-0,885084
-0,171837	0,133512	-0,649644
-0,124067	0,221727	-0,395216
0,016628	0,189833	-0,215624
0,318808	0,080040	-0,008729
0,654399	-0,075788	0,238182
0,779220	-0,181296	0,495087
0,572619	-0,169940	0,515783
0,300075	-0,059328	0,380058
0,075339	-0,037892	0,213068
-0,132222	-0,099271	-0,010552
-0,292533	-0,145494	-0,241156
-0,454290	-0,163319	-0,489800
-0,638285	-0,159390	-0,707880
-0,718441	-0,155283	-0,899568
-0,708835	-0,128059	-0,975355
-0,570901	-0,053595	-1,114525
-0,256562	-0,029473	-1,120502
0,051416	-0,082953	-1,164554
0,248945	-0,195647	-1,255337
0,383983	-0,247497	-1,215915
0,451803	-0,279407	-1,062759
0,329838	-0,254165	-0,939270
0,257169	-0,154491	-0,913269
0,229673	-0,059433	-1,014087
0,269932	-0,089685	-1,173269
0,283939	-0,094734	-1,259440
0,289407	-0,042266	-1,123434
0,363679	0,003541	-0,811589
0,389588	-0,047925	-0,567874
0,355726	-0,041221	-0,547195
0,300853	-0,050213	-0,717395
0,202376	-0,107211	-0,835366
0,046984	-0,148964	-0,897175
-0,084996	-0,097150	-0,812552
-0,186747	-0,044199	-0,842534
-0,281563	-0,009505	-1,052311
-0,320062	-0,062194	-1,309195
-0,361397	-0,102429	-1,471611
-0,404034	-0,019688	-1,605377
-0,366318	0,027340	-1,612781
-0,339026	0,076462	-1,659890
-0,325811	0,110974	-1,612348
-0,240544	0,126121	-1,441185
-0,048783	0,150701	-1,276495
0,178369	0,149284	-1,200286
0,293049	0,019830	-1,167077
0,276578	-0,102886	-1,243952
0,088145	-0,059323	-1,305452
-0,176567	0,085659	-1,250270
-0,341400	0,191111	-1,116085
-0,419653	0,222798	-0,915854
-0,457341	0,228044	-0,754717
-0,487504	0,218824	-0,669850
-0,549927	0,212412	-0,624943
-0,557740	0,168965	-0,528689
-0,446192	0,136137	-0,259182
-0,402925	0,167320	0,009085
-0,420985	0,219086	0,189226
-0,340609	0,227942	0,219386
-0,158522	0,145964	0,077816
-0,030102	-0,000062	-0,130239
-0,014499	-0,085279	-0,375212
-0,058523	-0,027049	-0,394982
-0,160783	0,009964	-0,369611
-0,268446	0,045325	-0,371348
-0,346922	-0,020247	-0,498189
-0,391503	-0,036314	-0,623612
-0,399396	-0,002233	-0,760328
-0,383677	0,062374	-0,721275
-0,358663	0,104489	-0,584686
-0,237125	0,165952	-0,368139
-0,133194	0,149045	-0,167143
-0,026111	0,095298	-0,018798
0,014548	0,153802	0,172669
0,067181	0,237006	0,207093
0,150473	0,260479	0,110120
0,229546	0,217001	-0,125466
0,309101	0,231059	-0,289032
0,389968	0,257638	-0,290601
0,427856	0,230048	-0,192258
0,320263	0,252032	-0,145188
0,215989	0,310805	-0,096033
0,164173	0,348241	-0,001179
0,056631	0,355205	0,168576
0,009868	0,370358	0,323520
0,009811	0,370981	0,407254
0,036584	0,334139	0,221421
0,080024	0,251027	-0,014404
0,156915	0,223807	-0,035461
0,223212	0,230767	-0,093493
0,188153	0,186518	-0,379335
0,088266	0,147310	-0,878078
0,113716	0,114016	-1,278988
0,204938	0,109401	-1,368917
0,245347	0,146895	-1,251225
0,360047	0,170190	-0,979911
0,312928	0,150519	-0,747540
-0,158581	0,112761	-0,661240
-0,385447	0,155321	-0,707117
-0,382088	0,224818	-0,453645
-0,265448	0,237313	-0,001881
-0,052434	0,070148	0,378695
0,144808	-0,063596	0,541421
0,164687	-0,107383	0,609358
0,193993	-0,107928	0,640709
0,218403	-0,117947	0,754864
0,173770	-0,188217	0,878745
0,073891	-0,195581	0,898357
-0,064434	-0,167952	0,781894
-0,153061	-0,148729	0,628396
-0,274719	-0,125685	0,530488
-0,380664	-0,103429	0,471314
-0,440518	-0,095194	0,405787
-0,390720	-0,091475	0,393574
-0,331729	-0,095201	0,359867
-0,275918	-0,090528	0,240018
-0,229352	-0,086790	0,154661
-0,132725	-0,119225	0,104576
-0,095645	-0,159552	0,069293
-0,094717	-0,142009	0,037246
-0,090141	-0,115523	-0,005641
-0,034759	-0,114440	0,052946
-0,000037	-0,113573	0,129503
0,011458	-0,112892	0,105519
-0,023390	-0,108502	0,121768
-0,014879	-0,059995	0,106033
0,044603	-0,070018	0,034070
0,004078	-0,096236	-0,100112
-0,017807	-0,122961	-0,261096
-0,039148	-0,134758	-0,363064
-0,043769	-0,088654	-0,440805
-0,088641	-0,125513	-0,921504
-0,162856	-0,168404	-3,081613
-0,021105	-0,575263	-7,153131
0,050145	-0,727398	-8,465303
-0,230905	0,358523	0,005260
-0,304426	0,594228	5,936080
0,079189	-0,403768	4,097643
0,363107	-0,888041	1,546633
0,117146	-0,346516	1,176967
-0,294138	0,374008	1,483626
-0,434517	0,567358	1,221374
-0,307391	0,381108	0,672558
-0,059157	0,234977	0,502610
0,237098	0,173614	0,613733
0,478899	0,113036	0,614534
0,562209	0,139269	0,419801
0,479455	0,234951	0,148133
0,355793	0,270321	-0,073986
0,260684	0,259360	-0,118564
0,215261	0,204607	-0,060379
0,183696	0,193374	-0,001379
0,180477	0,185350	-0,066228
0,119479	0,203822	-0,163114
0,086965	0,133370	-0,187950
0,077238	0,094245	-0,117791
0,006236	0,054327	-0,016669
-0,111844	0,038676	0,055622
-0,259947	0,020407	0,056949
-0,349693	0,023027	0,087698
-0,355402	0,041408	0,134318
-0,276667	0,029293	0,095968
-0,114071	0,023435	-0,015169
0,099320	-0,019558	-0,020753
0,213538	-0,065439	-0,062574
0,221587	-0,107905	-0,072081
0,175353	-0,095895	0,010329
0,028234	-0,078632	0,092540
-0,103829	-0,042801	0,097970
-0,164472	-0,000720	0,118599
-0,149766	-0,009194	0,174371
-0,091089	-0,023640	0,188337
0,011406	-0,022733	0,145885
0,067547	-0,019151	0,066903
0,078940	0,014367	0,009467
0,069854	0,020112	-0,020197
0,033849	-0,012633	-0,003706
-0,000691	0,009047	0,017152
-0,055143	0,026390	0,030958
-0,103489	0,043134	0,048704
-0,130667	0,052708	0,083971
-0,150506	0,055570	0,048988
-0,085932	0,088511	0,025775
0,010747	0,089009	0,003384
0,104362	0,065458	-0,036551
0,184051	0,050450	-0,114482
0,160644	0,035575	-0,138509
0,136181	0,003557	-0,109843
0,103195	-0,022057	-0,049568
0,037549	-0,022430	-0,083710
0,019505	-0,018897	-0,043982
-0,004514	-0,045770	-0,015080
-0,024680	-0,018415	-0,004398
-0,068585	-0,035802	0,059690
-0,105624	-0,020023	0,098509
-0,100784	-0,013150	0,075938
-0,032739	-0,001902	0,055954
0,035100	-0,017805	0,050512
0,076921	-0,049669	-0,009395
0,073036	-0,033998	0,007816
0,101519	-0,035817	0,005288
0,052480	-0,048759	-0,011089
0,025712	-0,029436	0,002615
0,002369	-0,038869	-0,013227
-0,005771	-0,023429	-0,057506
0,029868	-0,023540	-0,022067
-0,030695	-0,001584	0,015867
-0,075313	0,033205	0,007909
-0,080368	0,058168	0,001542
-0,030774	0,055153	-0,077306
-0,024619	0,022101	-0,053226
0,013825	0,016717	-0,050235
0,071400	-0,004827	-0,042104
0,040836	0,007638	-0,032731
0,000112	0,044416	-0,027137
0,005827	0,067137	-0,035113
0,021898	0,020189	0,013083
0,046254	-0,016405	0,032500
-0,013754	-0,030360	-0,006568
-0,040691	-0,023336	-0,007171
-0,047872	-0,021538	0,038319
-0,083317	0,002874	0,016287
-0,037919	-0,033137	0,045598
-0,000647	-0,029379	0,068082
0,035871	-0,009135	0,082237
0,058385	-0,029342	0,031305
0,076395	-0,020593	0,032710
0,107088	0,006512	0,016598
0,123024	-0,017776	-0,027908
0,030426	0,009717	-0,005090
-0,062818	0,025974	0,017962
-0,104832	0,018863	0,007656
-0,105899	-0,000230	-0,025467
-0,045449	-0,016468	-0,032825
-0,008588	-0,026578	-0,009024
0,000783	-0,029893	0,000435
0,011161	-0,016249	-0,004437
0,064483	-0,045555	-0,015037
0,018066	-0,037409	-0,054168
-0,033435	-0,019392	-0,026098
-0,069839	0,013222	0,000191
-0,075989	0,011530	-0,028582
-0,055041	0,027425	0,028855
-0,025832	0,020023	0,021168
-0,010131	0,013150	0,029386
0,035938	0,011473	0,015842
0,052701	-0,017641	-0,029465
0,051731	-0,008364	-0,026440
0,011697	0,029698	-0,035520
-0,007879	0,020890	0,009890
-0,011088	0,011927	0,002162
0,014115	-0,007695	0,029513
0,019910	-0,001371	0,001577
0,066685	0,012306	-0,039912
0,061966	-0,004522	-0,050130
0,021802	-0,003618	-0,043937
-0,006509	0,007640	-0,002582
0,004376	0,008028	0,006553
0,007334	0,008339	0,009075
0,027888	0,008588	0,012998
0,032845	0,005919	0,018064
0,019575	-0,014418	0,047008
-0,044680	-0,025902	0,029952
-0,040529	-0,009234	-0,006690
-0,013270	-0,016006	-0,007269
0,026737	-0,020471	-0,016350
0,007986	-0,064253	-0,024567
0,009258	-0,057152	0,007165
-0,040482	-0,001666	0,044990
-0,035254	0,005369	0,013006
0,029255	0,002378	0,002751
0,091397	0,016271	0,006022
0,101853	0,009183	0,007699
0,102552	0,029380	-0,001507
0,077256	0,031157	0,015079
0,028285	0,030676	0,002481
0,004427	0,014958	-0,021001
-0,039549	0,033036	-0,034989
-0,058458	-0,000378	-0,005005
-0,047719	-0,007004	-0,004004
-0,058292	-0,014234	-0,007036
-0,059085	-0,016172	-0,028615
-0,021413	0,005262	-0,037259
0,002034	0,004210	0,011379
0,023649	-0,006215	-0,009098
-0,015554	-0,010710	0,009007
-0,004789	-0,022935	0,015823
0,010536	-0,022182	0,059583
-0,031793	0,002359	0,032347
-0,064704	-0,023967	0,017259
-0,082403	-0,021090	0,021461
-0,082207	-0,015907	-0,003901
-0,072467	-0,025177	0,041899
-0,029238	-0,006738	0,017235
0,016832	0,023345	-0,016852
0,045069	-0,016761	-0,032647
0,026473	-0,006707	-0,022285
0,018310	0,031023	-0,034100
0,017516	0,006630	-0,037814
0,001562	-0,007148	-0,016848
-0,035140	0,016303	-0,012526
-0,045348	0,034112	-0,019591
-0,036278	0,036872	0,019764
-0,046259	0,041948	0,026346
-0,005403	0,050795	-0,002873
0,014830	0,028185	0,024520
0,073156	0,039784	0,021533
0,082463	0,029911	-0,022995
0,088956	-0,010544	-0,018396
0,056797	-0,002686	-0,000350
0,020535	-0,001196	0,034193
-0,000808	0,001912	0,024486
-0,015014	-0,009957	0,003304
-0,029248	-0,032868	-0,000225
-0,041587	-0,036829	0,035244
-0,039983	-0,022761	0,065549
-0,045390	0,018192	-0,000234
0,021147	0,011673	-0,026042
0,052354	0,002637	-0,039987
0,056251	0,022226	-0,065510
0,072772	0,004366	-0,020804
0,055349	0,002541	-0,026226
-0,010311	0,019269	-0,055453
-0,085824	0,028818	-0,016592
-0,088764	0,035505	0,017378
-0,082511	0,010216	0,012938
-0,022905	-0,007159	0,032385
-0,006838	-0,042116	0,040263
-0,032289	0,016111	-0,007047
-0,045936	0,011925	-0,038206
-0,029095	-0,002912	-0,052587
-0,051999	-0,009031	-0,035367
-0,046385	-0,023497	-0,035948
-0,007420	-0,003477	0,039235
0,014169	-0,041087	0,016056
0,040070	-0,014681	0,037747
0,040675	-0,008864	0,057969
0,031575	-0,024340	0,021485
0,020475	-0,007021	0,045912
-0,013307	-0,008486	0,069298
-0,055653	-0,017323	0,042987
-0,091459	-0,018644	0,054495
-0,057835	-0,002464	0,009123
-0,016580	0,012384	-0,004200
0,023125	0,006086	-0,032084
0,052973	0,007737	-0,034285
0,030891	-0,011046	-0,000621
0,049615	0,005530	-0,002401
0,037776	0,014959	-0,018205
0,036922	0,030156	-0,008814
0,040072	0,030827	0,016886
0,024392	0,040945	0,025960
-0,006341	0,011686	0,003531
0,027483	0,007433	-0,005793
0,043056	0,012648	-0,009431
0,053598	0,012034	-0,027650
0,028523	0,023995	0,051623
-0,051889	0,015364	0,022146
-0,073115	0,051561	-0,004317
-0,033590	0,061354	0,005165
0,031551	0,007909	-0,002570
0,060678	0,006327	-0,054729
0,058113	-0,017924	-0,044735
0,007232	-0,007638	-0,014719
