-0,694100	-5,842404	-1,923445
-0,555280	-4,673923	-1,538756
-0,543799	-3,601265	-1,200366
-0,756745	-2,988247	-0,791781
-0,712631	-2,214426	-0,510870
-0,662021	-1,717923	-0,263163
-0,621532	-1,336040	-0,103295
-0,658078	-0,762446	0,308006
-0,710294	-0,318891	0,529812
-0,629512	-0,124898	0,607681
-0,549568	0,007316	0,585720
-0,523910	0,220323	0,667727
-0,518703	0,352430	0,641417
-0,476240	0,419818	0,605049
-0,426950	0,466069	0,560635
-0,395177	0,564346	0,571063
-0,369759	0,619989	0,518127
-0,272829	0,580247	0,422162
-0,233582	0,502496	0,406666
-0,194525	0,547530	0,493845
-0,124982	0,629515	0,609546
-0,099985	0,388717	0,617851
4,916619	5,247682	-2,822112
-0,986716	-0,868777	1,158279
-0,735755	-0,733320	1,072156
4,331407	4,480267	-2,558244
3,509823	3,446007	-2,136796
-2,126211	-2,179570	1,873329
-1,739267	-1,774294	1,651857
3,557433	3,349412	-2,462171
2,822968	2,932298	-1,678671
-2,690473	-2,423009	2,440720
-2,190676	-1,907769	2,067471
3,216986	3,043660	-2,342160
2,535290	2,450247	-1,804791
-2,941295	-2,609677	2,552304
2,591889	2,421487	-1,984053
-2,925031	-2,403527	2,622485
-2,340025	-1,738990	2,029051
3,126522	2,949524	-2,586487
2,583020	2,628428	-2,102570
-2,960311	-2,047204	2,683606
2,221878	3,262829	-1,598346
-3,249225	-1,539683	3,086986
2,676117	3,001464	-1,738893
-2,904813	-1,655867	3,039497
-2,545980	-1,546824	2,148190
3,008923	2,819580	-2,712059
-2,538993	-2,299252	1,778406
3,021114	2,189576	-3,025933
-2,604779	-2,599022	1,583652
2,968486	1,949760	-3,181736
2,386244	1,400779	-2,747360
-3,154769	-2,856560	2,284228
-2,562114	-2,239290	1,919298
3,043419	2,075857	-3,009158
-2,696673	-2,045751	2,298123
2,935772	2,230688	-2,706098
-2,798110	-1,914226	2,502272
2,854622	2,335908	-2,542778
-2,870690	-1,960265	2,487395
2,807474	2,264348	-2,571823
2,262355	1,800473	-2,147592
-3,302858	-2,373516	2,849542
2,508754	1,823166	-2,433516
-3,105739	-2,355362	2,620804
2,662661	1,906543	-2,558622
-2,986485	-2,288577	2,516451
-2,373868	-1,861501	2,066779
3,217519	2,324612	-2,909926
-2,504300	-1,984761	2,289025
3,115631	2,229358	-2,726564
-2,634226	-2,094958	2,422491
3,011691	2,141201	-2,619792
2,426411	1,790970	-1,970140
-3,179682	-2,385804	2,978533
-2,505447	-1,900984	2,444104
3,116452	2,297793	-2,599362
2,495795	1,760910	-2,131981
-3,126807	-2,416784	2,840274
-2,501446	-1,918108	2,233922
3,126231	2,288464	-2,756430
2,500985	1,876729	-2,189825
-3,126600	-2,321567	2,791707
-2,539578	-1,872573	2,202727
3,098883	2,321662	-2,780538
2,471447	1,857329	-2,239750
-3,153388	-2,333857	2,750920
-2,507391	-1,859426	2,147119
3,127403	2,330452	-2,823346
-2,639053	-2,022568	2,251725
3,022074	2,199938	-2,739660
-2,730977	-2,142298	2,341653
2,949562	2,101145	-2,669087
2,367309	1,749853	-2,112291
-3,240496	-2,415101	2,852577
2,542433	1,871565	-2,178629
-3,100883	-2,314053	2,802043
-2,473047	-1,904860	2,249294
3,156392	2,287417	-2,745512
2,561467	1,833579	-2,249164
-3,083711	-2,348087	2,744753
-2,482288	-1,870810	2,218781
3,147203	2,315903	-2,770905
2,502444	1,868042	-2,186085
-3,131079	-2,318118	2,797061
-2,489544	-1,877473	2,237649
3,142157	2,308730	-2,756498
2,529044	1,839325	-2,205199
-3,110556	-2,339249	2,782459
-2,480785	-1,825441	2,225967
3,150193	2,345767	-2,768523
-2,637645	-1,944826	2,334478
3,024705	2,250260	-2,681715
2,429968	1,793342	-2,109939
-3,193391	-2,364581	2,864211
2,590312	1,915250	-2,276113
-3,065116	-2,267055	2,731272
2,665817	1,938163	-2,393773
-3,008235	-2,239575	2,640793
-2,421907	-1,768681	2,066677
3,203363	2,375160	-2,902470
-2,593517	-1,874658	2,256814
3,070865	2,279262	-2,754184
-2,681327	-1,955578	2,348629
3,000618	2,214525	-2,680733
2,397166	1,758611	-2,159448
-3,232278	-2,366750	2,831620
-2,593482	-1,855102	2,288275
3,080233	2,279998	-2,730798
2,433548	1,816339	-2,176979
-3,208180	-2,311008	2,819835
-2,520586	-1,810508	2,217569
3,142728	2,307306	-2,789535
-2,629695	-1,948166	2,301324
3,055441	2,197180	-2,722531
2,440441	1,724371	-2,128710
-3,210592	-2,365822	2,864925
2,571492	1,837342	-2,268293
-3,105751	-2,275445	2,753258
2,658812	1,915330	-2,353955
-3,039342	-2,203422	2,688717
-2,416154	-1,755078	2,127995
3,233469	2,331624	-2,869485
-2,571958	-1,870387	2,245654
3,112224	2,229839	-2,779299
-2,641713	-1,881000	2,337063
3,056420	2,221348	-2,706171
2,402512	1,766116	-2,131780
-3,251115	-2,302293	2,875539
-2,585573	-1,795877	2,331070
3,104666	2,278485	-2,716108
2,491927	1,752042	-2,242688
-3,180117	-2,311743	2,787678
-2,528774	-1,918332	2,214823
3,152711	2,168561	-2,815841
2,514510	1,681231	-2,214375
-3,164123	-2,358241	2,816200
-2,554277	-1,840635	2,314237
3,134844	2,217807	-2,743846
-2,662731	-1,893090	2,384839
3,048080	2,175843	-2,687364
-2,701503	-1,926662	2,414706
3,017063	2,148985	-2,663471
-2,787594	-1,963467	2,479778
2,948885	2,116041	-2,613440
2,352918	1,730711	-2,064927
-3,298095	-2,294166	2,950135
2,526634	1,782125	-2,287927
-3,159122	-2,253035	2,771735
2,655216	1,843305	-2,382680
-3,058341	-2,194068	2,701584
-2,454332	-1,785893	2,199565
3,219048	2,239998	-2,848076
-2,584296	-1,846075	2,298628
3,117156	2,181820	-2,774459
-2,675549	-1,943863	2,386135
3,044153	2,103590	-2,704454
2,422423	1,642546	-2,176171
-3,249074	-2,334956	2,877373
-2,583940	-1,768389	2,301898
3,119860	2,234282	-2,776792
