1,714431	-10,111378	-4,643360
1,371545	-8,089103	-3,714688
0,905745	-7,145332	-2,856856
0,678638	-5,325623	-2,002078
0,481633	-3,502193	-1,050168
0,362328	-2,089407	-0,342257
0,343480	-1,005136	0,101517
0,282443	-0,267934	0,479515
0,172337	0,306510	0,858511
0,038294	0,674148	1,100430
-0,068940	0,868683	1,125453
-0,154727	1,169845	1,375260
-0,200378	1,265241	1,391275
-0,244559	1,142406	1,220255
-0,264584	1,113076	1,167695
-0,303583	1,066633	1,056711
-0,350101	1,052457	0,944944
-0,417955	1,018137	1,115958
-0,418620	0,960043	1,114897
0,763804	8,097419	-1,264675
-0,579573	-0,943365	1,236768
-0,570893	-0,754692	1,088990
0,733902	6,817546	-1,377316
-0,710730	-1,745133	1,269209
0,622032	6,025194	-1,233140
0,691811	4,755037	-1,097443
-0,869651	-3,506194	1,588719
-0,726359	-2,559847	1,439488
1,073953	5,121952	-1,569336
-0,964390	-3,018650	1,626310
0,883528	4,754910	-1,419878
0,905617	3,675171	-1,407351
-1,228916	-3,993701	1,981389
-1,082708	-3,011130	1,730644
1,087243	4,524934	-1,722754
-1,183191	-3,160697	1,981834
1,006857	4,405280	-1,521802
0,801237	3,600816	-1,342131
-1,461365	-3,907647	2,250170
-1,299305	-3,018883	1,953329
1,199687	4,220587	-1,973285
0,798897	3,682855	-1,287561
-1,600014	-3,689409	2,505899
-1,402566	-2,668120	2,119614
1,220390	4,381895	-1,991944
0,938014	3,520835	-1,662492
-1,592031	-3,699723	2,357641
-1,350222	-3,181908	1,778878
1,330772	3,868820	-2,396915
-1,346332	-3,441845	1,856528
1,333884	3,660871	-2,334795
1,161153	2,629449	-2,204552
-1,537775	-4,141754	2,293516
1,175200	3,085103	-2,191706
-1,526537	-3,777231	2,303793
1,257183	3,184362	-2,355466
-1,510965	-3,436527	2,520938
-1,277708	-2,596029	2,139305
1,494544	3,907194	-2,693867
-1,275118	-2,337405	2,464687
1,559170	3,768113	-2,835430
-1,822145	-0,126502	4,622260
1,121547	5,536836	-1,109372
0,944310	4,642762	-0,143556
-1,863228	-1,792437	4,821593
-1,659095	-2,161616	3,566209
1,291400	3,777354	-2,083471
1,210034	1,455030	-3,067170
-1,651391	-4,384296	2,435421
-1,114302	-4,296381	0,661516
1,741057	2,066913	-4,402804
1,484761	1,592253	-3,843948
-1,444690	-4,230215	1,856858
-1,285966	-3,238639	1,791872
1,645701	2,775930	-3,625481
1,171028	2,626705	-2,494423
-1,737652	-3,265476	3,063440
1,158209	2,995831	-2,452407
-1,782616	-2,866863	3,186342
-1,426093	-2,239873	2,556733
1,568309	3,471629	-3,102881
1,253953	2,692461	-2,621154
-1,720646	-3,085994	3,067639
1,416229	2,671592	-2,901942
-1,590826	-3,102689	2,843009
1,508588	2,686029	-3,036440
-1,520761	-3,095953	2,728502
-1,170650	-2,453784	2,159822
1,791111	3,281750	-3,429796
-1,256445	-2,642356	2,505733
1,727485	3,122700	-3,158737
-1,281716	-2,746084	2,720591
1,707268	3,039717	-2,986851
1,348026	2,405515	-2,367168
-1,659410	-3,301233	3,277915
-1,358167	-2,709923	2,614673
1,659422	3,038195	-3,095262
1,350517	2,514812	-2,468550
-1,665542	-3,194284	3,212160
-1,324774	-2,578406	2,592707
1,691105	3,123268	-3,130349
1,322246	2,529253	-2,534917
-1,693128	-3,162591	3,176580
-1,308545	-2,545392	2,533605
1,711559	3,111698	-3,211273
-1,389148	-2,620355	2,692118
1,647076	3,051728	-3,084463
-1,463712	-2,729608	2,801225
1,587425	2,964325	-2,997177
1,241044	2,405405	-2,393109
-1,767302	-3,204015	3,342016
-1,398523	-2,524914	2,635314
1,643858	3,085195	-3,169471
1,276788	2,368580	-2,566216
-1,741245	-3,210261	3,224751
-1,415975	-2,529911	2,579801
1,633064	3,064364	-3,228459
1,321771	2,497449	-2,567448
-1,708427	-3,090333	3,238342
-1,343763	-2,495246	2,537056
1,694605	3,078198	-3,274014
-1,413932	-2,627156	2,653809
1,638470	2,972671	-3,180612
1,292485	2,384768	-2,527000
-1,740315	-3,150233	3,295208
1,405029	2,553180	-2,665323
-1,650279	-3,015503	3,184550
1,442186	2,655649	-2,764377
-1,623980	-2,920553	3,115835
-1,306843	-2,413039	2,507987
1,732254	3,114642	-3,320947
-1,414904	-2,507402	2,716537
1,649091	3,027660	-3,163255
-1,423444	-2,565495	2,805881
1,642260	2,981185	-3,091780
1,325864	2,340433	-2,507170
-1,724720	-3,147358	3,341515
-1,387435	-2,540866	2,657893
1,675463	2,987012	-3,220938
1,348596	2,302011	-2,556124
-1,707101	-3,167094	3,312365
-1,381000	-2,457078	2,703509
1,685266	3,026952	-3,207330
1,348213	2,390923	-2,634801
-1,711496	-3,079876	3,262297
-1,369197	-2,463901	2,563880
1,701550	2,997148	-3,338021
-1,412688	-2,524592	2,688070
1,666756	2,948595	-3,238669
-1,486481	-2,555775	2,828828
1,607722	2,923648	-3,126062
-1,503069	-2,659988	2,911254
1,596097	2,831493	-3,067355
1,281990	2,240106	-2,490182
-1,778073	-3,149971	3,417532
1,388866	2,445058	-2,645013
-1,692572	-2,986009	3,293667
1,456304	2,504419	-2,772522
-1,645318	-2,920330	3,204757
-1,308595	-2,313285	2,540826
1,763486	3,073237	-3,390113
-1,391913	-2,472935	2,733663
1,704875	2,925744	-3,249568
-1,477484	-2,578816	2,836844
1,636418	2,841039	-3,167023
1,328145	2,255691	-2,593863
-1,759580	-3,090058	3,368035
-1,407664	-2,472047	2,702087
1,707679	2,885976	-3,303111
-1,482987	-2,539514	2,852931
1,647421	2,832003	-3,182436
-1,523533	-2,598011	2,972449
1,614984	2,785205	-3,086822
1,317142	2,272384	-2,461360
-1,782273	-3,036309	3,502914
1,408078	2,377724	-2,689312
-1,715094	-2,935231	3,332534
1,500120	2,481565	-2,863914
-1,641460	-2,852157	3,192852
1,527102	2,511954	-2,929320
-1,626248	-2,807096	3,155466
-1,300998	-2,276315	2,532032
1,807131	2,995606	-3,473296
-1,417544	-2,397194	2,735604
1,721520	2,877499	-3,325171
-1,478339	-2,477936	2,815219
1,672884	2,812906	-3,261479
1,338039	2,192472	-2,629966
-1,792516	-3,021723	3,422805
-1,434012	-2,333122	2,753563
1,715737	2,909203	-3,323927
-1,459718	-2,486636	2,844657
1,702784	2,767377	-3,263487
-1,531311	-2,550444	2,936083
1,645510	2,716331	-3,190347
1,342865	2,200680	-2,551974
-1,799744	-2,985459	3,504990
-1,424476	-2,419006	2,796332
1,742884	2,789482	-3,323310
1,378988	2,239245	-2,666308
-1,779274	-2,933291	3,427330
-1,438739	-2,392591	2,780162
1,740142	2,791068	-3,348308
-1,499020	-2,426328	2,878472
1,691918	2,764078	-3,269660
