-1,368256	7,706924	5,156403
-1,501144	7,626709	5,228226
-1,666336	7,603973	5,222244
-1,808792	7,764374	5,207886
-1,897385	7,929581	5,174362
-1,835129	7,977463	5,079788
-1,760910	7,902054	4,915787
-1,697464	7,813461	4,864319
-1,684296	7,807480	4,915787
-1,690277	7,856552	5,049866
-1,649582	7,921204	5,206680
-1,525085	7,934372	5,376678
-1,316788	7,924789	5,495178
-1,074966	7,856552	5,613693
-0,836746	7,845779	5,742981
-0,624863	7,937958	5,887833
-0,429733	8,036118	6,009933
-0,311218	8,103165	5,971634
-0,263336	8,146255	5,968033
-0,247772	8,172592	6,042267
-0,240585	8,164215	5,950089
-0,248962	8,167801	5,891418
-0,371078	8,255188	5,910583
-0,548248	8,382080	5,987198
-0,721817	8,461090	5,932129
-0,895401	8,497009	5,820801
-1,071381	8,475464	5,756149
-1,338333	8,516159	5,792068
-1,645981	8,573624	5,912979
-1,962021	8,684952	6,072189
-2,349884	8,793884	6,203873
-2,601273	8,864517	6,250549
-2,639587	8,926758	6,275696
-2,540222	8,933945	6,145218
-2,414520	8,907608	5,957260
-2,279251	8,979431	5,759750
-1,734573	9,030914	5,318008
-0,879837	8,917191	4,885864
-0,223831	8,917191	4,707489
0,269379	9,094360	4,617706
0,727859	9,230835	4,409409
1,120514	9,313431	4,148453
1,294098	9,409195	4,172394
1,256989	9,433136	4,457306
1,033127	9,442719	4,903824
0,672791	9,492996	5,322800
0,320847	9,518127	5,790863
0,013199	9,472641	6,495956
-0,179535	9,434341	7,069366
-0,234604	9,245193	7,512299
-0,009552	9,009369	7,837906
0,243042	8,731644	7,967194
0,409439	8,598755	8,016281
0,520767	8,655029	8,090500
0,549500	8,925568	8,187469
0,586609	9,255966	8,291611
0,700333	9,560028	8,217392
0,837997	9,799454	8,176697
0,973267	9,939514	8,377808
1,075027	10,010147	8,618423
1,273743	9,871277	8,764465
1,902222	9,459473	9,348648
2,284088	9,027328	10,268021
2,324799	8,858536	11,147888
2,179947	8,872894	11,981079
2,199097	8,737625	12,848969
2,243393	8,379684	13,514557
1,940521	7,955917	13,967072
1,300079	7,627914	14,150223
0,760193	7,289139	14,149033
0,300507	6,955139	13,737228
-0,107712	6,676208	12,817856
-0,721817	6,767197	12,026566
-1,582535	7,115555	11,690186
-2,217010	7,284348	11,598007
-2,383408	7,055695	11,931992
-2,302002	6,732483	12,451538
-2,217010	6,592422	13,106354
-1,833939	6,405670	13,697723
-1,292847	6,175827	14,046082
-0,943283	5,949570	14,238815
-0,756546	5,731705	14,275925
-0,495575	5,529388	14,534500
-0,208267	5,348633	14,872070
0,093399	5,171463	15,257538
0,173615	4,979919	15,465836
-0,049057	4,660294	15,323380
-0,530289	4,296387	15,098328
-1,253342	4,033020	14,854126
-1,859070	3,709793	14,411194
-2,288834	3,289612	13,587585
-2,522263	2,937668	12,257614
-2,497131	2,728180	10,722931
-2,032654	2,729370	9,408508
-1,595703	2,785645	8,102478
-1,242569	2,688675	6,956848
-0,937302	2,372635	5,823196
-0,584152	2,045822	4,621307
-0,290863	1,929718	3,340408
-0,126862	1,989563	1,896698
-0,108902	2,145187	0,321320
-0,092148	2,260117	-1,027817
-0,020325	2,275681	-1,931625
-0,026306	2,233780	-2,380539
0,031158	2,043442	-2,319489
0,202332	1,723816	-2,060913
0,271774	1,460449	-1,773605
0,179596	1,276093	-1,844238
0,168823	1,024704	-2,083664
0,126923	0,855911	-2,520599
0,095795	0,707474	-2,799530
0,187973	0,542267	-2,959946
0,289719	0,337570	-3,301117
0,381897	0,137650	-3,445969
0,308884	0,017944	-3,436386
0,102982	-0,004807	-3,611160
-0,264526	-0,113739	-4,231262
-0,894211	-0,245422	-5,460678
-1,589722	-0,350769	-7,006134
-2,146378	-0,357956	-8,451035
-2,288834	-0,426178	-9,255493
-1,894989	-0,609344	-9,426682
-1,446075	-0,751801	-9,868408
-1,363464	-0,645248	-10,702789
-1,207840	-0,604553	-11,556320
-1,254532	-0,666794	-12,545120
-1,593307	-0,701523	-13,553085
-1,875824	-0,849960	-14,370697
-2,029053	-1,061844	-14,811234
-2,379807	-1,212677	-15,201492
-2,863434	-1,264160	-15,703079
-3,434448	-1,240219	-16,682312
-3,694229	-1,328796	-18,068542
-3,550568	-1,464066	-19,500275
-2,925690	-1,679550	-20,814697
-2,306793	-1,668777	-22,199738
-1,691483	-1,369492	-23,517746
-0,975616	-0,879883	-24,573593
-0,386642	-0,210709	-25,356491
0,062271	0,417770	-25,897583
0,375916	1,025894	-26,037643
0,636887	1,637619	-25,828156
0,766174	2,328339	-25,454666
0,846375	3,086105	-24,821396
1,119324	3,769653	-23,776321
1,373108	4,544174	-22,592392
1,528732	5,380951	-21,526978
1,765747	6,232086	-20,473526
2,286484	6,920425	-19,529007
2,932922	7,542923	-18,749695
3,611679	8,107956	-18,041016
4,285645	8,589188	-17,320358
4,746536	8,957886	-16,836731
4,614853	9,209274	-16,618866
4,201859	9,325394	-16,458450
3,780472	9,197311	-16,289658
3,213043	8,881271	-16,277679
2,401413	8,489822	-16,283676
1,426971	8,185760	-16,165161
0,259796	8,086395	-16,210648
-0,986389	8,125900	-16,295639
-1,960831	8,142670	-16,381836
-2,545013	7,925995	-16,634415
-2,948425	7,496231	-16,976791
-3,074127	7,058090	-17,173111
-3,045395	6,695374	-17,074951
-2,778442	6,460739	-16,591324
-2,371429	6,372147	-16,041855
-2,209824	6,440384	-15,834763
-2,115250	6,465530	-15,839554
-2,126022	6,436798	-16,280075
-2,228973	6,445175	-16,768494
-2,395370	6,509811	-17,262894
-2,711411	6,506226	-17,877014
-2,989136	6,262024	-18,445633
-3,066940	5,815506	-18,392960
-2,908920	5,324692	-17,729767
-2,937653	5,079285	-16,762512
-2,918503	4,966751	-15,310425
-2,838303	4,787186	-13,471680
-3,042999	4,679459	-11,731094
-3,416504	4,570511	-10,201202
-3,530228	4,383774	-9,000504
-3,300385	4,316727	-8,077545
-2,671906	4,280823	-7,063599
-1,592117	4,338272	-6,103531
-0,610489	4,596848	-5,300278
0,025162	4,891342	-4,579620
0,351974	5,091248	-4,042114
0,369934	5,266037	-3,924805
0,019180	5,444397	-4,418015
-0,519516	5,500656	-5,261963
-1,035461	5,431229	-6,248367
-1,395798	5,166672	-7,000153
-1,430511	4,724945	-7,384430
-1,159958	4,333496	-7,343719
-0,688309	4,037811	-6,715240
-0,369873	3,944427	-5,624680
-0,412979	3,879791	-4,294708
-0,799637	3,813950	-3,083237
-1,230591	3,606842	-2,013031
-1,616058	3,217789	-1,056549
-1,723801	2,627625	-0,094086
-1,332352	1,902176	1,178436
-0,227417	1,028290	2,365967
1,267761	0,058640	3,224289
2,948486	-0,803268	3,788116
4,610062	-1,424561	3,984451
5,940048	-1,640045	3,986832
6,789978	-1,482025	3,637283
6,903702	-0,968475	2,625732
6,725342	-0,407028	1,367584
6,940811	-0,136490	0,443420
7,515427	-0,223877	-0,369415
8,002640	-0,414215	-0,775223
8,404877	-0,501602	-0,351456
8,732880	-0,502792	0,773819
9,065674	-0,307663	2,606583
9,546906	-0,185562	5,198303
9,973068	0,095749	8,449631
10,190948	0,684723	12,248032
10,444733	1,436508	16,137405
10,882874	2,057800	19,486893
11,362915	2,602478	22,568237
11,810623	3,245331	24,756531
11,969833	3,884583	25,611267
11,441910	4,566925	25,092926
10,050888	5,482712	23,260162
8,044540	6,464325	20,582245
5,913712	7,392075	17,699631
3,873840	8,228851	14,803848
2,091370	8,658615	12,216904
0,623718	8,572418	10,022614
-0,730209	8,009781	8,402939
-2,047012	7,213715	7,452438
-3,155533	6,376938	7,309982
-3,989914	5,729309	7,796005
-4,479523	5,331879	8,693832
-4,602829	5,121185	9,803558
-4,600433	5,093643	10,852219
-4,496277	5,139145	11,651871
-4,329880	5,276810	12,175003
-3,764862	5,260040	12,566467
-3,016663	5,133148	12,844193
-2,258896	5,103226	12,899246
-1,571762	4,924850	12,789124
-0,986389	4,720154	12,511398
-0,565002	4,535797	12,055298
-0,040680	4,341873	11,418442
0,639282	4,005478	10,396118
1,201920	3,653534	9,171478
1,488022	3,507492	7,879807
1,316833	3,706207	6,401398
0,943344	4,102448	4,743408
0,748215	4,175476	3,176407
0,835602	4,029419	1,782974
0,781738	3,991119	0,472153
0,579422	4,096466	-0,602844
0,493240	4,162308	-1,498276
0,592590	4,021042	-2,070496
0,589005	3,873810	-2,449966
0,477676	3,773239	-2,545746
0,365143	3,788803	-2,386520
0,259796	3,949219	-1,789169
0,329224	4,129990	-0,692627
0,122131	4,527420	0,211182
-0,460861	5,121185	0,557144
-1,209045	5,747269	0,740295
-1,914139	6,265610	0,822906
-2,365448	6,455948	0,942612
-2,377411	6,345810	0,964157
-2,233765	6,118362	0,800156
-2,288834	6,127945	0,565521
-2,498322	6,472702	0,359619
-2,776047	6,843811	0,110626
-2,974762	7,218506	-0,383774
-3,027435	7,551300	-0,914093
-2,731750	7,740433	-1,512650
-2,658737	8,021759	-2,224915
-2,873016	8,499405	-2,574478
-2,979553	8,862122	-2,606796
-2,688660	8,938736	-2,436798
-2,163132	8,813034	-2,107605
-1,806396	8,681366	-1,911285
-1,734573	8,668198	-1,809525
-1,815979	8,587982	-1,738892
-2,067368	8,445526	-1,814316
-2,536636	8,383286	-1,916061
-2,998703	8,426376	-1,942398
-3,256088	8,549683	-1,893326
-3,324326	8,763962	-1,786774
-3,286011	8,929153	-1,911285
-3,333893	9,109924	-2,367371
-3,445236	9,488205	-2,605591
-3,453613	9,891632	-2,602005
-3,277634	10,205276	-2,414062
-2,840698	10,461456	-1,983109
-2,279251	10,645798	-1,504257
-1,729782	10,799026	-1,245697
-1,041443	10,910355	-1,167877
-0,131653	10,863678	-1,085281
0,678787	10,700867	-1,237305
1,201920	10,661362	-1,686218
1,334793	10,706848	-2,185410
0,919403	10,784668	-2,678619
0,148468	10,830154	-3,255615
-0,751755	10,849304	-3,691360
-1,657959	10,961838	-3,784744
-2,455231	11,150986	-3,608765
-3,046600	11,330551	-3,205338
-3,039413	11,279068	-2,536163
-2,615631	11,116257	-1,863388
-1,897385	10,922333	-1,289978
-1,187500	10,773895	-0,850647
-0,673935	10,761917	-0,522644
-0,077789	10,797836	-0,311951
0,639282	10,778687	-0,139572
1,315643	10,840927	-0,159912
1,550278	10,979797	-0,648331
1,081009	11,141403	-1,471939
-0,004761	11,276672	-2,206955
-1,647186	11,459824	-2,441589
-3,272842	11,597504	-1,955566
-4,293976	11,653763	-1,000290
-4,862595	11,639389	0,394333
-5,194199	11,718399	1,786560
-5,310318	11,973389	2,766998
-5,024200	12,225983	3,406250
-4,156311	12,491730	3,756989
-2,780838	12,654541	3,941345
-1,292847	12,794601	4,044296
0,105377	12,879593	3,989227
1,215088	12,925079	3,705521
1,958481	12,992126	3,207520
2,354721	12,977753	2,582642
2,560623	12,920288	1,815292
2,470840	12,788620	1,097031
2,195511	12,689255	0,487717
1,829193	12,593491	0,136963
1,537109	12,424698	0,102249
1,319229	12,188858	0,255478
1,085800	11,896774	0,399124
0,732651	11,555603	0,529617
0,154449	11,264709	0,748688
-0,484802	11,031265	1,074295
-1,108490	10,888809	1,393921
-1,572968	10,854095	1,845230
-1,804001	10,851700	2,340820
-1,757324	10,873245	2,840012
-1,497543	10,994156	3,451736
-0,934906	11,039642	3,915009
-0,353119	11,052811	4,232239
0,093399	11,073166	4,492020
0,372330	11,098312	4,719467
0,457321	11,153366	4,818817
0,373520	11,166534	4,802063
0,136490	11,172531	4,629684
-0,096939	11,118652	4,365128
-0,330368	10,961838	4,028732
-0,600922	10,830154	3,655243
-0,752945	10,708054	3,329636
-0,842728	10,526093	3,085419
-0,876251	10,365677	3,106964
-0,872665	10,217239	3,339203
-0,835556	10,079575	3,613342
-0,751755	9,943100	3,916214
-0,501556	9,873672	4,252594
-0,288467	9,883255	4,651230
-0,061020	9,897614	5,119293
0,104172	9,917969	5,555038
0,222687	9,947891	5,731018
0,183182	9,976624	5,711853
0,106567	10,023315	5,599335
-0,010742	9,968246	5,359909
-0,222641	9,904800	5,149216
-0,477615	9,844940	4,919373
-0,781677	9,721634	4,654816
-1,040253	9,612701	4,495605
-1,199463	9,467850	4,360336
-1,344315	9,374481	4,292099
-1,424530	9,279907	4,249008
-1,377838	9,192520	4,175980
-1,205460	9,090775	4,119720
-0,999557	9,046478	4,074219
-0,644012	9,003387	4,119720
-0,226227	8,945923	4,142456
0,142487	8,986618	4,090988
0,269379	9,081192	4,064651
0,265778	9,197311	4,124512
0,204727	9,236816	4,189148
0,071854	9,198502	4,311249
-0,122070	9,120697	4,417801
-0,331573	9,054855	4,356735
-0,517120	9,053665	4,427368
-0,688309	9,015350	4,539902
-0,694290	8,981827	4,711090
-0,661972	8,880081	4,790100
-0,715836	8,773529	4,682358
-0,853500	8,743607	4,598557
-0,952866	8,698120	4,533920
-1,065399	8,645447	4,471664
-1,140808	8,608337	4,316040
-1,228195	8,602356	4,217880
-1,237778	8,628693	4,154434
-1,187500	8,706497	4,086197
-1,083344	8,777130	4,064651
-0,943283	8,829803	3,979660
-0,736191	8,847763	3,900650
-0,609299	8,882477	3,828827
-0,515930	8,908813	3,737839
-0,414169	8,902817	3,682770
-0,326782	8,947113	3,692352
-0,216644	8,904022	3,788116
-0,020325	8,854935	3,978455
0,138885	8,815430	4,069443
0,128113	8,868103	4,021561
-0,017929	8,880081	3,944946
-0,160385	8,833389	3,850372
-0,397415	8,798676	3,831207
-0,565002	8,753189	3,915009
-0,701477	8,655029	4,013168
-0,794846	8,589188	4,134079
-0,885834	8,584396	4,318436
-0,973221	8,560455	4,421387
-1,072571	8,535309	4,506378
-1,083344	8,514969	4,548279
-1,041443	8,522141	4,612915
-0,973221	8,574814	4,660812
-0,949280	8,631088	4,609329
-0,864273	8,747208	4,535110
-0,679932	8,754379	4,515961
-0,495575	8,779526	4,520752
-0,362701	8,804657	4,480042
-0,321991	8,819031	4,374695
-0,337555	8,790298	4,337585
-0,307632	8,723251	4,409409
-0,368683	8,723251	4,402237
-0,508743	8,735229	4,432159
-0,641617	8,705307	4,404633
-0,833160	8,610733	4,399841
-1,003143	8,510178	4,408218
-1,151581	8,453903	4,350754
-1,247345	8,397644	4,314850
-1,361084	8,335403	4,332794
-1,446075	8,317444	4,314850
-1,479584	8,281525	4,302872
-1,487976	8,298294	4,274139
-1,481979	8,279129	4,207108
-1,477188	8,262375	4,087387
-1,377838	8,286316	3,980850
-1,156372	8,283920	3,891068
-0,962448	8,321030	3,979660
-0,770905	8,429962	4,082611
-0,628448	8,479050	4,256180
-0,536270	8,512573	4,420181
-0,405792	8,479050	4,536301
-0,362701	8,451523	4,577011
-0,447693	8,500595	4,585388
-0,663162	8,547287	4,517151
-0,841537	8,497009	4,509964
-0,961243	8,431168	4,503983
-1,000748	8,358139	4,472855
-1,042648	8,312653	4,362732
-1,067780	8,287506	4,308853
-1,120453	8,269562	4,247803
-1,185104	8,231247	4,160416
-1,240173	8,200119	4,077820
-1,259323	8,188156	4,049088
-1,335938	8,214493	4,022751
-1,358688	8,218079	4,051483
-1,322769	8,246811	4,090988
-1,221008	8,286316	4,041901
-1,138412	8,324631	4,010773
-1,060608	8,385681	3,973663
-1,019897	8,467072	3,955719
-0,913361	8,447922	4,083801
-0,780487	8,479050	4,185562
-0,569794	8,493408	4,311249
-0,469238	8,523346	4,405823
-0,493179	8,610733	4,458496
-0,531479	8,632278	4,529129
-0,609299	8,651428	4,612915
-0,782883	8,687347	4,784103
-0,884628	8,676575	4,896637
-0,925339	8,681366	4,986420
-0,949280	8,714874	5,009155
-1,024689	8,718475	5,011551
-1,001953	8,686142	4,985214
-0,918152	8,647842	4,927765
-0,851105	8,657425	4,804459
-0,779282	8,705307	4,658417
-0,679932	8,680161	4,604538
-0,640427	8,652634	4,530319
-0,645203	8,657425	4,354355
-0,659576	8,610733	4,123306
-0,691895	8,646637	3,991623
-0,744568	8,632278	3,934158
-0,796051	8,645447	3,944946
-0,756546	8,584396	4,050278
-0,715836	8,566437	4,277740
-0,651199	8,595169	4,434555
-0,621262	8,622696	4,669189
-0,622467	8,640656	4,820023
-0,630844	8,629883	5,045074
-0,689499	8,641861	5,288086
-0,752945	8,615524	5,424561
-0,859497	8,572418	5,531097
-0,962448	8,531723	5,595749
-0,934906	8,468277	5,582581
-0,963638	8,481445	5,501175
-1,007935	8,475464	5,513138
-0,982788	8,447922	5,465256
-0,943283	8,423981	5,432938
-0,902588	8,359344	5,298859
-0,810410	8,353348	5,165985
-0,770905	8,341385	4,948105
-0,754150	8,365326	4,707489
-0,768509	8,426376	4,543488
-0,778091	8,452713	4,398636
-0,791260	8,451523	4,210693
-0,846329	8,462296	3,946136
-0,930115	8,487427	3,695938
-0,962448	8,511368	3,584610
-0,902588	8,536514	3,535538
-0,810410	8,540100	3,600174
-0,785278	8,567642	3,830017
-0,676331	8,634674	4,057465
-0,551834	8,617920	4,215485
-0,403397	8,538910	4,524338
-0,343536	8,535309	4,760162
-0,397415	8,580811	4,920578
-0,521912	8,584396	5,005569
-0,626053	8,528137	5,034302
-0,726608	8,437149	5,010361
-0,858292	8,391663	4,997192
-0,924133	8,362930	5,012756
-0,982788	8,354553	4,985214
-1,092926	8,318634	4,988815
-1,162354	8,311462	5,025925
-1,225800	8,282730	4,956497
-1,288055	8,275543	4,828400
-1,356293	8,264771	4,700317
-1,353897	8,281525	4,492020
-1,331146	8,283920	4,310059
-1,268906	8,327011	4,143661
-1,203064	8,335403	4,055069
-1,110886	8,312653	3,971283
-0,989975	8,331802	3,937759
-0,883438	8,364120	3,947327
-0,709854	8,397644	3,974869
-0,575775	8,458694	4,105347
-0,466843	8,465881	4,234634
-0,317200	8,451523	4,387863
-0,272919	8,476654	4,567429
-0,292068	8,553268	4,718262
-0,331573	8,528137	4,876282
-0,418961	8,544891	5,017548
-0,454865	8,495804	5,187531
-0,485992	8,477859	5,373077
-0,632050	8,504196	5,455673
-0,785278	8,489822	5,521515
-0,878647	8,423981	5,575394
-1,017502	8,390457	5,504761
-1,094116	8,333008	5,370682
-1,082153	8,340179	5,300064
-1,053421	8,333008	5,119293
-1,029480	8,317444	4,956497
-1,003143	8,323425	4,764954
-0,977997	8,342575	4,569824
-0,974411	8,374908	4,421387
-0,942093	8,429962	4,253784
-0,867874	8,481445	4,217880
-0,793655	8,518555	4,232239
-0,646408	8,507782	4,263367
-0,519516	8,525742	4,227463
-0,440506	8,548477	4,215485
-0,393814	8,567642	4,232239
-0,402191	8,550873	4,310059
-0,476425	8,528137	4,362732
-0,535080	8,520950	4,435745
-0,600922	8,485031	4,435745
-0,644012	8,476654	4,475250
-0,719437	8,440735	4,572220
-0,836746	8,422791	4,644043
-0,901382	8,391663	4,676361
-0,960052	8,330612	4,656021
-0,999557	8,292297	4,665588
-1,082153	8,271957	4,579407
-1,138412	8,218079	4,594971
-1,199463	8,178574	4,640457
-1,231796	8,172592	4,666794
-1,237778	8,122314	4,665588
-1,248550	8,097168	4,635666
-1,236572	8,093582	4,627289
-1,215027	8,076828	4,605743
-1,169540	8,097168	4,569824
-1,060608	8,140274	4,610535
-0,925339	8,124710	4,644043
-0,835556	8,204910	4,597366
-0,785278	8,294693	4,509964
-0,667953	8,319839	4,413010
-0,517120	8,299484	4,355545
-0,416565	8,359344	4,360336
-0,417755	8,462296	4,405823
-0,514725	8,529327	4,378296
-0,580566	8,486237	4,451309
-0,700272	8,473068	4,572220
-0,772110	8,431168	4,741013
-0,824768	8,377289	4,956497
-0,904984	8,347366	5,102539
-0,925339	8,294693	5,253372
-0,991165	8,227661	5,277313
-1,067780	8,245621	5,327591
-1,091736	8,219284	5,411392
-1,025894	8,224060	5,501175
-1,004333	8,228851	5,539474
-0,999557	8,216888	5,442520
-0,963638	8,252792	5,304840
-0,918152	8,341385	5,113312
-0,899002	8,370117	4,836777
-0,837936	8,383286	4,604538
-0,671539	8,444336	4,414200
-0,506348	8,473068	4,262177
-0,374664	8,507782	4,158020
-0,262131	8,559250	4,107742
-0,153198	8,607132	4,137680
-0,163971	8,634674	4,146057
-0,184326	8,628693	4,174789
-0,204681	8,595169	4,203506
-0,311218	8,582001	4,287308
-0,408188	8,559250	4,445328
-0,513535	8,541306	4,599747
-0,585358	8,501801	4,699112
-0,683517	8,456299	4,817627
-0,780487	8,422791	4,949310
-0,863083	8,355743	5,059433
-0,943283	8,341385	5,154007
-0,945679	8,300674	5,265335
-0,900192	8,182175	5,316818
-0,884628	8,198929	5,324005
-0,900192	8,256393	5,236618
-0,912170	8,261185	5,106125
-0,851105	8,256393	5,009155
-0,755341	8,259979	4,902618
-0,689499	8,267166	4,848755
-0,654785	8,309067	4,714676
-0,641617	8,346176	4,568634
-0,626053	8,386871	4,486023
-0,594925	8,417999	4,444138
-0,533875	8,446732	4,420181
-0,514725	8,471863	4,409409
-0,517120	8,449127	4,457306
-0,597321	8,435959	4,441742
-0,658371	8,400040	4,435745
-0,700272	8,354553	4,490814
-0,816391	8,366516	4,588974
-0,865479	8,359344	4,687149
-0,893005	8,295898	4,805649
-0,918152	8,256393	4,910995
-0,963638	8,196533	5,115707
-1,004333	8,128296	5,229431
-1,029480	8,151047	5,300064
-1,063004	8,186951	5,329987
-1,098907	8,195343	5,288086
-1,082153	8,190552	5,286896
-0,980392	8,174988	5,259354
-0,904984	8,213287	5,225830
-0,869064	8,270752	5,168381
-0,843933	8,319839	5,033112
-0,787659	8,353348	4,872696
-0,717041	8,341385	4,797272
-0,667953	8,368912	4,696716
-0,646408	8,346176	4,594971
-0,689499	8,355743	4,572220
-0,702667	8,353348	4,474060
-0,726608	8,346176	4,357941
-0,779282	8,355743	4,334000
-0,849915	8,313843	4,314850
-0,925339	8,262375	4,312454
-0,933716	8,233643	4,362732
-0,958847	8,202515	4,444138
-0,936111	8,208511	4,555466
-0,962448	8,170197	4,638062
-1,004333	8,141464	4,675171
-0,966034	8,141464	4,780518
-0,975616	8,172592	4,877487
-0,946884	8,240829	4,980438
-0,894211	8,305466	5,057053
-0,782883	8,304276	5,034302
-0,634430	8,342575	4,984024
-0,503952	8,408417	4,937332
-0,347137	8,504196	4,966064
-0,209473	8,562851	5,012756
-0,098129	8,541306	5,004379
0,009598	8,537704	4,940933
0,000031	8,513763	4,785309
-0,074188	8,550873	4,709885
-0,225021	8,597565	4,666794
-0,359100	8,530518	4,621307
-0,408188	8,487427	4,624893
-0,526703	8,440735	4,603348
-0,640427	8,402435	4,541092
-0,749359	8,348572	4,529129
-0,837936	8,358139	4,524338
-0,889420	8,309067	4,506378
-0,926529	8,264771	4,577011
-0,966034	8,230057	4,701508
-1,011520	8,225266	4,758972
-1,034271	8,218079	4,865509
-0,977997	8,198929	5,029510
-0,930115	8,238434	5,144440
-0,895401	8,228851	5,230621
-0,896606	8,234848	5,321609
-0,866669	8,288712	5,280899
-0,767319	8,281525	5,229431
-0,726608	8,322235	5,176758
-0,660767	8,341385	5,134857
-0,582962	8,361740	5,084579
-0,511139	8,421585	5,012756
-0,485992	8,431168	4,921768
-0,484802	8,404831	4,859528
-0,469238	8,368912	4,748199
-0,520706	8,352158	4,699112
-0,580566	8,336594	4,657211
-0,664368	8,335403	4,683548
-0,697876	8,329407	4,725449
-0,751755	8,327011	4,745804
-0,839142	8,275543	4,729034
-0,875061	8,244415	4,695526
-0,885834	8,222870	4,681152
-0,893005	8,228851	4,666794
-0,883438	8,190552	4,703903
-0,860687	8,202515	4,746994
-0,904984	8,215683	4,772141
-0,912170	8,216888	4,840378
-0,931320	8,237228	4,842758
-0,943283	8,293503	4,897827
-0,933716	8,292297	4,948105
-0,865479	8,303070	5,034302
-0,803223	8,341385	5,039093
-0,718231	8,360535	5,036697
-0,629654	8,355743	5,037888
-0,579376	8,317444	4,985214
-0,609299	8,331802	4,949310
-0,636826	8,323425	4,902618
-0,655991	8,324631	4,835587
-0,743378	8,306671	4,888260
-0,780487	8,305466	4,863113
-0,840332	8,299484	4,864319
-0,891815	8,252792	4,820023
-0,881042	8,237228	4,785309
-0,890610	8,231247	4,779312
-0,877441	8,239624	4,724258
-0,896606	8,244415	4,670380
-0,849915	8,214493	4,693130
-0,825974	8,215683	4,750595
-0,806824	8,230057	4,723053
-0,780487	8,304276	4,670380
-0,793655	8,323425	4,653625
-0,745773	8,325821	4,664398
-0,660767	8,343781	4,682358
-0,612885	8,373703	4,766144
-0,544647	8,401245	4,810440
-0,496765	8,422791	4,781708
-0,537476	8,446732	4,768539
-0,521912	8,429962	4,735031
-0,502762	8,422791	4,683548
-0,457260	8,344971	4,653625
-0,452484	8,374908	4,612915
-0,509933	8,374908	4,642853
-0,600922	8,374908	4,605743
-0,681122	8,366516	4,573410
-0,796051	8,293503	4,499191
-0,869064	8,280334	4,418991
-0,870270	8,226456	4,476456
-0,934906	8,218079	4,599747
-0,961243	8,218079	4,709885
-0,963638	8,232452	4,820023
-0,988785	8,192947	4,925369
-1,024689	8,192947	4,994797
-1,045044	8,225266	5,040283
-1,019897	8,183365	5,078598
-0,997162	8,184570	5,083389
-0,961243	8,201324	5,022324
-0,970825	8,274353	4,952896
-0,933716	8,273148	4,894241
-0,833160	8,279129	4,861923
-0,757736	8,365326	4,735031
-0,702667	8,414413	4,616516
-0,627258	8,407227	4,565033
-0,593735	8,395248	4,508774
-0,565002	8,406021	4,551865
-0,513535	8,421585	4,652420
-0,508743	8,396454	4,681152
-0,550644	8,382080	4,724258
-0,626053	8,350967	4,818817
-0,745773	8,360535	4,899033
-0,816391	8,312653	4,986420
-0,869064	8,274353	5,070221
-0,940887	8,219284	5,140839
-1,011520	8,160614	5,230621
-1,005539	8,140274	5,109726
-0,958847	8,076828	4,863113
-0,871460	8,086395	4,659607
-0,757736	8,135483	4,612915
-0,651199	8,203720	4,616516
-0,551834	8,243225	4,633270
-0,464447	8,240829	4,596161
-0,360306	8,238434	4,547089
-0,246582	8,270752	4,430969
-0,274109	8,350967	4,399841
-0,345932	8,406021	4,529129
-0,354309	8,462296	4,766144
-0,411774	8,473068	4,997192
-0,462051	8,453903	5,280899
-0,508743	8,428772	5,513138
-0,551834	8,439545	5,599335
-0,573380	8,435959	5,650803
-0,605713	8,443130	5,612503
-0,673935	8,378494	5,582581
-0,695496	8,352158	5,516739
-0,719437	8,384476	5,338364
-0,723022	8,373703	5,152817
-0,712250	8,349762	4,943329
-0,712250	8,263565	4,735031
-0,690704	8,244415	4,500397
-0,629654	8,239624	4,330399
-0,658371	8,279129	4,189148
-0,673935	8,336594	4,142456
-0,638031	8,408417	4,237030
-0,626053	8,474258	4,366318
-0,671539	8,481445	4,508774
-0,600922	8,476654	4,709885
-0,538666	8,485031	4,859528
-0,491974	8,474258	4,932541
-0,454865	8,476654	5,009155
-0,470428	8,458694	5,103729
-0,472824	8,471863	5,179153
-0,519516	8,481445	5,188721
-0,644012	8,471863	5,155212
-0,712250	8,417999	5,104935
-0,811600	8,389267	5,009155
-0,855896	8,349762	4,942123
-0,949280	8,344971	4,831985
-0,975616	8,307861	4,726639
-0,967224	8,283920	4,653625
-0,981598	8,256393	4,634476
-0,980392	8,243225	4,612915
-0,930115	8,225266	4,592575
-0,891815	8,201324	4,568634
-0,843933	8,206116	4,577011
-0,825974	8,269562	4,626083
-0,827164	8,268356	4,616516
