-0,016739	2,522278	9,199020
0,047913	2,499527	9,323517
0,031158	2,530655	9,352249
0,006012	2,564178	9,317535
0,007217	2,625229	9,270844
0,013199	2,597687	9,250488
0,043121	2,590515	9,236130
0,100586	2,594101	9,246902
0,149658	2,582138	9,255280
0,197556	2,571350	9,285202
0,246628	2,615646	9,263657
0,294510	2,650360	9,260071
0,292114	2,701843	9,312744
0,263382	2,681488	9,428864
0,292114	2,685089	9,486313
0,325638	2,687469	9,511459
0,270569	2,717407	9,610825
0,191559	2,760498	9,718552
0,035934	2,796417	9,779602
-0,198685	2,876617	9,749680
-0,379456	2,940063	9,750885
-0,560211	3,025055	9,863403
-0,672745	3,179489	10,147125
-0,726608	3,303986	10,308731
-0,804428	3,444046	10,403305
-0,940887	3,683456	10,576874
-1,080948	3,956406	10,867767
-0,915756	4,044983	11,266403
-0,524307	4,059357	11,572861
-0,142426	4,072525	11,785950
-0,059830	4,246094	11,965515
0,074249	4,381378	12,257614
0,313675	4,533401	12,736450
0,797302	4,496292	13,348160
1,945312	3,852249	13,916794
1,458099	4,321518	14,303452
1,025940	5,109207	13,661804
0,676392	5,868179	13,694122
0,447739	6,246460	13,994598
0,434570	6,196182	14,198105
0,581818	6,117172	14,329788
0,464508	6,271591	14,292679
0,171219	6,593613	14,339371
-0,051453	6,918030	14,283096
-0,181931	7,146683	14,398026
-0,287277	7,293915	14,605118
-0,229813	7,310684	14,722443
-0,031097	7,201736	14,861298
0,269379	7,247238	15,040863
0,700333	7,249634	15,025299
1,215088	7,266388	14,961853
1,598160	7,094009	15,257538
1,984818	7,032959	15,209656
2,303253	7,593201	13,771942
2,630051	7,930771	12,822632
2,804840	8,006195	12,397675
2,721039	7,953522	11,679413
2,664780	8,109146	11,119171
2,908981	8,154633	11,812286
3,031082	8,327011	13,440338
2,810822	8,627487	14,547668
2,662384	8,985428	15,155792
2,656387	9,216461	15,555618
2,759338	9,065628	15,683716
3,515915	7,686569	15,866867
3,933701	7,000626	15,813004
3,970810	6,856979	15,595123
3,912155	6,823456	15,480209
3,484787	6,873734	15,353317
2,694702	6,914444	15,026505
2,189529	6,730087	14,471054
1,921371	6,491867	13,985031
1,777725	6,297928	13,877289
1,836380	5,918457	14,092758
2,047073	5,388138	14,390839
1,897430	5,240891	14,421967
1,653229	5,078079	14,218460
1,537109	4,638748	13,821014
1,356339	4,214981	13,218872
1,065445	4,218567	12,640686
1,000809	4,131180	12,166626
1,003204	3,924088	11,582443
1,206711	3,399750	10,982697
1,409012	3,003510	10,259644
1,467667	2,896973	9,544983
1,206711	3,015488	8,926071
0,769760	3,076538	8,089310
0,670410	2,746140	7,169922
0,802078	2,273285	6,376251
0,606964	2,324753	5,911774
0,323242	2,456436	5,613693
0,165222	2,401367	5,381454
0,106567	2,267288	5,116898
0,231064	2,085327	4,949310
0,545898	1,924927	4,875092
1,143265	1,499954	4,486023
1,262970	1,578964	4,128098
0,940948	1,963226	3,996414
0,270569	2,597687	3,948532
-0,302841	2,949646	3,972473
0,713501	1,487976	3,537918
1,085800	0,701492	2,501236
0,742233	0,857101	1,726715
0,871521	0,803238	1,715942
-0,712250	2,337921	1,532776
-2,169113	3,470383	1,027603
-1,115677	2,099701	0,333282
-0,233414	1,250961	-0,197037
-0,293259	1,473618	-0,247314
-1,337128	2,776062	0,162094
-1,285660	2,523468	-0,007889
-0,187912	1,112091	-0,389755
-0,379456	1,282074	-1,282806
-1,793228	2,500732	-2,502640
-1,138412	1,947662	-3,311890
-1,030670	1,892593	-3,681793
-1,651978	2,142792	-4,040924
-2,134399	2,485168	-4,390472
-2,669510	3,037033	-4,070847
-1,769287	1,989563	-4,555679
-0,954056	1,260529	-5,186539
-1,153976	1,602905	-6,022125
-1,311996	2,085327	-6,098740
-1,510712	2,316376	-6,119095
-1,643585	2,466019	-6,588348
-2,019485	3,178284	-5,692917
-1,649582	2,816757	-5,443924
-0,696686	1,905762	-6,043671
-0,677536	1,880630	-6,156204
-1,007935	2,160751	-6,547653
-1,285660	2,442078	-6,827774
-1,370651	2,548615	-6,642227
-1,692673	2,896973	-6,020920
-1,084549	2,341507	-5,555252
-1,201859	2,105682	-5,831787
-1,590927	2,351089	-6,263931
-1,672318	2,539032	-6,000580
-1,703445	2,658752	-5,634262
-1,625641	2,644379	-5,308655
-2,160736	3,390167	-5,005783
-2,695847	4,035416	-4,422791
-1,780060	3,159134	-4,063660
-1,776474	3,330322	-4,022964
-1,812378	3,725357	-3,611160
-1,472412	3,810364	-3,632706
-1,266510	3,855850	-3,530960
-1,442474	4,255676	-3,037750
-1,322769	4,371796	-2,393707
-1,235382	4,311935	-2,064514
-1,782455	4,923660	-1,959167
-1,733368	5,213364	-1,878952
-1,131226	4,982315	-1,578491
-0,780487	4,795563	-1,559326
-0,775696	4,929642	-1,577286
-0,581757	5,021820	-1,479126
0,372330	4,447220	-1,226532
1,054672	4,308350	-1,075699
0,410629	5,179840	-1,231323
0,495621	5,489883	-1,245697
0,452530	5,845428	-1,473145
0,780533	5,718536	-1,692215
0,768570	5,849014	-1,843048
0,651245	6,044144	-1,968735
0,657242	6,185410	-1,881348
0,782928	6,245255	-1,615601
0,911026	6,356583	-1,337860
1,414993	6,132736	-0,920074
1,587387	6,129135	-0,722549
1,959686	6,056122	-0,405319
2,012360	6,062103	-0,416092
2,042282	6,092026	-0,479538
1,929749	6,172241	-0,617218
1,752579	6,233292	-0,562149
1,602951	6,183014	-0,407715
1,601746	6,192581	0,093872
1,623291	6,309906	0,687622
1,787292	6,539749	1,271820
2,053055	6,667831	1,755447
1,905807	7,038940	1,833252
1,478439	7,580032	1,638123
1,491608	7,659042	1,299347
1,523941	7,554886	0,767838
2,068619	6,770782	0,378769
2,364304	6,215332	0,119003
2,311630	6,125549	-0,006683
2,246979	6,220123	0,054367
2,359512	6,108795	0,156113
2,584564	6,156677	0,279419
2,979614	6,263214	0,490112
3,333954	6,390106	0,666077
3,690689	6,525375	0,918671
3,895401	6,550522	1,234711
3,946869	6,606781	1,687210
4,137207	6,555313	2,184006
4,549011	6,455948	2,989655
4,739349	6,588821	3,764175
4,692657	6,849792	4,070633
4,334732	7,119141	4,013168
4,025879	7,170624	3,388290
3,404587	7,539322	3,308075
3,435699	7,359756	3,068665
3,994751	6,916840	2,118164
4,139603	6,975494	1,715942
3,849899	7,523758	1,553131
3,657166	8,048096	1,411880
3,883423	8,346176	1,561508
4,511902	8,452713	2,187592
5,227768	8,622696	2,182800
6,232132	8,695724	2,276184
7,350220	8,755585	2,338425
8,050537	9,018936	2,294144
8,643097	9,221252	2,595810
9,503815	9,090775	2,970505
10,234039	9,166183	3,458923
10,733231	9,448700	3,707916
11,283905	9,800644	4,033524
12,054840	10,096329	4,395050
12,876038	10,394409	4,481247
13,186096	11,264709	4,933746
14,662125	11,010925	4,487228
15,911896	10,631439	2,721497
16,170471	10,958252	1,258652
16,312927	11,651367	0,290192
16,824081	12,027252	-0,592072
17,688385	11,926697	-1,641937
18,581421	11,780655	-2,368576
19,261383	12,090698	-2,586441
19,814438	12,385193	-2,554123
20,385452	12,433075	-2,439194
20,978027	12,380402	-2,388916
21,419754	12,483353	-2,695374
21,477219	12,732346	-2,906067
21,424545	12,989731	-2,806717
21,873459	12,625809	-3,473495
22,126038	12,254700	-3,955933
21,866272	12,275055	-3,970291
21,373062	12,509689	-4,084015
21,302444	12,196045	-4,078033
21,380249	11,803406	-3,989441
21,130051	11,657349	-3,909241
20,693115	11,488556	-3,900864
20,242996	11,216812	-3,829041
19,800079	10,967819	-3,758408
19,266174	11,088730	-3,153870
19,090195	10,562012	-2,916840
18,635300	10,053238	-3,678192
17,675217	10,347717	-3,614746
17,574661	10,059219	-3,218506
17,559097	9,531296	-3,381317
16,903091	9,471451	-3,028168
16,318909	9,604324	-2,327866
16,005264	9,734802	-1,312729
16,066315	9,050064	-0,971558
16,060333	8,416794	-1,103241
15,661697	8,561646	-0,655518
15,314545	8,656219	-0,199417
14,874008	8,493408	0,005280
14,532837	8,286316	0,498489
14,368835	8,161819	1,358002
14,070755	8,075623	2,312088
13,724792	7,919998	3,322449
13,266296	7,672211	4,093384
12,799423	7,430389	4,590179
12,297852	7,180191	4,790100
11,614304	7,077240	4,928955
10,864914	6,704941	4,854736
10,061661	6,331451	4,590179
9,232071	6,173431	4,459686
8,493454	5,985489	4,548279
7,849411	5,655090	4,623703
7,173050	5,341446	4,610535
6,367401	5,158295	4,650024
5,657532	4,942810	4,642853
4,923706	4,796768	4,548279
4,315582	4,903305	4,563843
3,849899	4,947601	4,550674
3,400986	4,845856	4,539902
2,959259	4,747681	4,490814
2,589355	4,630371	4,541092
2,278107	4,507065	4,642853
2,144028	4,526230	4,830795
2,099747	4,478333	5,043884
1,822021	4,412491	4,888260
1,365921	4,310745	4,466873
0,970871	4,213776	4,007187
0,651245	4,211380	3,528351
0,329224	4,216171	3,229080
0,143677	4,179062	3,097397
0,028763	4,187439	3,141678
-0,132858	4,180267	3,133301
-0,430923	4,181458	2,992050
-0,870270	4,198212	2,810089
-1,231796	4,082092	2,508423
-1,713028	4,029419	2,133728
-2,245728	4,084488	1,700378
-2,632401	4,232925	1,353210
-2,874207	4,315536	1,001266
-3,016663	4,249695	0,581085
-3,199829	4,100052	0,172882
-3,481140	4,011475	-0,400543
-3,855835	4,049774	-0,987122
-4,212570	4,085693	-1,536591
-4,401718	3,987534	-2,011841
-4,558533	3,841476	-2,499054
-4,718948	3,702621	-2,912048
-4,911682	3,564957	-3,350189
-5,204971	3,489532	-3,908035
-5,571274	3,562561	-4,331818
-5,565292	3,313553	-4,714890
-5,532974	3,088501	-5,038101
-5,708954	2,973587	-5,402023
-5,991455	2,950836	-5,771927
-6,141098	2,932877	-6,128662
-6,254822	2,907745	-6,635040
-6,429596	2,932877	-7,196472
-6,586426	3,009491	-7,729187
-6,667831	3,032242	-8,205627
-6,773163	2,979568	-8,671310
-6,793518	2,913727	-8,962204
-6,733658	2,908936	-9,060364
-6,728882	2,962814	-9,099869
-6,776764	3,102875	-8,970581
-6,763596	3,239334	-8,692856
-6,684586	3,295609	-8,351685
-6,532547	3,238144	-8,014099
-6,516983	3,163925	-7,639404
-6,358978	3,098083	-7,233582
-6,169830	3,047806	-6,879242
-6,123138	3,195053	-6,597931
-6,099197	3,442841	-6,515335
-6,064484	3,575729	-6,630249
-5,999847	3,610443	-6,747559
-5,881332	3,658325	-6,845734
-5,796341	3,641571	-6,846924
-5,730499	3,827118	-6,761932
-5,656281	4,006683	-6,636230
-5,583252	4,119202	-6,532089
-5,677826	4,357437	-6,460266
-5,799927	4,656708	-6,456665
-5,892105	4,784790	-6,392029
-5,951965	4,706985	-6,236404
-5,913651	4,532211	-5,879669
-5,790344	4,441223	-5,357727
-5,594025	4,532211	-4,623901
-5,583252	4,900909	-3,826645
-5,617966	5,319901	-3,141891
-5,556915	5,628754	-2,477509
-5,445587	5,701782	-1,776001
-5,441986	5,664673	-1,251678
-5,451569	5,515030	-0,958389
-5,486282	5,474319	-0,380188
-5,722122	5,765228	0,275818
-5,902878	6,083649	1,000076
-5,938797	6,454758	1,615387
-5,832245	6,811493	2,027191
-5,681412	7,265182	2,464127
-5,629944	7,876907	3,006409
-5,625153	8,450317	3,558273
-5,615570	8,923172	4,067047
-5,523392	9,226044	4,512360
-5,408478	9,453491	5,027115
-5,216934	9,528900	5,346741
-5,177429	9,616302	5,491592
-5,370163	9,897614	5,892624
-5,663452	10,341736	6,065002
-5,680222	10,666153	6,257736
-5,566498	10,976196	6,612076
-5,382141	11,274277	6,870651
-5,017029	11,482574	7,169922
-4,711761	11,659744	7,624832
-4,496277	11,866852	7,864243
-4,240097	11,908737	8,116837
-3,937241	11,883606	8,650742
-3,645142	11,927902	9,165497
-3,348267	12,005707	9,714966
-3,214188	12,022461	10,066910
-3,138779	12,024857	10,082474
-2,966385	12,076340	9,858612
-2,641968	12,124222	9,579697
-2,153564	12,246323	9,425262
-1,683090	12,451035	9,330704
-1,382629	12,579117	9,068527
-1,055817	12,492935	8,722565
-0,591339	12,337311	8,426880
-0,110107	12,196045	8,271255
0,244232	12,227173	8,080917
0,515976	12,242737	7,962402
0,756592	12,134995	7,975571
1,064255	11,846497	8,045013
1,448517	11,478989	8,124023
1,845963	11,115067	8,243729
2,166779	10,872055	8,203033
2,462463	10,736786	8,010300
2,844345	10,552429	7,707428
3,102905	10,342941	7,342316
3,288467	10,213654	6,875443
3,441696	10,170547	6,396606
3,587738	10,164566	5,836365
3,731384	10,091537	5,394623
3,897781	9,987396	4,922974
4,118057	9,928741	4,681152
4,395782	9,806641	4,374695
4,662735	9,777908	4,187958
4,877014	9,739594	3,845581
5,159531	9,621078	3,595383
5,550980	9,411591	3,428986
5,935257	9,334976	3,172806
6,239319	9,261948	2,834030
6,445221	9,090775	2,496445
6,540985	8,924377	2,191193
6,562531	8,880081	1,992462
6,606827	8,801071	1,932617
6,550568	8,682556	1,857193
6,398529	8,537704	1,707565
6,281219	8,453903	1,712341
6,343460	8,451523	2,102600
6,373398	8,386871	2,461731
6,186646	8,300674	2,795715
6,080109	8,335403	3,132111
5,886169	8,352158	3,199142
5,665909	8,294693	3,130905
5,506699	8,194138	3,102173
5,409729	8,048096	2,986069
5,363037	7,827820	2,831635
5,386978	7,625519	2,678406
5,457611	7,485458	2,465317
5,499512	7,368134	2,410263
5,650345	7,201736	2,339630
5,765259	7,030563	2,228302
5,875397	6,941971	2,052322
5,895752	6,919220	1,810501
5,890961	6,868942	1,484894
5,920883	6,789948	1,088654
5,883774	6,770782	0,584671
5,862228	6,754028	0,075912
5,884979	6,738464	-0,282028
5,967575	6,768387	-0,546585
6,148331	6,715714	-0,621994
6,386566	6,692978	-0,720169
6,525421	6,732483	-0,894943
6,669083	6,713333	-1,100845
6,782806	6,591217	-1,255264
6,919266	6,555313	-1,349838
6,965958	6,573273	-1,538986
7,013840	6,592422	-1,766434
7,084473	6,598404	-2,034576
7,213760	6,637909	-2,205765
7,242493	6,683395	-2,306320
7,236496	6,664246	-2,405685
7,296356	6,643890	-2,370972
7,358612	6,629532	-2,303925
7,426834	6,635513	-2,275192
7,489090	6,659454	-2,282379
7,565704	6,755219	-2,309906
7,624359	6,786346	-2,282379
7,667465	6,775574	-2,332657
7,611191	6,760010	-2,453568
7,465149	6,806702	-2,587646
7,276001	6,856979	-2,718124
7,114395	6,975494	-2,910858
6,937225	7,055695	-3,127533
6,830688	7,103577	-3,357376
6,833084	7,150269	-3,475891
6,803146	7,265182	-3,473495
6,706192	7,376526	-3,438782
6,625977	7,404053	-3,474686
6,454788	7,481857	-3,607574
6,269241	7,527359	-3,663834
6,110031	7,517776	-3,660248
5,959198	7,538132	-3,533356
5,759277	7,586014	-3,305893
5,577316	7,564468	-2,884521
5,422897	7,473480	-2,494263
5,281631	7,382507	-2,130341
5,231354	7,363358	-1,628769
5,075729	7,364548	-1,075699
4,863846	7,369339	-0,627991
4,642380	7,390884	-0,246109
4,449646	7,345398	0,001694
4,260513	7,295120	0,144150
4,248535	6,806702	-0,428070
3,732590	7,260406	-0,238922
3,140030	7,897263	0,492508
3,112488	7,902054	0,433838
3,057419	7,620728	0,515244
3,038269	7,327438	0,716354
2,880249	7,297516	0,767838
2,674347	7,457916	0,699600
2,500778	7,583618	0,698395
2,449295	7,575241	0,794174
2,432541	7,427994	0,879166
2,400208	7,362152	0,917465
2,314026	7,405243	0,961761
2,206284	7,326248	0,972534
2,094955	7,232864	0,949799
1,974045	7,204132	0,986908
1,813629	7,113159	1,182037
1,664001	7,062881	1,350815
1,569427	7,005417	1,572281
1,507172	7,047318	1,751846
1,414993	7,164627	1,757843
1,404221	7,198151	1,767410
1,486832	7,205338	1,851212
1,531113	7,273575	1,912262
1,511963	7,268784	1,932617
1,459290	7,175400	2,033173
1,363525	7,036545	2,125351
1,314438	6,930008	2,158859
1,223465	6,897675	2,254639
1,097763	6,945557	2,479691
0,985245	6,949158	2,601791
1,195938	6,508621	2,081055
0,821243	6,833038	2,116974
0,124527	7,503418	2,631714
0,140091	7,503418	2,689178
0,219101	7,362152	2,969299
0,361557	7,067673	3,298508
0,440567	6,906052	3,650452
0,366333	6,920425	3,844376
0,351974	6,888107	3,868332
0,375916	6,739655	4,175980
0,368729	6,590027	4,553070
0,246628	6,528976	4,940933
0,064667	6,619949	5,519135
-0,075394	6,625931	5,905792
-0,173553	6,548126	6,317596
-0,366287	6,653473	6,530670
-0,469238	6,575653	6,513916
-0,529099	6,478699	6,670731
-0,708664	6,580444	6,627640
-0,830765	6,695374	6,402588
-0,659576	6,542145	5,991989
-0,488388	6,376938	5,408997
-0,507538	6,478699	5,016342
-0,496765	6,519394	4,677567
-0,383041	6,473907	4,495605
-0,257355	6,411652	4,769745
-0,208267	6,296738	5,298859
-0,211853	6,054916	5,799255
-0,386642	5,846619	6,462448
-0,063416	5,092453	6,531876
0,076645	4,572906	6,111694
-1,067780	5,503052	7,493149
-1,416138	5,914856	8,089310
-1,361084	5,995071	8,568146
-1,290451	5,926834	8,932068
-1,308411	5,787964	9,152328
-1,278473	5,731705	9,222961
-1,180313	5,765228	9,372589
-0,809219	5,437210	9,274429
-0,646408	5,269623	9,240921
-0,840332	5,365387	9,421677
-0,918152	5,214554	9,610825
-0,839142	4,935638	9,628769
-0,841537	4,826691	9,978333
-0,769714	4,741699	10,533783
-0,663162	4,406509	10,959946
-0,811600	4,352646	11,673416
-0,975616	4,297577	12,389282
-0,872665	3,825912	12,888474
-0,981598	3,775635	13,533722
-1,194687	3,811554	13,307465
-1,551422	4,192230	13,185364
-1,799210	4,414886	12,456329
-1,793228	4,293991	11,638702
-1,881821	4,401718	11,289154
-1,893784	4,317932	10,720535
-1,775269	4,113220	9,950790
-1,759705	4,272430	9,535400
-1,628036	4,274826	9,379776
-1,355087	3,913300	9,196625
-1,298828	3,937256	9,391754
-1,277283	3,938446	9,809540
-0,766113	3,353058	10,204575
-0,605713	3,379395	10,998260
-0,503952	3,227371	11,378937
-0,497971	3,351868	12,289932
-0,453674	3,337509	12,937561
-0,219040	3,044205	13,333801
-0,160385	3,002319	13,697723
0,055099	2,631210	13,572021
0,052704	2,930481	13,864120
0,062271	3,151947	13,955093
0,198746	3,120819	13,950302
0,274170	3,044205	13,780319
0,175995	3,057373	13,151840
0,006012	3,096878	12,370132
-0,092148	3,119629	11,698563
-0,142426	3,118439	11,159866
-0,256149	3,132797	10,682220
-0,368683	3,154343	10,361404
-0,452484	3,136383	10,190216
-0,464447	3,071747	10,050156
-0,320801	2,995132	9,922058
-0,119690	2,911331	9,772430
0,043121	2,884995	9,668274
0,138885	2,861053	9,543777
0,216705	2,726974	9,467163
0,348389	2,516296	9,568924
0,397461	2,369049	9,786789
0,373520	2,276871	10,045364
0,385498	2,082947	10,215347
0,416626	1,756134	10,268021
0,002426	2,153564	10,648697
-0,179535	2,217010	10,836655
-0,098129	1,934494	10,914459
0,004822	1,665146	10,799545
-0,041870	1,537064	10,634338
-0,163971	1,605301	10,530197
-0,283691	1,647202	10,370972
-0,409378	1,587341	10,203384
-0,506348	1,484390	10,163879
-0,567398	1,397003	10,126770
-0,638031	1,437698	10,135147
-0,744568	1,423340	10,135147
-0,754150	1,325180	10,187820
-0,766113	1,279678	10,330276
-0,773300	1,264130	10,473923
-0,697876	1,244965	10,586456
-0,642822	1,250961	10,610397
-0,648804	1,236588	10,564911
-0,641617	1,242569	10,616379
-0,737381	1,231796	10,707367
-0,806824	1,216232	10,757645
-0,833160	1,210251	10,788773
-0,849915	1,246170	10,671448
-0,877441	1,307220	10,342239
-0,922943	1,369461	10,017838
-0,848724	1,302429	9,986710
-0,787659	1,260529	10,114792
-0,816391	1,292847	10,186630
-0,770905	1,298843	10,209366
-0,602112	1,240173	10,297958
-0,417755	1,222229	10,399704
-0,298050	1,256943	10,549347
-0,260941	1,243774	10,677429
-0,294464	1,235397	10,679825
-0,321991	1,258133	10,586456
-0,375870	1,270111	10,428436
-0,462051	1,274902	10,171066
-0,535080	1,307220	9,901718
-0,536270	1,325180	9,746094
-0,545853	1,340744	9,625183
-0,489594	1,341934	9,623993
-0,387833	1,337143	9,652710
-0,246582	1,347916	9,652710
-0,217850	1,397003	9,756866
-0,222641	1,346725	9,880173
-0,222641	1,302429	9,945999
-0,247772	1,301239	9,948395
-0,264526	1,301239	9,974731
-0,292068	1,316788	9,928055
-0,278900	1,323975	9,823898
-0,233414	1,306015	9,713776
-0,231018	1,326370	9,614410
-0,266922	1,315598	9,430054
-0,299255	1,312012	9,361816
-0,319595	1,346725	9,219360
-0,384247	1,392212	9,165497
-0,475220	1,413757	9,261261
-0,555420	1,406570	9,401321
-0,628448	1,395798	9,487518
-0,644012	1,362289	9,511459
-0,623657	1,383835	9,627579
-0,652390	1,394608	9,693420
-0,689499	1,416153	9,728134
-0,636826	1,392212	9,820312
-0,529099	1,321579	9,893341
-0,512329	1,363480	9,972336
-0,520706	1,387421	9,920868
-0,468033	1,414963	9,774826
-0,415359	1,401794	9,697006
-0,338745	1,407776	9,646729
-0,319595	1,422134	9,534210
-0,294464	1,466431	9,398926
-0,287277	1,478409	9,281616
-0,246582	1,484390	9,131973
-0,165176	1,455658	9,066132
-0,104126	1,453262	9,013458
-0,013138	1,476013	9,027832
0,073044	1,455658	9,066132
0,189163	1,429321	9,224152
0,255005	1,474808	9,394150
0,234665	1,453262	9,457596
0,158051	1,417358	9,483932
0,052704	1,389816	9,467163
-0,055038	1,389816	9,517441
-0,153198	1,446075	9,554550
-0,227417	1,479599	9,633560
-0,280090	1,495163	9,661102
-0,290863	1,460449	9,736511
-0,335159	1,454468	9,792770
-0,399811	1,447281	9,893341
-0,396210	1,470032	9,968750
-0,362701	1,489182	10,054947
-0,300446	1,455658	10,110016
-0,278900	1,448471	10,120789
-0,253754	1,414963	10,197403
-0,281296	1,447281	10,250076
-0,347137	1,477203	10,294357
-0,379456	1,474808	10,272812
-0,391418	1,491577	10,185425
-0,354309	1,486786	10,090851
-0,247772	1,516708	9,918472
-0,153198	1,565796	9,724548
-0,114899	1,606491	9,560547
-0,080185	1,569382	9,408508
-0,031097	1,612473	9,345062
0,029953	1,616074	9,335480
0,107773	1,601700	9,299576
0,179596	1,630432	9,256470
0,150864	1,620865	9,254074
0,161636	1,595718	9,311539
0,113754	1,590927	9,402527
0,073044	1,608887	9,471954
0,051498	1,596924	9,531815
0,026367	1,616074	9,586868
-0,014343	1,593323	9,612015
-0,015533	1,594528	9,578491
0,006012	1,580154	9,600037
0,008408	1,594528	9,577301
-0,003571	1,582550	9,511459
-0,009552	1,612473	9,442032
0,026367	1,574173	9,419281
0,065872	1,580154	9,440826
0,142487	1,607697	9,483932
0,180786	1,598114	9,594055
0,164032	1,587341	9,718552
0,137695	1,575363	9,778412
0,138885	1,552628	9,910095
0,077835	1,582550	10,005859
0,037140	1,566986	10,081284
0,015594	1,547836	10,131561
-0,034683	1,570587	10,120789
-0,092148	1,593323	9,935226
-0,175949	1,576569	9,828690
-0,222641	1,541855	9,778412
-0,229813	1,559799	9,766434
-0,234604	1,606491	9,772430
-0,185516	1,620865	9,661102
-0,099335	1,628036	9,662292
-0,083771	1,610092	9,612015
-0,087357	1,618469	9,549759
-0,068207	1,666351	9,500687
-0,049057	1,634033	9,467163
-0,047852	1,620865	9,465973
-0,044266	1,605301	9,480331
-0,001175	1,581360	9,500687
0,001221	1,564590	9,589264
-0,033493	1,576569	9,687439
-0,096939	1,555023	9,744888
-0,143631	1,526291	9,762848
-0,166367	1,526291	9,758057
-0,210663	1,513123	9,707779
-0,260941	1,513123	9,694611
-0,259750	1,517914	9,600037
-0,229813	1,534668	9,554550
-0,173553	1,565796	9,471954
-0,112503	1,546646	9,403717
-0,075394	1,583755	9,293579
-0,028702	1,605301	9,190628
0,009598	1,576569	9,109238
0,028763	1,565796	9,124802
-0,015533	1,608887	9,190628
-0,071793	1,577759	9,318726
-0,076584	1,557419	9,410904
-0,179535	1,570587	9,541382
-0,260941	1,584946	9,676651
-0,275299	1,562195	9,772430
-0,265732	1,559799	9,833481
-0,202286	1,533478	9,864609
-0,173553	1,531082	9,859818
-0,152008	1,546646	9,883759
-0,111298	1,562195	9,893341
-0,072998	1,572968	9,771225
-0,081375	1,572968	9,647934
-0,071793	1,608887	9,597656
-0,068207	1,643600	9,596451
-0,046661	1,671143	9,596451
-0,021515	1,675919	9,542587
0,004822	1,667542	9,495895
0,079041	1,636429	9,523422
0,136490	1,665146	9,566528
0,130508	1,684311	9,529419
0,112549	1,719025	9,560547
0,095795	1,736984	9,559341
0,073044	1,708252	9,506668
0,051498	1,684311	9,595261
0,028763	1,645996	9,671875
0,043121	1,641205	9,747284
0,057495	1,679520	9,828690
0,050308	1,708252	9,829880
0,003616	1,684311	9,789185
-0,005951	1,681915	9,784393
-0,027512	1,693878	9,710175
-0,013138	1,710648	9,652710
0,051498	1,692688	9,562927
0,073044	1,687897	9,440826
0,095795	1,701065	9,372589
0,102982	1,713043	9,365417
0,077835	1,769302	9,345062
0,047913	1,747757	9,318726
0,034744	1,722610	9,340271
0,007217	1,738174	9,408508
0,026367	1,726196	9,439636
0,061081	1,698669	9,446808
0,091003	1,733383	9,474350
0,119736	1,711838	9,503082
0,118546	1,703461	9,533005
0,095795	1,713043	9,535400
0,056290	1,715424	9,589264
0,071854	1,709442	9,549759
0,083832	1,713043	9,497086
0,093399	1,713043	9,382172
0,089813	1,711838	9,351044
0,047913	1,735779	9,264862
0,006012	1,736984	9,224152
0,013199	1,758530	9,276825
0,023972	1,758530	9,294785
0,023972	1,727402	9,262466
0,050308	1,725006	9,261261
0,011993	1,732193	9,346252
-0,014343	1,729797	9,516251
-0,043076	1,710648	9,687439
-0,043076	1,701065	9,787994
-0,089752	1,684311	9,841858
-0,135239	1,680710	9,867004
-0,199890	1,678314	9,935226
-0,204681	1,653183	9,971146
-0,161575	1,651978	10,028610
-0,197495	1,671143	10,010651
-0,196304	1,668747	9,925659
-0,187912	1,650787	9,856216
-0,135239	1,641205	9,849045
-0,128067	1,660370	9,871780
-0,088562	1,640015	9,855026
-0,020325	1,644806	9,804749
0,002426	1,630432	9,768829
0,088608	1,651978	9,735321
0,098190	1,659164	9,713776
0,111359	1,654373	9,655106
0,134109	1,681915	9,655106
0,150864	1,674728	9,604828
0,130508	1,684311	9,501877
0,086212	1,680710	9,455200
0,074249	1,675919	9,476746
0,010803	1,703461	9,612015
-0,050247	1,763321	9,606033
-0,058624	1,770493	9,675461
-0,069397	1,732193	9,735321
-0,147217	1,723816	9,767639
-0,177139	1,734589	9,843048
-0,173553	1,753738	9,936432
-0,222641	1,789658	9,932831
-0,222641	1,775284	9,918472
-0,193909	1,753738	9,852631
-0,232208	1,730988	9,780807
-0,191513	1,754929	9,683838
-0,154404	1,756134	9,560547
-0,051453	1,776489	9,475540
0,007217	1,763321	9,420471
0,037140	1,776489	9,319916
0,073044	1,745361	9,226547
0,086212	1,776489	9,237320
0,108963	1,757324	9,257675
0,136490	1,765701	9,291199
0,104172	1,762115	9,315140
0,065872	1,753738	9,358231
0,019180	1,747757	9,372589
0,013199	1,766907	9,394150
0,016785	1,736984	9,415695
0,023972	1,733383	9,369003
-0,010742	1,735779	9,323517
0,011993	1,729797	9,295975
0,056290	1,726196	9,274429
0,027557	1,726196	9,323517
0,004822	1,727402	9,443222
-0,023911	1,715424	9,625183
-0,086166	1,690292	9,755661
-0,125671	1,662750	9,793976
-0,136444	1,648392	9,795166
-0,162781	1,650787	9,886154
-0,169968	1,641205	9,930450
-0,186722	1,668747	9,960373
-0,152008	1,661560	9,931641
-0,124466	1,650787	9,913681
-0,068207	1,648392	9,841858
-0,039474	1,711838	9,778412
-0,065811	1,722610	9,668274
-0,106522	1,708252	9,632370
-0,122070	1,717819	9,584488
-0,096939	1,680710	9,554550
-0,100525	1,722610	9,555756
-0,071793	1,747757	9,586868
-0,019119	1,739365	9,558151
0,045517	1,739365	9,584488
0,089813	1,766907	9,665878
0,094604	1,746552	9,702988
0,067062	1,776489	9,732925
0,031158	1,786057	9,774826
0,019180	1,763321	9,730530
-0,058624	1,772888	9,650330
-0,080185	1,763321	9,619202
-0,074188	1,790848	9,570114
-0,038284	1,766907	9,546173
0,007217	1,739365	9,550964
0,013199	1,723816	9,529419
0,019180	1,764511	9,512650
0,045517	1,760925	9,521042
0,058685	1,744156	9,497086
0,040726	1,728592	9,479141
0,021576	1,701065	9,505478
-0,011948	1,736984	9,582092
-0,039474	1,754929	9,629974
-0,075394	1,762115	9,602432
-0,117294	1,721420	9,673065
-0,082565	1,740570	9,651520
-0,096939	1,708252	9,588074
-0,099335	1,762115	9,556946
-0,070602	1,778870	9,501877
-0,076584	1,781265	9,470764
-0,040680	1,787262	9,384567
-0,034683	1,770493	9,317535
0,003616	1,789658	9,263657
-0,001175	1,826767	9,288803
0,004822	1,812393	9,328308
0,026367	1,782471	9,323517
0,056290	1,796829	9,317535
0,063477	1,806412	9,339081
0,040726	1,801620	9,309143
0,034744	1,770493	9,348648
0,020370	1,765701	9,367813
-0,016739	1,768097	9,420471
-0,016739	1,760925	9,516251
-0,032288	1,716629	9,554550
-0,089752	1,734589	9,594055
-0,140030	1,742966	9,723343
-0,168762	1,735779	9,762848
-0,148407	1,734589	9,768829
-0,157990	1,736984	9,718552
-0,161575	1,740570	9,619202
-0,184326	1,732193	9,574905
-0,167572	1,708252	9,577301
-0,195099	1,703461	9,597656
-0,268127	1,705856	9,713776
-0,142426	1,739365	9,809540
-0,029907	1,720215	9,781998
-0,055038	1,693878	9,792770
-0,168762	1,762115	9,839462
-0,123276	1,654373	9,653915
0,008408	1,595718	9,631165
0,004822	1,642410	9,651520
-0,023911	1,729797	9,647934
-0,074188	1,741760	9,702988
-0,074188	1,721420	9,711380
-0,026306	1,679520	9,655106
-0,050247	1,672333	9,626373
-0,051453	1,675919	9,645538
-0,049057	1,714233	9,771225
-0,053848	1,705856	9,875381
-0,047852	1,703461	9,895721
-0,078979	1,720215	9,899323
-0,087357	1,716629	9,839462
-0,093353	1,699875	9,759262
-0,110107	1,734589	9,698212
-0,162781	1,769302	9,591660
-0,169968	1,790848	9,475540
-0,153198	1,792038	9,459976
-0,141235	1,790848	9,367813
-0,131653	1,781265	9,370193
-0,134048	1,804016	9,433640
-0,183136	1,830353	9,471954
-0,192703	1,821976	9,500687
-0,219040	1,784866	9,579697
-0,263336	1,781265	9,669479
-0,253754	1,806412	9,756866
-0,238190	1,750153	9,802353
-0,271713	1,722610	9,823898
-0,296860	1,735779	9,823898
-0,308823	1,732193	9,841858
-0,280090	1,699875	9,833481
-0,217850	1,704651	9,785599
-0,181931	1,725006	9,722153
-0,154404	1,760925	9,619202
-0,161575	1,732193	9,564133
-0,132858	1,689087	9,511459
-0,107712	1,711838	9,448013
-0,111298	1,707047	9,492310
-0,110107	1,728592	9,509064
-0,102921	1,739365	9,547379
-0,130463	1,727402	9,588074
-0,153198	1,693878	9,680252
-0,211853	1,685501	9,730530
-0,262131	1,711838	9,704193
-0,310028	1,679520	9,734116
-0,324387	1,716629	9,706589
-0,329178	1,708252	9,682648
-0,345932	1,730988	9,706589
-0,350723	1,725006	9,664688
-0,293259	1,719025	9,546173
-0,214249	1,680710	9,491104
-0,154404	1,684311	9,467163
-0,096939	1,757324	9,461182
-0,080185	1,784866	9,449203
-0,083771	1,758530	9,415695
-0,096939	1,739365	9,359421
-0,098129	1,745361	9,317535
-0,154404	1,766907	9,357025
-0,184326	1,765701	9,459976
-0,190308	1,760925	9,536591
-0,166367	1,741760	9,600037
-0,162781	1,744156	9,645538
-0,196304	1,759720	9,710175
-0,205872	1,720215	9,853836
-0,179535	1,716629	9,918472
-0,162781	1,717819	9,914886
-0,092148	1,730988	9,930450
-0,041870	1,753738	9,878967
-0,027512	1,733383	9,770035
-0,015533	1,740570	9,658707
-0,017929	1,772888	9,576096
0,000031	1,812393	9,455200
0,002426	1,784866	9,382172
-0,061020	1,805206	9,364212
-0,087357	1,831543	9,355835
-0,099335	1,827957	9,334290
-0,104126	1,831543	9,317535
-0,104126	1,821976	9,333084
-0,081375	1,813599	9,305557
-0,067017	1,849503	9,334290
-0,041870	1,839935	9,388153
-0,067017	1,847107	9,438431
-0,053848	1,857880	9,492310
-0,080185	1,817184	9,577301
-0,069397	1,806412	9,668274
-0,111298	1,805206	9,707779
-0,204681	1,832748	9,767639
-0,274109	1,821976	9,822708
-0,319595	1,789658	9,828690
-0,314804	1,789658	9,819107
