-1,194687	7,613541	6,731796
-1,138412	7,771561	7,318375
-0,992371	7,680588	7,740952
-0,853500	7,630310	7,994736
-0,744568	7,618332	8,120422
-0,750549	7,601578	8,064163
-0,817596	7,629105	7,881012
-0,899002	7,708115	7,627228
-1,001953	7,723679	7,374634
-1,043839	7,750015	7,139999
-1,076172	7,727264	6,997543
-1,180313	7,512985	6,862274
-1,450851	7,128723	6,724609
-1,903366	7,347794	6,499557
-2,217010	7,890076	6,200272
-2,312775	8,036118	5,921356
-2,245728	8,001404	5,533493
-2,086517	7,791916	5,198303
-1,938080	7,600372	5,042679
-1,848297	7,508194	5,136047
-1,802811	7,497421	5,387451
-1,813583	7,515381	5,737000
-1,727386	7,602768	6,011139
-1,560989	7,608765	6,233795
-1,256927	7,584808	6,381042
-0,945679	7,486649	6,454056
-0,708664	7,419617	6,474411
-0,502762	7,389694	6,568985
-0,347137	7,340607	6,706650
-0,208267	7,322647	6,764114
-0,137634	7,295120	6,809601
-0,105316	7,261597	6,876633
-0,156799	7,182587	6,901779
-0,281296	7,186188	6,895798
-0,420151	7,190964	6,902969
-0,557816	7,254410	6,879028
-0,695496	7,375320	6,875443
-0,778091	7,481857	6,857483
-0,840332	7,578827	6,859879
-0,865479	7,669815	6,880234
-0,845123	7,763184	6,826355
-0,791260	7,788330	6,710236
-0,770905	7,800293	6,671936
-0,808014	7,821838	6,602509
-0,849915	7,856552	6,540253
-0,944489	7,888885	6,456451
-0,992371	7,936768	6,323578
-0,982788	7,961899	6,316391
-0,848724	8,014572	6,375061
-0,751755	8,018173	6,443283
-0,709854	8,014572	6,564194
-0,731400	8,010986	6,677917
-0,766113	7,987045	6,566589
-0,829559	7,954712	6,422943
-0,833160	7,931976	6,250549
-0,825974	7,930771	6,014725
-0,714645	7,942749	5,704681
-0,451279	8,033722	5,622070
-0,163971	8,117523	5,660385
0,052704	8,152237	5,975220
0,162827	8,159424	6,433716
0,162827	8,104355	6,893402
0,137695	8,052887	7,371048
0,126923	8,015778	7,830734
0,041931	7,996613	8,329926
-0,174744	8,079224	8,872208
-0,433319	8,226456	9,550964
-0,705063	8,334198	10,167465
-0,707458	8,310257	10,472733
-0,554230	8,137878	10,512238
-0,463257	7,848175	10,442810
-0,573380	7,681778	10,359009
-0,806824	7,617142	10,285980
-1,001953	7,647064	10,053741
-1,080948	7,679382	9,759262
-1,035461	7,675797	9,305557
-0,954056	7,636292	8,775238
-0,857101	7,626709	8,197037
-0,833160	7,718887	7,556595
-0,919342	7,843384	6,864670
-0,989975	7,953522	6,309219
-1,090530	8,054077	5,833969
-1,227005	8,104355	5,581375
-1,402969	8,098373	5,493988
-1,575363	8,145065	5,531097
-1,624435	8,145065	5,729813
-1,584930	8,133087	5,975220
-1,545425	8,129501	6,013535
-1,517899	8,189346	6,059021
-1,507126	8,195343	6,567795
-1,552612	8,161819	7,369843
-1,678314	8,111542	8,157532
-1,699860	7,912827	8,803970
-1,544235	7,611145	9,349854
-1,356293	7,266388	9,822708
-1,259323	7,076050	10,172256
-1,325165	7,006622	10,689407
-1,516693	6,982666	11,295135
-1,581345	6,998230	11,782364
-1,033066	6,916840	12,321060
-0,095734	6,744446	12,588013
0,733856	6,646286	12,491043
1,027145	6,648682	12,294724
0,842789	6,643890	11,954742
0,447739	6,700165	11,528580
0,057495	6,744446	10,992279
-0,385437	6,661850	10,173462
-0,547043	6,458344	9,670670
-0,665558	6,360184	9,446808
-0,961243	6,251251	9,227753
-1,146790	6,120758	9,121201
-1,116867	5,975906	8,972763
-1,096512	5,760437	8,655533
-1,042648	5,576080	8,244919
-0,782883	5,299545	7,971985
-0,480011	4,979919	7,579330
-0,153198	4,638748	7,208237
0,150864	4,255676	7,114868
0,323242	3,970764	6,993958
0,377121	3,810364	6,589340
0,430984	3,598465	6,023102
0,581818	3,229767	5,249786
0,603363	2,825150	4,038315
0,635681	2,636002	2,956131
0,638077	2,452850	2,028381
0,361557	2,363068	1,103027
0,011993	2,286453	0,096268
-0,028702	2,153564	-0,742905
0,222687	1,941681	-1,214569
0,375916	1,821976	-1,649109
0,398666	1,777679	-2,186615
0,436966	1,635223	-2,818680
0,483658	1,430527	-3,542923
0,413025	1,244965	-4,149857
0,270569	1,270111	-4,508987
0,153259	1,280884	-4,517365
0,322052	0,989990	-4,099579
0,458511	0,542267	-3,638687
0,357956	0,165192	-3,198166
0,162827	-0,290909	-3,098801
-0,029907	-0,835587	-3,430405
-0,316010	-1,375488	-4,312668
-0,699081	-1,912979	-5,642639
-0,934906	-2,523499	-7,133026
-0,920547	-3,130432	-9,025650
-0,951675	-3,512314	-11,702362
-0,942093	-3,717010	-14,871094
-0,973221	-3,585327	-18,479156
-1,157562	-3,143600	-22,349380
-1,329956	-2,707855	-25,962234
-1,128845	-2,779678	-28,943008
-0,695496	-2,887421	-30,918228
0,077835	-3,112473	-31,498825
1,660400	-3,641602	-31,031952
2,874268	-3,393799	-29,752258
3,197479	-2,529495	-28,334885
3,386627	-1,574203	-26,887589
4,200653	-1,247391	-25,743164
5,073334	-1,162399	-25,258331
5,312759	-0,864319	-25,497757
4,978775	-0,351959	-25,563599
4,679489	0,198700	-25,044052
4,777664	0,758942	-24,038483
4,738159	1,453262	-22,612747
4,471191	2,280457	-20,724915
4,004333	3,234558	-18,742523
3,436905	4,127594	-16,842712
3,002350	4,971542	-15,171570
2,555832	5,771210	-13,888275
2,213470	6,448761	-12,899460
1,735825	6,958725	-12,360779
1,221069	7,341797	-12,100998
0,782928	7,463913	-11,931015
0,331619	7,521362	-11,732300
0,026367	7,659042	-11,435410
0,019180	7,678192	-11,205566
0,354370	7,364548	-11,240280
0,563858	7,096405	-11,855591
-0,003571	7,150269	-12,870743
-0,848724	7,275970	-14,300079
-1,459244	7,149063	-15,847931
-1,929703	6,860565	-17,352676
-2,217010	6,601990	-18,175095
-2,220596	6,524185	-18,215790
-2,243347	6,634323	-17,900955
-2,464798	6,679810	-17,625626
-2,565353	6,719315	-17,401764
-2,462402	6,789948	-17,413727
-2,434875	7,034149	-17,898560
-2,175110	7,189774	-18,378601
-1,739365	7,155060	-18,918488
-1,079758	6,898880	-19,201004
-0,422546	6,537354	-19,145935
-0,034683	6,192581	-18,840683
0,271774	5,839447	-18,434860
0,356766	5,525803	-17,880600
0,187973	5,251663	-17,243744
0,025162	5,137939	-16,575760
-0,088562	5,118790	-16,008331
-0,253754	5,063721	-15,577377
-0,374664	5,012253	-15,323593
-0,378250	5,096039	-15,104523
-0,126862	5,215759	-14,893829
0,035934	5,275604	-15,144028
-0,099335	5,225327	-15,622864
-0,446487	5,128357	-15,792862
-0,693100	5,090057	-15,517532
-0,828369	5,125977	-14,766937
-1,155182	5,349823	-13,572235
-1,450851	5,473129	-11,936996
-1,872238	5,499466	-10,034805
-2,438461	5,517426	-7,986572
-2,853867	5,427643	-5,897629
-2,953217	5,191818	-4,043320
-2,725769	4,861404	-2,343430
-2,220596	4,399323	-0,774033
-1,744156	3,928864	0,152527
-1,529861	3,476364	0,008865
-1,570572	3,214203	-1,125977
-1,799210	3,153152	-3,016205
-2,102081	3,265671	-4,671799
-1,995544	3,300385	-5,728836
-1,063004	2,730576	-6,238800
0,324448	1,796829	-6,147812
1,874695	0,846329	-5,218872
3,393814	0,093353	-3,800308
4,592102	-0,486038	-2,186615
5,424088	-0,964874	-0,631577
6,038208	-1,483231	0,605026
6,605637	-2,073395	1,592636
7,387329	-2,777283	2,359985
8,039749	-3,440491	2,855576
8,222916	-3,833130	3,355972
8,019409	-3,995941	4,330399
7,466339	-3,896576	6,138031
6,678650	-3,586533	8,367035
5,931656	-3,131638	11,192184
5,432465	-2,379852	14,491394
5,467194	-1,279709	18,040802
6,149536	0,064621	21,106583
7,217346	1,412567	23,118896
8,428818	2,537842	23,835968
9,497818	3,397354	22,990814
9,952728	4,145538	20,660065
9,791122	5,024216	17,662521
9,412827	5,962738	14,626663
8,956741	6,951553	11,777573
8,219315	7,929581	9,199020
7,169464	8,883667	7,083740
5,706604	9,618683	6,007538
4,231781	9,973038	6,145218
3,077774	9,909592	7,027481
1,875885	9,601929	8,393372
0,525558	9,166183	9,870590
-0,835556	8,744812	10,931213
-2,030258	8,342575	11,380127
-2,958008	8,038513	11,258026
-3,530228	7,795502	10,623566
-3,772034	7,524963	9,468369
-3,671478	7,286743	8,098877
-3,242920	7,086823	6,931702
-2,440857	6,856979	6,213440
-1,449661	6,629532	5,725021
-0,366287	6,379333	5,266541
0,700333	6,058517	4,693130
1,638855	5,681427	3,718689
2,421768	5,400101	2,659256
2,782089	5,228928	1,578278
2,586960	5,197800	0,559540
1,978836	5,306732	-0,352646
0,945740	5,559326	-1,116409
-0,140030	5,805923	-1,413284
-1,000748	5,735291	-1,062531
-1,577759	5,367783	-0,185059
-1,760910	4,922470	1,378357
-1,647186	4,586075	3,109360
-1,501144	4,521439	4,545883
-1,359879	4,519043	5,461670
-0,944489	4,329895	6,001556
-0,016739	3,921692	6,062607
1,118118	3,451233	5,775299
2,032700	3,129211	5,039093
2,402603	3,138779	3,710312
2,176361	3,535019	1,932617
1,473663	4,225754	-0,001907
0,514786	4,912888	-1,872971
-0,343536	5,329483	-3,232880
-0,857101	5,519821	-3,638687
-1,130035	5,461151	-3,353790
-1,455643	5,416870	-3,067673
-2,045822	5,357010	-2,981491
-2,624023	5,137939	-3,007828
-3,137573	4,865005	-2,766006
-3,725357	4,788391	-1,967545
-4,106033	4,853027	-0,884171
-4,138351	5,044571	0,077103
-4,193420	5,348633	0,388351
-4,315521	5,829865	-0,109634
-4,558533	6,422424	-1,315125
-4,947586	7,169418	-2,827057
-5,078079	7,875717	-3,899658
-4,642334	8,216888	-4,377304
-3,869003	8,198929	-4,492233
-3,027435	8,111542	-4,264786
-2,281647	7,981049	-3,954727
-1,811188	7,783539	-3,724884
-1,659149	7,551300	-3,564468
-1,753723	7,351379	-3,485458
-1,947662	7,096405	-3,326248
-2,051804	6,812683	-2,937195
-2,448044	6,800720	-2,465530
-3,320724	7,147873	-2,196182
-4,432831	7,574036	-2,270401
-5,559311	8,057663	-2,568481
-6,423615	8,592773	-3,181396
-6,622330	9,109924	-3,553696
-6,172226	9,537292	-3,429199
-5,449173	10,016129	-2,867767
-4,539383	10,522507	-1,944794
-3,295593	10,899582	-1,231323
-2,024277	11,239563	-1,109222
-1,058212	11,524475	-1,337860
-0,452484	11,614258	-1,786774
-0,171158	11,476593	-2,484695
0,010803	11,106689	-3,290344
0,223892	10,521301	-3,799103
0,001221	9,945496	-4,482651
-1,222214	9,891632	-5,247604
-3,071732	10,381241	-5,701294
-4,730911	10,937897	-5,538498
-5,765213	11,377228	-4,693344
-6,378128	11,701645	-3,344208
-6,764786	12,046417	-1,917267
-6,890488	12,516876	-0,362228
-6,427200	13,051971	1,368774
-5,503052	13,631378	2,795715
-4,351440	14,113800	3,767761
-2,936462	14,287384	4,038315
-1,475998	14,268234	3,592987
-0,150803	14,143738	2,436600
1,100159	13,948608	0,808533
2,044678	13,670883	-0,933243
2,572601	13,315338	-2,641510
2,573792	12,958603	-4,100769
2,081787	12,532440	-5,192535
0,957703	12,173309	-5,848541
-0,869064	12,130203	-5,809036
-2,753311	12,212814	-4,955505
-4,206589	12,184082	-3,613556
-5,208557	11,984161	-1,866989
-5,786758	11,814178	0,103439
-6,052521	11,811783	2,078659
-5,882523	12,008102	3,935364
-5,160675	12,291809	5,237808
-4,171875	12,586304	5,677139
-3,111237	12,751495	5,337173
-2,155945	12,773056	4,605743
-1,296432	12,664108	3,639679
-0,553040	12,550385	2,670029
-0,033493	12,454620	1,852402
0,308884	12,417511	1,268219
0,669205	12,304977	0,964157
0,863144	12,087112	0,596649
0,590195	11,991348	0,261459
0,043121	11,829742	0,260269
-0,542267	11,646576	0,743896
-1,010330	11,546021	1,487289
-1,353897	11,514893	2,308502
-1,638809	11,518494	3,181183
-1,829147	11,456238	3,859940
-1,884216	11,395187	4,294495
-1,860260	11,385605	4,676361
-1,765701	11,426315	5,060638
-1,578949	11,407166	5,459274
-1,280869	11,323364	5,642426
-0,995956	11,237167	5,480820
-0,865479	11,159363	5,092957
-0,815201	11,098312	4,604538
-0,779282	10,984589	4,146057
-0,762527	10,913956	3,721085
-0,894211	10,755936	3,284134
-1,046234	10,547638	2,862762
-1,103699	10,358505	2,653275
-1,124054	10,157379	2,598206
-1,103699	10,028091	2,667633
-1,143204	9,952682	2,723892
-1,146790	9,880859	2,846008
-1,149185	9,879654	2,993240
-1,176727	9,852127	3,086624
-1,122849	9,874863	3,294907
-0,890610	9,892822	3,427795
-0,490784	9,876068	3,516373
-0,198685	9,892822	3,631302
-0,072998	9,878464	3,679184
0,014389	9,836563	3,727066
0,085022	9,782700	3,685165
0,077835	9,727631	3,638489
0,064667	9,690521	3,606155
-0,034683	9,656998	3,683975
-0,126862	9,582779	3,776154
-0,329178	9,540878	3,831207
-0,550644	9,453491	3,839600
-0,800827	9,331390	3,853958
-1,089340	9,163788	3,926987
-1,423325	9,066833	3,904236
-1,713028	8,991409	3,786926
-1,916534	8,882477	3,671997
-1,983566	8,804657	3,438568
-1,930893	8,695724	3,154846
-1,728592	8,635864	2,810089
-1,515503	8,664597	2,352798
-1,288055	8,784317	1,972122
-1,060608	8,974655	1,792557
-0,925339	9,111115	1,744675
-0,840332	9,178162	1,902679
-0,654785	9,160202	2,089432
-0,519516	9,139847	2,265411
-0,478806	9,197311	2,450958
-0,399811	9,239212	2,725098
-0,280090	9,278717	2,931000
-0,185516	9,379272	3,147675
-0,226227	9,457077	3,339203
-0,343536	9,417572	3,428986
-0,600922	9,312225	3,426590
-0,915756	9,186539	3,328430
-1,238968	9,096756	3,300903
-1,538254	9,010559	3,281738
-1,752533	8,906418	3,219498
-1,916534	8,795090	3,048309
-2,023071	8,701706	2,878326
-2,048218	8,631088	2,749039
-1,981171	8,651428	2,658051
-1,885406	8,732834	2,634109
-1,776474	8,820221	2,671219
-1,577759	8,892044	2,689178
-1,452057	8,947113	2,757416
-1,402969	8,959091	2,735870
-1,447266	8,954300	2,679611
-1,448471	8,980637	2,612564
-1,394592	8,986618	2,634109
-1,266510	8,998596	2,652069
-1,116867	8,973450	2,670029
-0,825974	8,956696	2,798111
-0,499161	8,941132	2,835220
-0,330368	8,953094	2,691574
-0,311218	8,998596	2,570663
-0,435715	9,034500	2,587433
-0,562607	9,008163	2,792130
-0,627258	8,949509	3,150070
-0,811600	8,944717	3,388290
-1,131226	8,989014	3,522369
-1,452057	9,045273	3,566650
-1,601700	8,974655	3,561874
-1,654373	8,938736	3,499619
-1,677109	8,937546	3,497223
-1,619644	8,898041	3,494827
-1,485580	8,932755	3,460114
-1,286850	8,969864	3,518768
-1,053421	8,993805	3,522369
-0,736191	9,028519	3,417023
-0,568588	9,062042	3,291321
-0,496765	9,089569	3,062683
-0,423752	9,087173	2,956131
-0,349533	9,081192	2,890289
-0,302841	9,060837	2,820862
-0,404587	9,117111	2,765793
-0,584152	9,099152	2,683197
-0,725418	9,053665	2,673615
-0,878647	9,015350	2,799316
-0,991165	8,950714	2,977676
-1,106094	8,943527	3,170410
-1,301224	8,957886	3,321243
-1,436493	8,911209	3,413422
-1,527466	8,878876	3,456528
-1,610077	8,848953	3,474472
-1,612473	8,899231	3,527145
-1,555008	8,892044	3,645660
-1,455643	8,914795	3,815659
-1,321579	8,950714	3,882690
-1,192291	8,947113	3,885086
-1,098907	8,957886	3,874313
-1,041443	8,977051	3,859940
-1,005539	8,937546	3,766571
-0,983994	8,956696	3,715103
-0,993561	8,961487	3,627701
-0,975616	8,985428	3,529541
-0,890610	8,992599	3,457718
-0,841537	9,004578	3,417023
-0,914551	9,046478	3,291321
-0,994766	9,063232	3,259003
-1,043839	9,041687	3,196747
-1,088135	9,003387	3,162033
-1,185104	9,006973	3,087814
-1,333542	9,026123	3,092606
-1,411362	9,018936	3,124924
-1,453247	9,021332	3,209915
-1,558594	8,998596	3,340408
-1,681900	8,993805	3,478073
-1,758514	8,963882	3,622925
-1,721405	8,954300	3,790512
-1,689087	8,930359	3,893463
-1,607681	8,959091	3,900650
-1,485580	9,009369	3,843185
-1,358688	9,016541	3,753403
-1,296432	9,065628	3,573837
-1,250946	9,090775	3,383499
-1,136017	9,038101	3,305695
-0,979202	8,963882	3,174011
-0,936111	8,996201	2,987259
-0,945679	9,039291	2,849594
-1,059402	9,070419	2,659256
-1,125244	9,028519	2,510818
-1,119263	8,950714	2,478485
-1,182709	8,898041	2,534760
-1,248550	8,887268	2,549118
-1,303619	8,860931	2,668823
-1,265305	8,847763	2,891495
-1,256927	8,854935	3,086624
-1,254532	8,848953	3,236252
-1,274887	8,864517	3,426590
-1,253342	8,899231	3,619324
-1,210236	8,933945	3,741440
-1,151581	8,983032	3,777344
-1,096512	8,990219	3,660034
-1,054611	9,015350	3,462509
-0,955261	9,089569	3,259003
-0,899002	9,142242	3,012405
-0,841537	9,147034	2,796921
-0,804428	9,163788	2,648483
-0,873856	9,114716	2,509613
-0,916946	9,097946	2,526382
-0,927719	9,015350	2,570663
-1,019897	9,026123	2,696365
-1,132431	8,963882	2,834030
-1,241364	8,953094	2,901062
-1,307205	8,908813	2,996841
-1,395798	8,844162	3,075851
-1,480789	8,809448	3,114151
-1,527466	8,820221	3,220688
-1,555008	8,780716	3,273361
-1,584930	8,743607	3,303299
-1,620850	8,769943	3,317657
-1,606476	8,851349	3,421814
-1,575363	8,845367	3,517578
-1,545425	8,845367	3,638489
-1,497543	8,834595	3,693542
-1,320374	8,862122	3,737839
-1,230591	8,911209	3,687561
-1,157562	8,925568	3,564255
-1,092926	8,951904	3,384689
-1,047440	8,991409	3,259003
-0,980392	8,994995	3,154846
-0,963638	8,987823	3,001617
-0,977997	8,991409	2,824448
-1,059402	8,981827	2,643692
-1,133621	9,009369	2,574265
-1,169540	9,010559	2,571869
-1,194687	8,998596	2,571869
-1,155182	9,010559	2,636505
-1,077362	9,029709	2,683197
-1,064194	9,054855	2,738266
-1,082153	9,047668	2,817276
-1,094116	9,057251	2,977676
-1,110886	9,081192	3,126129
-1,113281	9,038101	3,330826
-1,040253	8,986618	3,525955
-0,964828	8,953094	3,640869
-0,927719	8,997391	3,642075
-0,963638	9,009369	3,541519
-1,007935	9,022537	3,467300
-0,985184	9,036896	3,433777
-0,967224	8,985428	3,427795
-0,951675	9,016541	3,351181
-0,979202	9,024933	3,279358
-1,051025	9,032104	3,195557
-1,085739	9,052460	3,176407
-1,125244	9,032104	3,213516
-1,191086	9,036896	3,168015
-1,218628	9,054855	3,075851
-1,192291	9,028519	3,057892
-1,193481	9,009369	3,090210
-1,176727	8,980637	3,098587
-1,170731	8,986618	3,206329
-1,204254	8,967468	3,306885
-1,247345	8,973450	3,360748
-1,243759	8,984222	3,443359
-1,229401	8,986618	3,496033
-1,164749	8,957886	3,573837
-1,029480	8,900436	3,782135
-0,976807	8,917191	3,895859
-0,960052	8,933945	3,909027
-0,954056	8,941132	3,841995
-0,865479	8,983032	3,716293
-0,811600	8,984222	3,519974
-0,796051	9,070419	3,298508
-0,764923	9,095551	3,243439
-0,738586	9,059647	3,262589
-0,782883	9,028519	3,308075
-0,860687	9,030914	3,449341
-0,952866	9,033310	3,432587
-1,041443	8,949509	3,474472
-1,130035	8,956696	3,531937
-1,215027	8,948318	3,528351
-1,274887	8,917191	3,475677
-1,335938	8,898041	3,397858
-1,400574	8,908813	3,375122
-1,370651	8,870499	3,369141
-1,316788	8,887268	3,409836
-1,224609	8,959091	3,405045
-1,171936	9,000992	3,387085
-1,161163	9,039291	3,300903
-1,161163	9,051270	3,247025
-1,080948	9,038101	3,237457
-1,006729	9,030914	3,219498
-1,011520	9,048874	3,237457
-0,950470	9,071609	3,309280
-0,847519	9,030914	3,418213
-0,709854	8,943527	3,413422
-0,611694	8,929153	3,345184
-0,581757	8,956696	3,311676
-0,609299	8,926758	3,341599
-0,634430	8,914795	3,396667
-0,696686	8,920776	3,366745
-0,843933	8,911209	3,278152
-1,003143	8,904022	3,217102
-1,156372	8,902817	3,160843
-1,292847	8,851349	3,061478
-1,388611	8,840576	3,017181
-1,452057	8,832199	2,959732
-1,471207	8,833389	3,027954
-1,453247	8,846558	3,231461
-1,388611	8,823822	3,407440
-1,319183	8,810654	3,502014
-1,238968	8,832199	3,573837
-1,128845	8,830994	3,679184
-0,993561	8,833389	3,766571
-0,835556	8,850143	3,862335
-0,784073	8,863312	3,875504
-0,800827	8,895645	3,849167
-0,873856	8,926758	3,796494
-1,001953	8,898041	3,742630
-1,083344	8,881271	3,695938
-1,164749	8,884872	3,631302
-1,179123	8,871704	3,530746
-1,171936	8,874100	3,417023
-1,149185	8,841766	3,268570
-1,155182	8,821426	3,095001
-1,169540	8,871704	2,935791
-1,176727	8,896835	2,819672
-1,188690	8,898041	2,761002
-1,215027	8,878876	2,708328
-1,258133	8,895645	2,790939
-1,282074	8,945923	2,933395
-1,355087	8,931549	3,090210
-1,383820	8,938736	3,329636
-1,356293	8,917191	3,555878
-1,262909	8,886063	3,816849
-1,157562	8,836990	3,946136
-1,061798	8,887268	4,004791
-0,998352	8,919586	4,033524
-0,876251	8,932755	3,938950
-0,821182	8,957886	3,882690
-0,831955	8,954300	3,758194
-0,864273	8,992599	3,573837
-0,845123	9,046478	3,421814
-0,845123	9,062042	3,291321
-0,913361	9,046478	3,126129
-1,024689	9,048874	3,093796
-1,118073	9,071609	3,089020
-1,207840	9,023727	3,151260
-1,304810	8,984222	3,237457
-1,301224	8,949509	3,327240
-1,243759	8,950714	3,414627
-1,142014	8,965073	3,421814
-1,106094	8,971054	3,412231
-1,084549	8,955490	3,360748
-1,070175	8,998596	3,360748
-1,113281	8,991409	3,400253
-1,127640	9,008163	3,469696
-1,153976	9,029709	3,563065
-1,106094	9,009369	3,640869
-1,018707	9,009369	3,677979
-0,961243	8,980637	3,592987
-0,865479	8,974655	3,529541
-0,821182	8,997391	3,484055
-0,822388	9,009369	3,451736
-0,845123	9,006973	3,378708
-0,828369	8,954300	3,343994
-0,764923	8,904022	3,328430
-0,742172	8,874100	3,287735
-0,806824	8,851349	3,238647
-0,902588	8,819031	3,121338
-1,043839	8,827408	3,004013
-1,236572	8,839371	3,000427
-1,359879	8,801071	3,047119
-1,362274	8,749588	3,159637
-1,322769	8,747208	3,244629
-1,339523	8,757980	3,299698
-1,317978	8,746002	3,312866
-1,279678	8,795090	3,342804
-1,244965	8,817825	3,442154
-1,169540	8,854935	3,536728
-1,098907	8,900436	3,621719
-1,005539	8,908813	3,643265
-0,948074	8,955490	3,540314
-0,918152	8,994995	3,487640
-0,869064	9,008163	3,409836
-0,846329	9,020142	3,345184
-0,869064	9,026123	3,327240
-0,887024	8,993805	3,262589
-0,919342	8,963882	3,132111
-0,933716	8,921982	3,049515
-1,006729	8,926758	3,050705
-1,005539	8,900436	3,156052
-0,962448	8,847763	3,238647
-0,944489	8,817825	3,245834
-0,963638	8,819031	3,262589
-1,049835	8,887268	3,338013
-1,147995	8,902817	3,438568
-1,249741	8,883667	3,517578
-1,260513	8,877686	3,546310
-1,284454	8,870499	3,571442
-1,247345	8,902817	3,582214
-1,169540	8,919586	3,571442
-1,108490	8,951904	3,516373
-1,012726	8,984222	3,464905
-0,991165	9,027328	3,358353
-0,954056	9,057251	3,266190
-0,994766	9,065628	3,146469
-1,045044	9,064438	3,025558
-1,043839	9,060837	3,019577
