-0,311218	1,294052	10,332672
-0,331573	1,244965	10,562515
-0,354309	1,266510	10,476318
-0,344742	1,240173	10,234512
-0,191513	1,145615	9,996277
-0,087357	1,235397	9,947205
-0,123276	1,253342	9,913681
-0,016739	1,265320	9,760452
-0,017929	1,316788	9,880173
0,080231	1,361084	10,174652
0,183182	1,410172	10,329071
0,288528	1,381439	10,369781
0,442947	1,335953	10,533783
0,519562	1,420944	10,484695
0,515976	1,429321	10,272812
0,476471	1,455658	10,007065
0,469284	1,446075	9,868195
0,518372	1,428131	9,998672
0,478867	1,526291	10,095642
0,496826	1,577759	10,203384
0,420212	1,625641	10,125565
0,375916	1,665146	10,071701
0,535126	1,619659	10,295563
0,610550	1,644806	10,518219
0,706314	1,575363	10,706161
0,797302	1,562195	10,812714
0,726669	1,742966	10,739685
0,725464	1,796829	10,477524
0,788910	1,677124	10,366196
0,780533	1,740570	10,038177
0,804474	1,832748	9,722153
0,859543	1,871048	9,506668
0,975662	1,778870	9,390549
1,043900	1,763321	9,568924
1,098969	1,824371	9,999878
1,138474	1,844711	10,475128
1,168396	1,923721	10,671448
1,314438	1,928513	10,698990
1,422180	1,844711	10,982697
1,454498	1,975204	11,332245
1,422180	1,963226	11,594421
1,409012	1,936890	11,764404
1,362335	1,995544	12,026566
1,181564	2,182297	11,955933
1,127701	2,221802	11,641098
1,273743	2,163147	11,480682
1,464081	2,302002	11,644699
1,737015	2,483963	11,757217
1,854340	2,564178	11,563293
1,929749	2,814362	11,010223
2,297256	2,876617	10,792358
2,626465	2,802399	10,657089
2,767731	2,967590	10,542160
2,774902	3,137589	10,451187
2,695892	3,175888	10,294357
2,665970	3,226166	10,256058
2,649216	3,201035	10,459564
2,534286	3,244125	10,567307
2,542664	3,242935	10,864182
2,730621	3,228561	11,471115
2,815613	3,286026	12,048111
2,949677	3,327927	12,274368
3,031082	3,212997	12,292328
3,166367	3,354263	12,143890
3,221420	3,470383	11,819473
3,262131	3,436859	11,565689
3,256134	3,454819	11,685394
3,321976	3,484741	12,046921
3,441696	3,590088	12,309082
3,544647	3,643967	12,212112
3,792450	3,511078	12,051712
4,279663	3,421295	12,134308
4,625626	3,697830	12,033752
4,981171	3,841476	11,535751
5,189453	3,880981	10,919250
5,190659	4,047379	10,230911
5,257690	4,173080	9,752075
5,218185	4,206604	9,178665
4,628021	4,459183	8,278442
4,046234	4,426865	7,859467
3,648788	4,338272	8,040222
3,292053	4,407715	8,759674
2,941299	4,369400	9,662292
2,649216	4,219772	10,566101
2,315216	4,240112	11,217331
2,170364	4,120407	11,785950
2,134460	4,030624	12,149872
1,879471	4,022247	12,295914
1,612518	4,004288	12,062485
1,434158	4,089279	11,835037
1,284515	4,092865	11,837433
1,063049	4,082092	11,851791
0,853561	4,100052	11,784760
0,966095	4,059357	12,037338
1,103760	4,248489	11,881714
0,990036	4,374191	11,044937
0,996017	4,276031	10,308731
1,186356	4,355042	10,277603
1,316833	4,604034	9,984314
1,753784	4,517838	9,753265
2,025528	4,434052	9,380981
1,952499	4,594452	9,165497
1,789688	4,626785	9,473145
1,610123	4,548965	9,785599
1,237823	4,531006	9,858612
0,839188	4,508270	9,942413
0,604568	4,484329	10,393723
0,390289	4,516647	10,938400
0,144882	4,556152	11,007828
-0,033493	4,548965	10,679825
-0,009552	4,547775	10,120789
0,029953	4,624390	9,388153
0,240646	4,716568	8,729752
0,278946	4,836273	8,296402
0,159241	4,939224	7,701447
0,362747	4,935638	7,632004
0,647659	5,140335	7,452438
0,737442	5,249268	6,608490
1,148041	5,094849	6,451675
1,332397	5,337860	6,573776
1,090591	5,681427	5,810028
0,763779	5,662277	4,962479
0,385498	5,637131	4,465683
0,016785	5,760437	4,130493
-0,093353	5,652695	4,164001
-0,190308	5,504257	4,901428
-0,754150	6,015411	5,163589
-0,603317	5,726913	5,784882
-0,812805	5,547348	6,146408
-1,142014	5,586853	6,406174
-0,955261	5,549744	6,831146
-0,557816	5,613190	6,819183
-0,539871	5,772400	5,514343
-0,606903	5,680222	4,003601
-1,035461	5,388138	2,324066
-2,539017	5,108017	0,998871
-4,261658	5,872955	3,399063
-2,729370	7,016190	8,396957
-0,825974	6,582840	8,777634
-0,997162	5,695786	5,885437
-1,680710	5,756836	4,701508
-1,570572	6,041748	5,103729
-0,480011	6,062103	5,459274
0,713501	6,062103	3,953323
0,283737	6,351807	0,596649
-0,369873	6,460739	-1,073303
-0,906174	6,769592	-0,507080
-1,241364	7,195755	0,564331
-1,587326	7,218506	0,942612
-1,807602	7,094009	1,110199
-1,970398	7,170624	1,454971
-2,097290	7,291519	1,699173
-2,044617	7,186188	1,891907
-2,006317	7,054504	2,251038
-2,072159	7,041336	2,818466
-2,336716	7,123932	2,783752
-2,468399	7,151459	2,326462
-2,286438	7,036545	1,961349
-2,255310	7,111954	1,753052
-2,348679	7,253220	1,500458
-2,455231	7,292725	1,099426
-2,829926	7,455536	0,213577
-3,149551	7,447144	-0,705795
-3,379395	7,450745	-0,959579
-3,330307	7,602768	-0,430466
-3,071732	7,720093	0,190826
-2,883789	7,673401	0,139359
-2,760483	7,558472	0,055557
-2,704224	7,607559	0,303360
-2,766479	7,665024	0,627777
-2,977158	7,708115	0,652908
-3,286011	7,663818	0,461380
-3,490723	7,621933	0,182449
-3,672684	7,654251	0,293777
-4,037796	7,690155	0,411102
-4,381363	7,642273	0,158508
-4,651901	7,542923	-0,047394
-4,985901	7,548904	-0,152740
-5,358200	7,665024	0,250687
-5,154694	7,469894	1,259842
-4,276016	7,390884	1,772202
-3,032227	7,473480	0,892334
-2,245728	7,627914	-1,153519
-2,269669	7,767975	-2,771988
-2,711411	7,815857	-2,945572
-3,258484	7,935562	-2,469131
-3,916885	8,052887	-1,942398
-4,599228	8,091187	-1,755661
-4,973923	8,042114	-1,759247
-5,152298	8,028946	-1,622772
-5,237289	8,040909	-1,315125
-5,057724	7,872116	-0,884171
-4,660294	7,784729	-0,405319
-4,479523	7,832611	-0,353851
-4,556137	7,776352	-0,645935
-4,599228	7,690155	-0,705795
-4,577682	7,653046	-0,402924
-4,572891	7,741638	-0,145554
-4,613602	7,773956	-0,133591
-4,641129	7,742828	-0,497498
-4,657898	7,739243	-0,979935
-4,528610	7,820648	-1,385757
-4,377777	7,846985	-1,767624
-4,378967	7,832611	-1,900497
-4,547760	7,795502	-1,776001
-4,781189	7,866135	-1,852615
-5,096024	7,941559	-1,977112
-5,298340	7,869720	-1,984299
-5,396500	7,817047	-1,914871
-5,362991	7,831421	-1,785583
-5,285172	7,790710	-1,655106
-5,188202	7,678192	-1,591660
-5,063705	7,600372	-1,522217
-4,967941	7,611145	-1,325897
-4,918854	7,595596	-1,179855
-4,881744	7,521362	-1,068512
-4,952377	7,445953	-0,768051
-5,064911	7,480667	-0,550171
-5,204971	7,529755	-0,837479
-5,194199	7,535736	-1,008667
-4,904495	7,419617	-1,058945
-4,859009	7,457916	-1,355820
-4,777603	7,530945	-1,537781
-4,717743	7,468689	-1,702988
-4,796753	7,437576	-1,566513
-4,939209	7,424408	-1,227737
-5,127151	7,325043	-0,953598
-5,351013	7,315460	-0,689041
-5,625153	7,363358	-0,643555
-5,767609	7,301102	-0,862625
-5,868164	7,360962	-0,945221
-5,901672	7,371735	-0,880569
-5,907669	7,359756	-0,929657
-5,955551	7,345398	-0,963181
-5,702957	7,182587	-0,748886
-5,427628	7,188568	-0,892548
-5,219330	7,216110	-1,243301
-5,136734	7,212524	-1,434830
-5,209763	7,226883	-1,467148
-5,348618	7,230469	-1,427643
-5,544937	7,234070	-1,280411
-5,632339	7,235260	-1,037399
-5,659866	7,250824	-1,035004
-5,724503	7,267578	-1,272034
-5,779572	7,243637	-1,451584
-5,744858	7,213715	-1,471939
-5,758026	7,273575	-1,396530
-5,828659	7,297516	-1,493484
-5,886124	7,273575	-1,686218
-5,907669	7,234070	-1,758057
-6,027374	7,277161	-1,616791
-6,045334	7,272369	-1,535385
-6,004623	7,272369	-1,676651
-5,966324	7,260406	-1,849030
-6,033356	7,283142	-1,882553
-6,076462	7,286743	-1,795166
-6,111176	7,292725	-1,734100
-6,193771	7,274765	-1,500671
-6,138702	7,222092	-1,197800
-6,057297	7,208923	-1,119995
-6,002243	7,149063	-1,342651
-6,056107	7,176605	-1,528198
-6,077652	7,139496	-1,542572
-6,047729	7,042526	-1,554535
-5,935196	7,023376	-1,477921
-5,754440	7,020981	-1,532990
-5,693390	7,107178	-1,723328
-5,683807	7,073654	-1,805939
-5,736481	7,073654	-1,585663
-5,843018	7,099991	-1,307938
-5,954346	7,055695	-1,145126
-6,082443	7,020981	-1,147522
-6,167435	7,043732	-1,258865
-6,096802	7,028168	-1,151123
-6,162643	7,053299	-1,003876
-6,336227	7,134705	-1,024231
-6,258423	7,031754	-1,063736
-6,138702	7,014999	-1,184631
-6,126740	7,082031	-1,370193
-5,957947	7,080841	-1,471939
-5,860977	7,035339	-1,659882
-5,866959	7,056900	-1,783188
-5,837036	7,065277	-1,669464
-5,878937	7,042526	-1,530594
-5,989075	7,096405	-1,401306
-6,033356	7,034149	-1,328293
-6,039352	6,977890	-1,208572
-6,160248	7,011398	-0,917679
-6,129135	7,054504	-0,787201
-6,172226	7,094009	-0,923676
-6,171021	7,109573	-1,117599
-6,076462	7,144287	-1,100845
-5,992661	7,129913	-1,052963
-5,899292	7,115555	-1,100845
-5,924423	7,179001	-1,272034
-5,886124	7,216110	-1,487503
-5,803513	7,165833	-1,560532
-5,760422	7,208923	-1,421661
-5,815491	7,228073	-1,413284
-5,987869	7,237656	-1,578491
-6,076462	7,295120	-1,706573
-6,080048	7,350189	-1,476730
-6,032166	7,346588	-1,340256
-6,011810	7,315460	-1,334274
-5,996246	7,304688	-1,301956
-5,956741	7,298706	-1,232529
-5,918442	7,334625	-1,228928
-5,886124	7,364548	-1,164291
-5,901672	7,346588	-1,219360
-5,967514	7,386093	-1,293579
-6,112366	7,490250	-1,349838
-6,227295	7,527359	-1,360611
-6,181808	7,505814	-1,342651
-6,069275	7,483063	-1,300751
-5,931610	7,514191	-1,310333
-5,768799	7,584808	-1,396530
-5,591629	7,575241	-1,414474
-5,531769	7,554886	-1,418076
-5,631134	7,576431	-1,295975
-5,712540	7,574036	-1,127182
-5,708954	7,563263	-1,031403
-5,696976	7,574036	-1,091263
-5,620361	7,530945	-1,195404
-5,626343	7,564468	-1,255264
-5,595215	7,607559	-1,329483
-5,634720	7,624313	-1,445602
-5,640717	7,547699	-1,483917
-5,658661	7,589600	-1,473145
-5,619171	7,629105	-1,536591
-5,589233	7,599182	-1,537781
-5,573669	7,578827	-1,658691
-5,552124	7,587204	-1,675446
-5,577271	7,541718	-1,616791
-5,702957	7,533340	-1,585663
-5,795135	7,596786	-1,544968
-5,775986	7,491440	-1,292374
-5,786758	7,442368	-1,094849
-5,858582	7,493835	-1,243301
-5,838226	7,423203	-1,255264
-5,871750	7,454330	-1,262451
-5,862183	7,417221	-1,266037
-5,851395	7,370529	-1,249283
-5,944778	7,328629	-1,233719
-5,949570	7,277161	-1,197800
-5,845413	7,223297	-1,080490
-5,684998	7,231674	-1,128372
-5,590439	7,253220	-1,349838
-5,549728	7,250824	-1,698196
-5,556915	7,278351	-1,706573
-5,663452	7,360962	-1,596436
-5,835846	7,356171	-1,531799
-5,957947	7,362152	-1,481522
-5,990265	7,372925	-1,232529
-5,880127	7,377716	-1,084076
-5,832245	7,381302	-0,984726
-5,877731	7,392075	-1,035004
-5,868164	7,384903	-1,068512
-5,819077	7,418411	-1,051758
-5,850204	7,435181	-1,237305
-5,736481	7,400467	-1,442017
-5,708954	7,377716	-1,468353
-5,896896	7,481857	-1,583267
-5,965134	7,487854	-1,710159
-5,959137	7,416031	-1,561722
-6,051315	7,491440	-1,477921
-6,035751	7,504608	-1,468353
-5,983078	7,483063	-1,522217
-6,051315	7,499817	-1,652710
-6,092026	7,437576	-1,692215
-6,026184	7,414825	-1,760437
-6,014206	7,405243	-1,764038
-5,962738	7,456726	-1,729324
-5,819077	7,462708	-1,749664
-5,692184	7,445953	-1,828674
-5,650284	7,418411	-1,858612
-5,635925	7,436371	-1,822693
-5,772400	7,436371	-1,644318
-5,844223	7,473480	-1,430038
-5,826263	7,508194	-1,287582
-5,781967	7,510590	-1,243301
-5,730499	7,491440	-1,212173
-5,710144	7,490250	-1,143936
-5,670639	7,479477	-1,210968
-5,617966	7,437576	-1,243301
-5,609589	7,435181	-1,201401
-5,677826	7,448349	-1,286392
-5,726898	7,425598	-1,402512
-5,775986	7,477081	-1,386948
-5,876541	7,515381	-1,383362
-5,872955	7,447144	-1,541367
-5,860977	7,424408	-1,606018
-5,905273	7,475876	-1,604813
-5,896896	7,505814	-1,540176
-5,887314	7,450745	-1,451584
-5,892105	7,417221	-1,402512
-5,966324	7,359756	-1,325897
-6,008224	7,343002	-1,233719
-6,028580	7,360962	-1,074509
-6,008224	7,286743	-0,942825
-5,985474	7,224487	-0,851837
-6,010620	7,307083	-0,876984
-6,039352	7,316666	-1,042175
-5,942383	7,265182	-0,987122
-5,966324	7,222092	-0,871002
-6,068069	7,228073	-0,808746
-6,040543	7,195755	-0,896133
-5,929214	7,150269	-1,204987
-5,833450	7,108368	-1,280411
-5,863373	7,113159	-1,317520
-5,929214	7,143082	-1,322311
-5,973511	7,145477	-1,321106
-5,997452	7,128723	-1,340256
-5,949570	7,096405	-1,397720
-5,853790	7,041336	-1,427643
-5,807114	7,123932	-1,397720
-5,734085	7,152664	-1,483917
-5,793945	7,198151	-1,839447
-5,743668	7,213715	-2,177032
-5,667053	7,219696	-2,010635
-5,764008	7,296310	-1,841843
-5,895691	7,325043	-1,817902
-6,194977	7,417221	-1,801147
-6,198563	7,364548	-1,602432
-6,311081	7,441162	-1,528198
-6,392487	7,445953	-1,555740
-6,285950	7,413635	-1,567703
-6,199753	7,439972	-1,577286
-6,028580	7,429199	-1,456375
-5,865768	7,413635	-1,492294
-5,796341	7,394470	-1,579681
-5,724503	7,431580	-1,805939
-5,752045	7,439972	-2,034576
-5,832245	7,438766	-1,985504
-5,896896	7,507004	-1,835861
-5,868164	7,475876	-1,774811
-5,835846	7,423203	-1,892120
-5,799927	7,451935	-1,968735
-5,802322	7,471085	-1,892120
-5,784363	7,432785	-1,845444
-5,767609	7,431580	-1,674255
-5,883728	7,456726	-1,590454
-5,943573	7,456726	-1,538986
-5,941177	7,424408	-1,389343
-5,963928	7,382507	-1,234909
-5,977097	7,422012	-1,273224
-5,869354	7,448349	-1,274414
-5,735275	7,386093	-1,203796
-5,647888	7,364548	-1,275620
-5,720917	7,346588	-1,485107
-5,835846	7,317856	-1,531799
-5,874146	7,343002	-1,511444
-5,999847	7,372925	-1,433640
-6,039352	7,309479	-1,428848
-6,018997	7,303497	-1,469543
-5,965134	7,364548	-1,550949
-6,018997	7,369339	-1,670654
-6,033356	7,319061	-1,814316
-6,011810	7,328629	-1,676651
-5,961533	7,329834	-1,445602
-5,929214	7,286743	-1,457581
-5,877731	7,303497	-1,560532
-5,811905	7,258011	-1,609604
-5,790344	7,266388	-1,571304
-5,913651	7,281952	-1,458771
-6,026184	7,240051	-1,439621
-6,078857	7,252014	-1,385757
-6,082443	7,241241	-1,391739
-6,040543	7,234070	-1,510254
-5,923233	7,237656	-1,537781
-5,906464	7,272369	-1,555740
-5,937592	7,267578	-1,708969
-5,954346	7,269974	-1,832275
-5,925629	7,230469	-1,694595
-5,955551	7,278351	-1,470749
-6,072861	7,254410	-1,286392
-6,180603	7,207733	-1,266037
-6,181808	7,173019	-1,352234
-6,113571	7,158646	-1,287582
-6,084839	7,131119	-1,244492
-6,054916	7,162231	-1,304352
-5,983078	7,167023	-1,374969
-5,995056	7,159851	-1,504257
-6,024979	7,211319	-1,616791
-6,036957	7,220901	-1,570099
-6,084839	7,186188	-1,544968
-6,193771	7,195755	-1,637146
-6,216522	7,201736	-1,596436
-6,117157	7,195755	-1,446808
-6,057297	7,188568	-1,589264
-5,947174	7,202942	-1,712555
-5,790344	7,208923	-1,649109
-5,811905	7,190964	-1,532990
-5,923233	7,237656	-1,527008
-6,010620	7,240051	-1,687424
-6,064484	7,225677	-1,746078
-6,076462	7,241241	-1,600037
-6,066879	7,259201	-1,530594
-5,981888	7,230469	-1,579681
-5,945969	7,299911	-1,676651
-5,985474	7,360962	-1,772415
-5,925629	7,311874	-1,876556
-5,912460	7,310684	-1,777206
-5,949570	7,341797	-1,698196
-5,902878	7,323853	-1,609604
-5,918442	7,350189	-1,412094
-5,837036	7,346588	-1,297165
-5,732895	7,302307	-1,322311
-5,731689	7,253220	-1,412094
-5,719727	7,283142	-1,226532
-5,768799	7,311874	-1,117599
-5,779572	7,258011	-1,142746
-5,803513	7,232864	-1,282806
-5,772400	7,296310	-1,385757
-5,731689	7,238846	-1,469543
-5,780777	7,260406	-1,515045
-5,862183	7,285538	-1,528198
-5,944778	7,285538	-1,549759
-5,939987	7,271179	-1,612000
-5,904068	7,267578	-1,504257
-6,053711	7,272369	-1,469543
-6,150681	7,261597	-1,509048
-6,111176	7,273575	-1,494690
-6,042938	7,211319	-1,459976
-5,945969	7,162231	-1,590454
-6,022583	7,182587	-1,694595
-6,022583	7,174210	-1,591660
-6,078857	7,135910	-1,701782
-6,163849	7,077240	-1,802338
-6,178207	7,025772	-1,669464
-6,270386	7,058090	-1,671860
-6,288345	7,018585	-1,742493
-6,315872	6,919220	-1,707764
-6,320663	6,898880	-1,623978
-6,279968	6,873734	-1,602432
-6,247635	6,803116	-1,673050
-6,324249	6,801910	-1,823883
-6,375732	6,737274	-1,858612
-6,404465	6,654663	-1,778397
-6,442764	6,634323	-1,679047
-6,482269	6,570877	-1,651505
-6,598389	6,552917	-1,758057
-6,670212	6,574463	-1,832275
-6,712112	6,546936	-1,814316
-6,737259	6,457153	-1,807129
-6,842606	6,426025	-1,810715
-6,933578	6,416443	-1,760437
-6,928787	6,379333	-1,723328
-6,890488	6,441589	-1,808334
-6,801895	6,427216	-1,979507
-6,773163	6,426025	-2,187805
-6,646271	6,412857	-2,428421
-6,557693	6,398483	-2,484695
-6,542130	6,427216	-2,472717
-6,598389	6,352997	-2,331467
-6,691772	6,412857	-2,121964
-6,688171	6,440384	-1,966339
-6,586426	6,415253	-1,822693
-6,520584	6,443985	-1,671860
-6,473892	6,490662	-1,556931
-6,265594	6,470322	-1,319916
-6,036957	6,478699	-1,042175
-5,916046	6,540939	-1,025421
-5,731689	6,582840	-1,158295
-5,568893	6,714523	-1,402512
-5,451569	6,576859	-1,257660
-5,365372	6,767197	-1,254074
-5,513824	7,145477	-0,959579
-5,469528	6,985062	-0,765656
-5,477905	7,049713	-0,945221
-5,430023	7,224487	-0,961975
-5,234894	7,317856	-0,975143
-5,048141	7,353775	-1,051758
-4,997864	7,468689	-1,177460
-4,970337	7,562073	-1,343857
-4,947586	7,632706	-1,418076
-4,993088	7,704529	-1,406097
-5,027802	7,808670	-1,336670
-4,981110	7,803879	-1,267242
-4,936813	7,872116	-1,288788
-4,811127	7,948730	-1,324692
-4,626770	8,039719	-1,373779
-4,394531	8,118729	-1,440811
-4,311935	8,106750	-1,455185
-4,260452	8,166611	-1,318710
-4,213760	8,248016	-1,256470
-4,189819	8,222870	-1,129578
-4,280807	8,251602	-0,963181
-4,280807	8,304276	-0,790787
-4,197006	8,384476	-0,736923
-4,073700	8,410812	-0,853043
-3,985123	8,391663	-1,027817
-3,951599	8,498199	-0,959579
-3,849854	8,505386	-0,680664
-3,883362	8,604752	-0,938034
-3,852249	8,638260	-0,997894
-3,834290	8,626297	-1,008667
-3,855835	8,674179	-1,000290
-3,827103	8,700516	-0,961975
-3,830688	8,672974	-1,088867
-3,799576	8,666992	-1,246887
-3,827103	8,626297	-1,324692
-3,943222	8,643051	-1,418076
-4,077301	8,617920	-1,553345
-3,933640	8,529327	-1,464752
-3,727737	8,485031	-1,220551
-3,695419	8,449127	-1,091263
-3,696625	8,367722	-1,064926
-3,648743	8,341385	-0,887756
-3,642746	8,396454	-0,668686
-3,568527	8,219284	-0,298782
-3,535019	8,276733	-0,231750
-3,369812	8,343781	-0,156326
-3,390167	8,346176	-0,173080
-3,226166	8,311462	-0,083298
-3,027435	8,329407	0,085480
-2,899353	8,338989	0,055557
-2,811966	8,361740	-0,043808
-2,778442	8,425186	-0,028244
-2,744919	8,446732	0,144150
-2,798798	8,426376	0,035202
-2,871811	8,455109	0,029221
-2,907730	8,530518	-0,016266
-2,918503	8,500595	-0,242523
-2,796402	8,510178	-0,632767
-2,625214	8,564041	-0,952393
-2,495926	8,622696	-1,070908
-2,414520	8,635864	-1,119995
-2,457626	8,638260	-1,087677
-2,482758	8,652634	-0,866211
-2,457626	8,676575	-0,687836
-2,407349	8,580811	-0,261673
-2,306793	8,555664	0,163300
-2,249329	8,650238	0,352432
-2,074554	8,611923	0,333282
-1,898575	8,579605	0,345261
-1,719009	8,677765	0,407501
-1,649582	8,658615	0,546371
-1,623245	8,655029	0,710373
-1,600494	8,670593	0,770233
-1,595703	8,652634	0,843246
-1,625641	8,672974	0,941406
-1,493958	8,674179	1,029999
-1,361084	8,700516	0,954575
-1,267700	8,714874	0,779800
-1,225800	8,714874	0,681641
-1,191086	8,793884	0,427856
-1,180313	8,749588	0,321320
-1,205460	8,754379	0,257874
-1,167145	8,765152	0,062744
-1,047440	8,731644	-0,062958
-0,925339	8,775925	-0,113235
-0,817596	8,693329	0,116608
-0,742172	8,694534	0,476944
-0,639221	8,732834	0,707977
-0,569794	8,670593	0,964157
-0,514725	8,626297	1,241882
-0,471634	8,650238	1,444199
-0,441696	8,723251	1,544754
-0,398605	8,653824	1,860794
-0,313614	8,619110	2,035568
-0,184326	8,657425	2,054718
0,003616	8,629883	1,864380
0,040726	8,689743	1,465744
0,246628	8,655029	1,268219
0,310074	8,678970	1,196396
0,385498	8,595169	1,269424
0,410629	8,500595	1,320892
0,316055	8,468277	1,429825
0,293320	8,538910	1,809311
0,245438	8,510178	2,304916
0,196350	8,409622	2,550323
0,164032	8,417999	2,565872
0,210724	8,401245	2,739456
0,348389	8,353348	2,802902
0,573441	8,234848	2,777771
0,890671	8,215683	2,774170
1,234238	8,237228	2,878326
1,482040	8,164215	2,957336
1,514359	8,222870	2,761002
1,477249	8,136673	2,768188
1,353943	8,153442	3,031555
1,297684	8,155838	3,284134
1,240219	8,244415	3,095001
1,331207	8,093582	2,964508
1,601746	8,064850	3,008804
1,677170	8,133087	3,227875
1,759766	8,027740	3,446945
1,912994	7,896057	3,645660
2,061432	7,875717	3,899445
2,205093	7,827820	4,249008
2,232620	7,766769	4,026337
2,055450	7,702133	4,475250
2,108124	7,607559	4,809250
2,029114	7,682983	4,568634
2,261353	7,583618	4,495605
2,543869	7,644669	4,393845
2,676743	7,696152	4,211899
2,778503	7,676987	4,274139
2,722229	7,685379	4,563843
2,728226	7,633896	4,845154
2,746170	7,596786	5,244995
2,668365	7,606369	5,491592
2,691116	7,615936	5,525116
2,771317	7,538132	5,507156
2,786880	7,495026	5,513138
2,792862	7,418411	5,539474
2,785675	7,362152	5,787277
2,901794	7,266388	5,916565
2,989182	7,228073	5,832764
3,112488	7,157455	5,859100
3,236984	7,129913	6,092545
3,426132	7,139496	6,272110
3,477600	7,088013	6,133240
3,383041	7,107178	6,021912
3,070587	7,110764	6,078171
2,677948	7,097595	6,074585
2,249374	6,999435	6,019516
2,073410	6,866562	5,963257
2,244598	6,781555	6,159576
2,472046	6,805496	6,201477
2,833572	6,672623	6,018311
3,265717	6,578049	6,149994
3,533875	6,499039	6,416946
3,609283	6,397293	6,522293
3,490768	6,373352	6,776077
3,074188	6,349411	7,044235
2,758148	6,240479	7,250137
2,481613	6,313492	7,551804
2,320007	6,196182	7,754120
2,252975	6,005844	7,611664
2,369095	5,928024	7,317169
2,616882	5,956757	7,215424
2,843140	5,977112	7,058594
3,017914	5,758041	6,800018
3,252548	5,548553	6,677917
3,284866	5,528198	6,610886
3,278885	5,457565	6,732986
3,374649	5,339050	7,238159
3,298035	5,287582	7,597290
3,107697	5,051743	7,791229
3,023911	4,917679	8,242538
3,090942	5,033798	8,770447
3,355499	4,939224	9,069733
3,906174	4,788391	9,153519
4,108475	4,612411	8,856644
3,083755	4,838669	7,927689
1,618515	4,959579	7,215424
1,252197	4,499893	7,604477
1,500000	4,316727	8,367035
1,866302	4,400528	8,969177
2,375076	4,192230	9,489914
2,650406	4,005478	10,002274
2,651611	3,969574	10,574478
2,518723	3,974365	10,944382
2,329590	4,044983	10,865387
2,312820	3,970764	10,574478
2,342758	4,084488	10,092056
2,249374	4,079697	9,392944
2,142838	4,049774	8,917694
2,123688	4,018646	8,784821
2,069809	3,967178	8,878189
2,156006	3,843872	9,005081
2,373871	3,786407	9,121201
2,377472	3,744522	9,372589
2,498383	3,567352	9,664688
2,462463	3,502701	9,724548
2,285294	3,473969	9,920868
1,990799	3,394958	10,337463
1,678360	3,278839	10,530197
1,407822	3,145966	10,604416
1,154037	3,211807	10,713348
1,043900	3,133987	10,691803
1,151642	3,037033	10,740875
1,197128	3,039429	10,772003
1,393448	2,900558	10,768417
1,686737	2,819153	10,709763
1,818420	2,952042	10,630753
1,863907	2,889786	10,534973
1,747787	2,817963	10,494278
1,555054	2,868240	10,493088
1,514359	2,840698	10,369781
1,580200	2,804794	10,107620
1,586182	2,730576	9,912491
1,605347	2,667130	9,907700
1,549072	2,701843	10,100433
1,532318	2,561783	10,433228
1,367111	2,475586	10,552933
1,118118	2,481567	10,364990
1,046295	2,328339	10,296753
1,175583	2,170334	10,531387
1,156433	2,343903	10,792358
1,110931	2,403763	10,769608
1,021149	2,237366	10,728912
0,879898	2,184692	10,684616
0,620132	2,195465	10,663071
0,422607	2,167938	10,588852
0,256210	2,081741	10,515823
0,146072	1,979996	10,563705
0,004822	2,014709	10,636734
0,086212	1,975204	10,657089
0,363953	1,823166	10,615189
0,586609	1,886612	10,313522
0,696747	2,009918	10,211761
0,553085	2,041046	10,178238
0,331619	1,956055	10,047760
0,284943	1,865067	10,007065
0,257401	1,916550	9,989105
0,250229	1,896194	10,015442
0,391479	1,799225	10,278793
0,350784	1,756134	10,409286
0,201141	1,783661	10,396118
0,003616	1,802811	10,339859
-0,165176	1,671143	10,288376
0,014389	1,578964	10,406891
0,204727	1,689087	10,325485
0,197556	1,690292	10,028610
0,222687	1,526291	9,918472
0,128113	1,523895	9,910095
-0,056244	1,606491	9,744888
-0,102921	1,539459	9,641937
-0,037079	1,514313	9,582092
-0,034683	1,589737	9,553360
0,067062	1,473618	9,646729
0,034744	1,413757	9,943619
-0,169968	1,441299	10,081284
-0,244186	1,391022	10,076492
-0,117294	1,319183	10,199799
0,045517	1,402985	10,357803
0,095795	1,429321	10,279999
0,173615	1,391022	10,214157
0,120941	1,406570	10,080078
-0,051453	1,393417	9,998672
-0,304031	1,423340	9,878967
-0,406982	1,377853	9,832275
-0,444092	1,376648	10,001068
-0,385437	1,389816	10,157898
-0,336365	1,343124	10,084869
-0,341141	1,334747	9,906494
-0,350723	1,316788	9,835876
-0,343536	1,262924	9,826294
-0,392624	1,265320	9,871780
-0,359100	1,288071	10,029800
-0,274109	1,238983	10,136353
-0,287277	1,193497	10,287186
-0,362701	1,215042	10,469131
-0,481201	1,192291	10,452377
-0,549438	1,121674	10,439209
-0,542267	1,101318	10,549347
-0,542267	1,138428	10,546951
-0,560211	1,127655	10,161484
-0,549438	1,124069	9,771225
-0,404587	1,104904	9,967560
-0,304031	1,189896	10,244080
-0,289673	1,222229	10,193802
-0,326782	1,204269	10,107620
-0,399811	1,235397	10,106415
-0,403397	1,258133	10,172256
-0,435715	1,276093	10,251266
-0,381851	1,264130	10,306335
-0,314804	1,218628	10,343445
-0,207077	1,090546	10,184235
-0,086166	1,083359	10,047760
-0,106522	1,216232	10,047760
-0,086166	1,291656	10,010651
-0,061020	1,273697	9,910095
0,041931	1,268906	9,708984
0,099380	1,292847	9,650330
0,068268	1,297638	9,646729
-0,071793	1,253342	9,525818
-0,169968	1,233002	9,286407
-0,100525	1,206665	9,415695
-0,045456	1,221024	9,634766
-0,080185	1,247360	9,601242
-0,082565	1,185120	9,521042
-0,108902	1,120468	9,588074
-0,175949	1,094131	9,855026
-0,245377	1,100113	10,001068
-0,306427	1,092941	10,157898
-0,341141	1,128845	10,356613
-0,341141	1,132446	10,441605
-0,316010	1,109695	10,542160
-0,280090	1,080963	10,560120
-0,237000	1,046249	10,469131
-0,294464	1,059418	10,507446
-0,448883	1,137238	10,421249
-0,604507	1,185120	10,210571
-0,711044	1,145615	10,063324
-0,757736	1,185120	9,887344
-0,824768	1,347916	9,771225
-0,748154	1,295242	9,464767
-0,474030	1,108505	9,185852
-0,395020	1,223419	9,176270
-0,433319	1,285675	9,173874
-0,444092	1,181519	9,183456
-0,412979	0,914566	9,149933
-0,454865	0,730209	9,273239
-0,555420	0,718246	9,647934
-0,648804	0,785278	10,060928
-0,612885	0,842743	10,402100
-0,499161	0,837952	10,558914
-0,442902	0,842743	10,539764
-0,316010	0,871475	10,458359
-0,154404	0,839157	10,228516
-0,150803	0,796051	9,816727
-0,033493	0,732605	9,335480
0,031158	0,808029	8,890167
-0,015533	0,881058	8,635178
-0,056244	0,842743	8,705811
-0,104126	0,997162	9,033813
-0,251358	1,230606	9,207397
-0,270523	1,241379	9,190628
-0,336365	1,146805	9,154724
-0,314804	0,967239	9,289993
-0,242981	0,900208	9,643143
-0,265732	0,999557	9,959167
-0,256149	1,078568	10,044174
-0,258545	1,012726	10,129166
-0,280090	0,926544	10,132751
-0,380646	0,969635	10,181839
-0,514725	1,086945	10,281189
-0,586548	1,134842	10,313522
-0,588943	1,095337	10,239288
-0,512329	1,086945	10,094452
-0,357910	1,132446	10,010651
-0,278900	1,195892	9,956787
-0,131653	1,139618	9,790390
-0,061020	1,198288	9,571320
