1,728208	-3,518651	-15,448553
1,086713	-2,781410	-10,670848
1,057989	-2,733537	-10,000628
1,029265	-2,618642	-10,192120
1,096287	-2,637791	-10,364462
1,029265	-2,934603	-10,326163
0,943094	-3,202690	-10,354887
0,933520	-3,221840	-10,402760
0,914371	-3,279287	-10,766593
0,809050	-3,250563	-10,536804
0,770752	-3,451629	-10,412334
0,684581	-3,480353	-10,661273
0,636708	-3,623971	-10,737869
0,598410	-3,844186	-10,546378
0,483515	-3,930357	-10,441058
0,349471	-3,738866	-10,335738
0,234577	-3,528225	-10,374036
0,090958	-3,700568	-10,230418
-0,071809	-4,466532	-9,981480
-0,253726	-5,175050	-10,134672
-0,397344	-5,414414	-10,115523
-0,406919	-5,098454	-9,971905
-0,387770	-4,504831	-9,742115
-0,502664	-4,361212	-9,387856
-0,837774	-4,811217	-9,014449
-1,192033	-5,395265	-8,478273
-1,412248	-5,854844	-8,708063
-1,527142	-6,132506	-8,736787
-1,823954	-5,931440	-8,315506
-1,919699	-5,672927	-7,664436
-1,843103	-6,055910	-7,501668
-2,302682	-6,199528	-7,750607
-3,039923	-6,467616	-7,377199
-3,432480	-6,850598	-6,649532
-3,308011	-6,505914	-6,036760
-3,078221	-6,304848	-6,486765
-3,576098	-6,237826	-6,170804
-3,911208	-6,716554	-5,577181
-3,834611	-7,176133	-4,916537
-3,786739	-7,176133	-4,906962
-4,275041	-6,745278	-4,916537
-4,849515	-6,429317	-4,303765
-5,002708	-6,649532	-4,083550
-5,452712	-6,649532	-3,738866
-5,318668	-6,793150	-3,116519
-5,251647	-6,716554	-2,867581
-5,596331	-6,611234	-2,848432
-5,988888	-6,400594	-2,551620
-6,199528	-6,084633	-2,360129
-6,276124	-5,883567	-1,737783
-6,391019	-5,739949	-1,785655
-6,534637	-5,893142	-1,603739
-6,754852	-5,816545	-1,402673
-6,793150	-5,701651	-0,732454
-6,716554	-5,337818	-0,435643
-6,841023	-5,136752	-0,445217
-6,984642	-5,098454	-0,397344
-7,195282	-4,839940	-0,062235
-7,262304	-4,591002	0,339897
-7,520817	-4,160147	0,263300
-7,616563	-4,054826	0,512239
-7,616563	-4,121848	0,751603
-7,750607	-3,978230	0,885647
-7,846352	-3,825037	1,067564
-7,769756	-3,700568	1,364375
-7,712308	-3,518651	1,766506
-7,788905	-3,001625	1,776081
-7,999545	-2,723963	1,718634
-7,961247	-2,972901	1,938848
-7,855927	-2,982476	2,111191
-7,817628	-2,915454	2,455875
-7,903800	-2,867581	2,408002
-7,865501	-3,068647	2,561195
-7,913374	-2,858006	2,704813
-8,143164	-2,494173	2,609068
-8,171887	-2,647366	2,637791
-8,085716	-2,810133	2,800559
-8,076141	-2,733537	2,666515
-8,143164	-2,685664	2,465449
-8,152739	-2,599493	2,599493
-8,133589	-2,475024	2,455875
-8,191036	-2,321831	2,379278
-8,181462	-2,408002	2,561195
-8,248484	-2,302682	2,618642
-8,219760	-2,340980	2,723963
-8,248484	-2,350555	2,781410
-8,334655	-2,350555	2,704813
-8,420826	-2,379278	2,915454
-8,430401	-2,264384	2,982476
-8,468699	-2,273958	2,972901
-8,468699	-2,350555	3,126094
-8,526146	-2,264384	2,944177
-8,593168	-2,178212	2,838857
-8,420826	-2,197362	3,049498
-8,468699	-2,082467	2,810133
-8,459125	-2,139914	2,915454
-8,439975	-2,111191	2,886730
-8,497422	-1,948423	2,723963
-8,526146	-2,005870	2,685664
-8,554870	-1,996296	2,647366
-8,487848	-2,044169	2,858006
-8,487848	-2,015445	2,752686
-8,478273	-2,216511	2,877155
-8,593168	-2,044169	2,704813
-8,506997	-2,025020	2,858006
-8,621892	-1,967572	2,800559
-8,631466	-2,025020	2,838857
-8,506997	-2,092041	2,934603
-8,660190	-1,986721	2,829283
-8,641041	-2,120765	2,848432
-8,593168	-2,111191	2,704813
-8,583593	-2,082467	2,963326
-8,660190	-1,938848	2,819708
-8,593168	-2,044169	2,819708
-8,535721	-2,092041	2,953752
-8,574018	-2,015445	2,800559
-8,468699	-2,149489	2,896305
-8,459125	-2,206936	2,953752
-8,621892	-1,948423	2,829283
-8,641041	-1,900550	2,972901
-8,574018	-1,977147	2,934603
-8,593168	-1,967572	2,934603
-8,669765	-1,862252	2,944177
-8,564445	-1,957998	3,020774
-8,583593	-1,948423	3,039923
-8,631466	-1,938848	2,982476
-8,602742	-1,852677	3,078221
-8,612317	-1,709059	2,867581
-8,564445	-1,852677	2,838857
-8,574018	-1,843103	2,915454
-8,602742	-1,661186	2,934603
-8,612317	-1,689910	2,829283
-8,545295	-1,814379	2,886730
-8,516571	-1,689910	2,848432
-8,593168	-1,594164	2,762261
-8,602742	-1,699484	2,829283
-8,612317	-1,661186	2,723963
-8,574018	-1,555866	2,810133
-8,621892	-1,469695	2,743112
-8,698488	-1,450546	2,771835
-8,564445	-1,536717	2,896305
-8,631466	-1,364375	2,752686
-8,669765	-1,460120	2,905879
-8,727212	-1,488844	2,905879
-8,679339	-1,546291	2,877155
-8,679339	-1,517568	3,030348
-8,727212	-1,412248	2,877155
-8,688913	-1,527142	2,963326
-8,755936	-1,517568	2,925028
-8,717637	-1,488844	2,953752
-8,736787	-1,364375	2,944177
-8,794233	-1,278204	2,762261
-8,746361	-1,354800	2,915454
-8,679339	-1,335651	2,925028
-8,679339	-1,364375	2,953752
-8,708063	-1,450546	2,953752
-8,679339	-1,326077	2,886730
-8,650616	-1,278204	2,953752
-8,727212	-1,259055	2,905879
-8,755936	-1,163309	2,819708
-8,621892	-1,201607	2,982476
-8,545295	-1,297353	2,934603
-8,602742	-1,393099	2,858006
-8,554870	-1,364375	2,867581
-8,535721	-1,220756	2,953752
-8,593168	-1,125011	2,800559
-8,631466	-1,249480	2,858006
-8,593168	-1,268629	2,838857
-8,631466	-1,230331	2,819708
-8,574018	-1,220756	2,838857
-8,497422	-1,316502	3,039923
-8,449550	-1,431397	2,905879
-8,506997	-1,345226	2,877155
-8,535721	-1,249480	2,838857
-8,468699	-1,287778	2,886730
-8,478273	-1,335651	2,704813
-8,478273	-1,278204	2,762261
-8,334655	-1,259055	2,781410
-8,305931	-1,316502	2,723963
-8,363379	-1,383524	2,647366
-8,363379	-1,297353	2,580344
-8,334655	-1,220756	2,446300
-8,238910	-1,326077	2,388853
-8,124015	-1,393099	2,321831
-8,210186	-1,460120	2,206936
-8,382527	-1,603739	2,159063
-8,487848	-1,747357	2,034594
-8,487848	-1,996296	1,996296
-8,210186	-2,379278	2,206936
-8,037844	-2,436726	2,063318
-8,191036	-2,436726	1,651612
-8,181462	-2,733537	1,527142
-8,104865	-3,001625	1,517568
-7,865501	-3,183541	1,421822
-7,635712	-3,375033	1,144160
-7,674010	-3,604822	0,780327
-7,760181	-3,834611	0,560112
-7,568690	-4,140997	0,330322
-7,377199	-4,418660	0,282450
-7,166558	-4,619725	0,004787
-7,099536	-4,801642	-0,387770
-7,061238	-4,945261	-0,531388
-6,908045	-5,175050	-0,569686
-6,764427	-5,471861	-0,847349
-6,362296	-5,672927	-0,990967
-5,778247	-5,596331	-1,182458
-5,768672	-5,289945	-1,603739
-5,759098	-5,615479	-2,015445
-5,615479	-6,189953	-2,178212
-5,242072	-6,793150	-2,446300
-4,887813	-7,338901	-2,484598
-4,983559	-7,482519	-2,905879
-4,945261	-7,913374	-2,972901
-4,945261	-8,124015	-3,068647
-4,782493	-8,056993	-3,288862
-4,744195	-7,836778	-3,604822
-4,792068	-7,760181	-3,901634
-4,552703	-8,162313	-3,690993
-4,150572	-8,554870	-3,758015
-4,160147	-8,497422	-4,447383
-4,591002	-8,085716	-4,954835
-4,188870	-8,305931	-4,428234
-3,480353	-8,353804	-4,284616
-3,355883	-8,085716	-5,088879
-3,346309	-7,980396	-5,605905
-3,327160	-7,865501	-5,711226
-3,154818	-7,645287	-5,768672
-3,011199	-7,300602	-6,142080
-2,905879	-7,176133	-6,362296
-2,570770	-7,147409	-6,994216
-2,379278	-6,927195	-7,453795
-1,929274	-7,501668	-6,745278
-1,862252	-7,166558	-6,984642
-2,025020	-6,371870	-7,683585
-1,890976	-6,304848	-8,018694
-1,709059	-6,343146	-8,066567
-1,440971	-6,716554	-7,836778
-1,335651	-6,783576	-8,114440
-1,345226	-6,448466	-8,353804
-1,335651	-5,921865	-8,325080
-1,153735	-5,491010	-8,679339
-0,904796	-5,452712	-8,813383
-0,761178	-5,672927	-8,439975
-0,732454	-6,132506	-8,564445
-0,828200	-5,912291	-8,775084
-0,694156	-5,491010	-9,138918
-0,445217	-4,945261	-8,708063
-0,349471	-4,648449	-8,995299
-0,435643	-4,409085	-9,339984
-0,359046	-4,648449	-8,880404
-0,359046	-4,667598	-9,933606
-0,378195	-4,160147	-9,789989
-0,033511	-4,418660	-9,100619
-0,014362	-4,064401	-9,129343
0,043086	-3,489927	-9,722966
0,177129	-2,905879	-10,316589
0,244151	-2,867581	-9,914457
0,196278	-3,355883	-9,196365
0,071809	-3,480353	-9,531475
0,177129	-3,231414	-9,904882
0,339897	-2,810133	-9,952756
0,397344	-2,561195	-9,857010
0,387770	-2,513322	-9,732541
0,416493	-2,570770	-9,761265
0,445217	-2,551620	-10,058076
0,445217	-2,551620	-10,038927
0,397344	-2,513322	-9,818711
0,359046	-2,245234	-10,086800
0,406919	-2,025020	-9,943181
0,464366	-2,015445	-10,335738
0,416493	-2,101616	-10,536804
0,493090	-2,628217	-9,751690
0,397344	-2,417577	-9,857010
0,464366	-1,900550	-10,096374
0,512239	-1,737783	-9,991054
0,406919	-1,661186	-10,019777
0,464366	-1,852677	-10,038927
0,502664	-2,178212	-10,086800
0,406919	-2,130340	-9,665519
0,502664	-1,718634	-9,761265
0,665432	-1,335651	-10,038927
0,617559	-1,201607	-10,163396
0,742028	-1,689910	-10,105948
0,684581	-1,938848	-9,627220
0,675007	-1,364375	-9,952756
0,789901	-0,952669	-9,971905
0,722879	-1,172884	-9,895308
0,598410	-1,517568	-10,048501
0,636708	-1,737783	-10,125097
0,684581	-1,699484	-10,182545
0,732454	-1,421822	-10,144247
0,837774	-1,335651	-10,172971
0,818625	-1,517568	-9,780414
0,751603	-1,546291	-10,029352
0,665432	-1,383524	-10,354887
0,655857	-1,450546	-10,000628
0,684581	-1,517568	-10,029352
0,703730	-1,450546	-10,192120
0,770752	-1,412248	-10,019777
0,847349	-1,536717	-10,019777
0,722879	-1,527142	-9,981480
0,770752	-1,670761	-9,761265
0,770752	-1,498419	-9,991054
0,742028	-1,326077	-10,182545
0,732454	-1,383524	-9,962330
0,751603	-1,460120	-9,857010
0,799476	-1,536717	-9,895308
0,809050	-1,431397	-9,981480
0,789901	-1,393099	-10,000628
0,713305	-1,364375	-10,163396
0,713305	-1,393099	-10,019777
0,675007	-1,326077	-9,981480
0,722879	-1,345226	-9,751690
0,713305	-1,316502	-9,962330
0,742028	-1,364375	-9,924032
0,732454	-1,412248	-9,943181
0,646283	-1,182458	-10,058076
0,655857	-1,182458	-9,933606
0,655857	-1,259055	-9,991054
0,703730	-1,527142	-10,019777
0,684581	-1,565441	-10,134672
0,665432	-1,287778	-10,115523
0,675007	-1,134585	-10,115523
0,665432	-1,220756	-10,058076
0,684581	-1,498419	-10,268716
0,550537	-1,507993	-9,991054
0,588835	-1,412248	-9,445304
0,665432	-1,326077	-9,531475
0,703730	-1,440971	-9,924032
0,713305	-1,507993	-10,077225
0,722879	-1,421822	-10,259142
0,646283	-1,192033	-10,067650
0,636708	-1,105862	-9,962330
0,588835	-1,239906	-9,847435
