0,008310	-0,020411	0,023446
0,646382	-4,435066	10,730414
0,466349	-3,491559	8,599651
0,287850	-2,761643	6,859604
0,189093	-2,163343	5,526001
0,174260	-1,708641	4,528052
0,222733	-1,350640	3,700970
0,278736	-1,051777	3,012497
0,271829	-0,819400	2,470337
0,272053	-0,634451	2,067248
0,320121	-0,443388	1,777334
0,399749	-0,326940	1,490825
0,518029	-0,259635	1,274056
0,641401	-0,174188	1,011591
0,660606	-0,085725	0,663704
0,537103	-0,009205	0,417951
0,450752	0,063510	0,353514
0,361554	0,095815	0,289513
0,280625	0,086223	0,349408
0,169910	0,078561	0,374339
0,020046	0,033161	0,279366
-0,068228	-0,085519	0,102815
-0,103435	-0,093318	0,119605
-0,179464	-0,072738	0,239337
-0,262334	-0,100329	0,249893
-0,394694	-0,133888	0,168310
-0,699788	-0,275665	-0,071260
-0,395109	-0,169775	0,254247
-0,178184	0,271199	0,604667
-0,073590	0,576090	0,828497
0,076163	0,396699	0,656084
0,202666	0,140187	0,425270
0,200438	0,024051	0,335431
0,161315	-0,042051	0,086387
0,109899	-0,105467	-0,141584
0,089836	-0,101622	-0,170727
0,056536	-0,020006	-0,040817
0,004055	0,095092	0,007568
-0,007291	0,201525	-0,050440
-0,004880	0,237843	-0,154317
-0,010606	0,226664	-0,199113
0,009716	0,178463	-0,208131
-0,047781	0,185861	-0,274720
-0,127288	0,170710	-0,259047
-0,154504	0,163387	-0,195739
-0,323750	0,195834	-0,142236
-0,630582	0,182522	-0,235407
-0,515000	0,223593	-0,145235
-0,050953	0,343596	0,853941
0,211106	0,407995	1,270214
0,231128	0,326396	1,005636
0,316104	0,207479	1,133953
0,386001	0,240690	1,412814
0,231237	0,284483	1,188674
0,083476	0,161510	0,885815
0,061031	0,055465	0,717270
-0,039286	0,157385	0,406225
-0,094636	0,220708	0,036711
-0,087196	0,205302	-0,120021
-0,084124	0,229366	-0,232967
0,005491	0,220834	-0,285019
0,092491	0,219770	-0,306543
0,107513	0,215075	-0,346748
0,178906	0,154823	-0,387530
0,253257	0,098004	-0,378982
0,270598	0,063084	-0,363513
0,256701	0,078238	-0,352102
0,067458	0,105680	-0,371708
-0,126075	0,106578	-0,378763
-0,276117	0,144637	-0,390169
-0,368379	0,177953	-0,369595
-0,355030	0,174931	-0,399106
-0,241885	0,165799	-0,376743
-0,061355	0,147007	-0,403861
0,094568	0,070682	-0,421734
0,145564	0,032596	-0,347922
0,117416	-0,019895	-0,294622
0,077649	-0,078159	-0,280705
-0,013540	-0,107535	-0,382585
-0,147783	-0,100396	-0,393214
-0,334657	-0,090851	-0,327974
-0,429578	-0,037244	-0,246108
-0,476780	-0,011607	-0,242859
-0,390995	-0,021737	-0,283350
-0,244803	-0,010676	-0,421089
-0,076128	-0,039192	-0,595441
0,037731	-0,064874	-0,725351
0,076156	-0,056684	-0,817781
0,072412	-0,015660	-0,896523
0,115400	-0,023063	-1,003558
0,225438	-0,007916	-1,086330
0,273246	0,008987	-1,191793
0,283709	-0,033032	-1,260857
0,246120	0,023379	-1,212665
0,155722	0,079994	-1,220096
0,069988	0,084100	-1,301687
0,007150	0,100801	-1,416752
-0,007684	0,145765	-1,466679
0,025457	0,161619	-1,497037
0,012700	0,191551	-1,465782
-0,000375	0,228900	-1,452264
0,017901	0,200356	-1,413692
0,002821	0,180390	-1,404842
-0,003492	0,153895	-1,444699
-0,045885	0,244735	-1,445933
-0,108534	0,303051	-1,371273
-0,185472	0,279794	-1,277060
-0,202003	0,191267	-1,226592
-0,247796	0,201854	-1,144078
-0,305488	0,242892	-1,068498
-0,282708	0,255605	-0,984083
-0,245320	0,235124	-0,824620
-0,208707	0,243653	-0,642447
-0,218674	0,233228	-0,542693
-0,185474	0,189451	-0,483959
-0,183816	0,128575	-0,546139
-0,219831	0,116276	-0,545127
-0,357823	0,153348	-0,471539
-0,446195	0,196421	-0,387766
-0,424949	0,238545	-0,372456
-0,330389	0,209989	-0,315201
-0,240361	0,174693	-0,263660
-0,239225	0,169442	-0,318191
-0,204783	0,188227	-0,327331
-0,137008	0,186019	-0,338476
-0,157494	0,182335	-0,316753
-0,151850	0,197577	-0,258187
-0,145418	0,195415	-0,162495
-0,120167	0,164950	-0,193204
-0,108585	0,145363	-0,214902
-0,109854	0,070319	-0,216929
-0,039995	0,085943	-0,320077
-0,027211	0,105155	-0,486860
0,031857	0,099444	-0,532176
0,047519	0,114028	-0,499483
-0,020407	0,123791	-0,427358
-0,083367	0,111484	-0,409891
-0,102118	0,114077	-0,420796
-0,097027	0,169789	-0,491789
-0,049850	0,178935	-0,527501
0,004175	0,175704	-0,522562
0,028242	0,204735	-0,508077
0,074315	0,158039	-0,471574
0,091056	0,130264	-0,441431
0,052728	0,107080	-0,524568
0,012495	0,116315	-0,587245
-0,093434	0,141892	-0,611532
-0,172428	0,110633	-0,560099
-0,270108	0,131610	-0,608968
-0,324302	0,094753	-0,674882
-0,301580	0,089206	-0,652906
-0,240300	0,138406	-0,518492
-0,156815	0,149031	-0,348717
-0,084265	0,101988	-0,196613
0,017817	0,083508	-0,231985
0,071712	0,073508	-0,413518
0,134945	0,031035	-0,621000
0,185532	-0,034547	-0,608848
0,152259	-0,025721	-0,447808
-0,023762	0,045500	-0,559358
-0,086051	-0,000954	-0,565284
-0,128215	-0,017047	-0,418706
-0,172482	-0,009805	-0,354118
-0,160971	0,040997	-0,363739
-0,107708	-0,008377	-0,309192
-0,053610	-0,034473	-0,165945
0,056709	-0,079299	-0,002519
0,057818	-0,070141	0,192394
-0,027488	-0,005356	0,051450
-0,063165	-0,020569	0,012424
-0,070649	-0,016455	0,023355
-0,133130	-0,010283	-0,025371
-0,083519	-0,019726	-0,052865
0,086420	-0,101010	0,196172
0,044234	-0,037717	0,194291
-0,046022	0,035915	-0,112719
0,012023	0,051718	-0,089223
0,103478	0,062431	-0,008170
0,132575	0,031756	-0,045794
0,143414	0,025405	-0,125698
0,131967	0,064379	-0,112057
0,152498	0,153969	-0,230430
0,255116	0,155744	-0,282977
0,325723	0,097776	-0,231167
0,361128	0,025548	-0,074801
0,388512	-0,004464	0,323228
0,230365	0,056768	0,206861
0,101931	0,026262	-0,107448
0,088247	-0,015392	-0,113729
0,080168	0,003971	-0,151311
0,241307	-0,445969	-6,785551
-0,417953	-3,233655	-26,834520
-0,994201	2,285757	-0,553785
0,771399	2,458757	21,853689
1,069146	0,320754	11,027225
1,476850	-2,355946	-5,715805
0,349253	-1,007523	-4,763232
-0,388102	1,252039	4,298106
-0,337288	0,958540	2,309371
-0,651947	0,545604	0,109313
-0,513892	0,253560	0,531811
-0,350787	0,220097	1,172446
-0,322768	0,230655	1,045208
-0,127013	0,297537	0,814145
0,133985	0,425737	0,676218
0,362889	0,410500	0,667390
0,542179	0,314984	0,463038
0,582181	0,225181	0,367562
0,520334	0,225152	0,295002
0,360725	0,281635	0,125870
0,208136	0,254995	0,074841
0,079351	0,199211	0,091477
-0,069637	0,103827	0,064563
-0,180197	0,029424	0,016213
-0,247588	-0,022432	-0,017681
-0,279479	-0,070619	-0,057236
-0,178576	-0,125441	0,003052
-0,206069	-0,065880	-0,037781
-0,249120	-0,053656	-0,340515
-0,229948	-0,079326	-0,116309
-0,273021	-0,093148	-0,037505
-0,305563	-0,120478	-0,160241
-0,332561	-0,154805	-0,089887
-0,346493	-0,161198	0,008534
-0,364340	-0,129910	0,047050
-0,360430	-0,113511	0,036675
-0,227052	-0,082191	0,036054
-0,097364	-0,017864	0,085337
0,018837	-0,039194	0,052950
0,071564	0,016533	0,070131
0,120459	-0,021246	0,084840
0,089666	-0,008379	0,144484
0,058329	0,005748	0,046641
0,071566	0,009383	0,064120
-0,008836	0,028576	0,121206
-0,022389	0,052548	0,101762
0,036679	0,069810	0,013404
0,084885	0,052015	-0,005549
0,148352	0,006175	0,030986
0,140715	0,018355	0,026705
0,118310	0,076928	-0,020775
0,125300	0,095063	-0,001287
0,106941	0,063600	0,021956
0,046295	0,050879	0,024266
0,023621	0,051238	0,029948
0,025598	0,037158	0,018209
0,077949	0,029727	0,012650
0,105450	0,031447	-0,060741
0,086277	0,001220	0,040469
0,046036	0,010546	0,049612
0,033960	0,041005	0,027238
-0,005401	0,064408	-0,008861
0,001429	0,001722	0,013028
-0,008439	0,013829	-0,005862
-0,001002	0,024467	0,018296
-0,005587	0,029156	0,021338
-0,043739	0,001290	-0,029853
-0,026373	0,008698	-0,010479
-0,030669	0,000257	-0,016037
-0,034118	-0,033315	-0,050183
-0,058898	-0,026651	-0,031528
-0,080639	-0,018453	-0,022342
-0,062595	-0,023380	-0,035122
-0,060610	-0,059878	-0,006064
-0,069558	-0,068972	0,031538
-0,102570	-0,042727	0,002244
-0,105994	-0,004494	0,043934
-0,073308	-0,037115	0,050467
-0,003093	-0,038310	0,005901
0,061686	-0,021078	-0,016348
0,101058	-0,040800	-0,021697
0,058825	-0,020189	-0,020226
-0,000828	0,024071	-0,037251
-0,031302	0,051813	-0,019266
-0,005889	0,001228	-0,010628
-0,026745	-0,008588	0,007782
-0,053952	0,024734	0,017713
-0,028794	0,002550	0,003635
0,021972	0,007777	0,023978
0,031945	0,049325	-0,024873
0,106965	0,028926	0,025121
0,105677	0,002071	0,022001
0,088375	0,024643	-0,001552
0,063034	0,042688	-0,013693
0,048510	0,061934	-0,009037
0,038808	0,053369	-0,004349
-0,002474	0,027375	0,018542
0,003770	0,010413	-0,016770
0,014515	-0,011786	-0,007667
0,040335	-0,000811	0,027387
0,025567	0,006053	0,010411
0,030036	-0,018131	0,010245
0,043182	-0,031754	0,000542
0,034545	-0,028272	-0,012017
0,016137	-0,039854	0,041143
0,024409	-0,027098	0,003227
0,006111	0,002272	0,007367
-0,004681	0,023839	0,003977
-0,002793	0,024820	-0,002568
0,007348	0,013155	-0,015458
0,021199	-0,006724	0,027856
0,038028	-0,011117	0,021333
0,048623	-0,026142	-0,024120
0,024531	0,003036	0,010391
-0,013896	-0,009070	0,017895
-0,030269	-0,020659	-0,002920
-0,029965	-0,019396	-0,025322
-0,060361	0,014171	-0,005902
-0,085642	0,016122	0,014431
-0,030208	-0,028289	-0,009512
0,005521	-0,004431	-0,019109
0,025486	-0,033232	0,014400
0,014652	-0,021800	0,002902
0,045242	0,003630	0,008071
0,070666	0,015355	-0,027063
0,071853	0,041971	-0,065706
0,037377	0,047945	-0,028627
-0,028521	0,028773	-0,002784
-0,049636	0,018233	-0,027129
-0,052160	0,042357	-0,017870
-0,036931	0,009948	-0,011428
-0,035294	-0,024598	0,004273
-0,021533	-0,023511	0,023524
0,002890	-0,021689	-0,018534
-0,005354	-0,008721	-0,012911
0,023488	-0,032844	0,017454
0,029325	-0,015740	-0,009987
-0,012929	0,020928	-0,004156
-0,040031	0,006208	-0,017693
-0,035857	-0,015139	-0,034259
0,031653	-0,024562	-0,026455
-0,012031	-0,026351	-0,024033
-0,037396	0,006690	-0,011572
-0,039499	-0,013801	-0,012126
-0,031599	-0,034026	-0,000119
-0,014745	-0,060741	-0,004892
-0,012748	-0,041891	-0,008699
-0,025530	-0,037346	0,006444
-0,003176	-0,020294	0,021440
0,022349	-0,003784	-0,029772
0,044698	0,009424	-0,015200
0,047258	0,003707	-0,057167
-0,002416	0,002001	-0,014130
-0,059403	0,016932	-0,012268
-0,043690	0,004928	-0,002148
-0,016751	-0,000855	-0,040024
-0,003831	0,017516	-0,009998
0,018005	0,021667	-0,007998
-0,003785	-0,009473	0,014670
-0,010694	0,005825	-0,025617
-0,000889	0,019028	-0,035813
-0,000711	0,002771	-0,018116
-0,008235	-0,006401	-0,019278
-0,003719	0,014032	-0,014470
-0,006796	0,006440	-0,004875
-0,028423	-0,007299	-0,009637
-0,011251	0,011396	-0,012495
0,047505	-0,012904	-0,001378
0,054288	0,002115	0,004635
0,008946	0,005526	0,003708
-0,029233	-0,001317	0,010633
-0,076059	0,011385	-0,004897
-0,076167	-0,007164	-0,040319
-0,038912	-0,027765	-0,002568
-0,043581	-0,031782	0,013278
-0,034865	-0,034044	0,001040
-0,020226	-0,006166	-0,007787
0,011590	-0,015468	0,012924
0,059077	-0,009505	-0,014564
0,057796	0,001014	-0,033672
0,031869	-0,000141	0,007535
-0,001323	0,012339	-0,011208
-0,027865	-0,016948	0,015936
-0,025173	-0,025057	0,008915
-0,019174	0,009654	-0,007235
0,008599	0,017294	0,002830
0,005915	0,032988	0,023333
0,031551	0,028307	0,003346
0,035775	-0,000340	-0,007858
0,030537	0,008346	-0,020654
0,033047	-0,018226	-0,021308
0,007285	0,011287	-0,012261
-0,036311	-0,003422	0,017010
-0,045333	-0,011355	0,030844
-0,042968	-0,004299	0,038079
-0,031493	-0,011106	0,004608
-0,017541	-0,028037	-0,044189
0,034808	-0,009978	0,005823
0,043178	-0,000317	-0,020244
0,041244	-0,012705	-0,011398
0,050232	-0,013033	-0,000500
-0,002905	-0,026711	0,036941
0,012031	-0,000299	0,001782
0,000055	-0,001204	-0,011026
-0,001873	0,000954	0,026617
-0,013949	-0,009771	-0,028512
0,003208	0,018049	0,001141
0,002567	0,031676	0,023899
0,008755	0,018640	0,000918
0,031906	0,029267	-0,033738
0,003491	-0,008190	0,008434
-0,024978	0,038467	-0,004739
