-0,615280	7,439972	7,265701
-0,657181	7,512985	7,825943
-0,707458	7,564468	8,222183
-0,779282	7,633896	8,468781
-0,812805	7,693756	8,519058
-0,837936	7,692551	8,311966
-0,897797	7,650650	8,056976
-0,975616	7,533340	7,818756
-1,046234	7,496231	7,671509
-1,155182	7,369339	7,543427
-1,334747	7,224487	7,485962
-1,608871	7,368134	7,454834
-1,953644	7,790710	7,517090
-2,249329	8,078018	7,560181
-2,291229	8,079224	7,460831
-2,225388	7,948730	7,365051
-2,164337	7,946335	7,272873
-2,086517	7,984650	7,118454
-1,970398	8,043304	6,845520
-1,747742	8,152237	6,709045
-1,455643	8,230057	6,553421
-1,138412	8,251602	6,399002
-0,806824	8,250397	6,323578
-0,439316	8,222870	6,410965
-0,099335	8,277939	6,686295
0,262192	8,292297	6,885025
0,700333	8,289902	6,910156
1,102554	8,289902	6,760513
1,484436	8,196533	6,536667
1,802856	8,000214	6,472015
2,033905	7,805084	6,327164
2,036301	7,647064	6,152390
1,916580	7,545319	6,009933
1,727448	7,526154	5,807632
1,424576	7,589600	5,628067
1,055878	7,712906	5,661575
0,647659	7,776352	5,816010
0,250229	7,864944	5,927338
-0,144821	7,905640	6,189499
-0,493179	7,935562	6,609680
-0,849915	7,972672	7,095703
-1,170731	7,963104	7,513504
-1,364670	7,867325	7,725388
-1,555008	7,767975	7,797211
-1,719009	7,740433	7,682281
-1,839920	7,765579	7,398575
-1,927307	7,824234	6,901779
-1,945267	7,886490	6,389420
-1,883011	7,917603	5,891418
-1,806396	7,764374	5,341949
-1,657959	7,961899	4,927765
-1,340729	8,180969	4,720657
-0,770905	8,167801	4,566238
-0,049057	8,067245	4,460892
0,751801	7,985840	4,253784
1,392258	7,953522	4,015564
1,890244	7,957108	3,970078
2,260147	7,960709	3,990433
2,376266	7,994217	4,008392
2,294876	7,967880	4,041901
2,090164	7,860153	4,137680
1,710678	7,846985	4,257385
1,233047	7,832611	4,446518
0,747025	7,870926	4,700317
0,319656	7,927185	4,942123
0,035934	7,979858	5,201889
-0,171158	8,093582	5,733414
-0,326782	8,192947	6,373856
-0,351913	8,208511	6,874252
-0,175949	8,103165	7,160355
0,117340	7,948730	7,244156
0,294510	7,904434	7,323151
0,363953	7,954712	7,761292
0,541122	7,958313	8,845871
1,033127	8,040909	9,483932
1,364716	8,209702	9,813126
1,521545	8,068451	10,262039
1,648438	7,589600	10,436813
1,673569	7,303497	9,996277
1,188751	7,576431	9,333084
0,490845	8,028946	8,747711
-0,113693	8,311462	8,383789
-0,483597	8,346176	8,103668
-0,562607	8,312653	7,830734
-0,489594	8,301880	7,484772
-0,353119	8,295898	7,087326
-0,275299	8,307861	6,750946
-0,106522	8,239624	6,731796
0,175995	8,101959	6,980789
0,496826	7,999008	7,353088
0,815247	7,879303	7,900162
1,122910	7,784729	8,655533
1,437744	7,608765	9,584488
1,561050	7,411240	10,587646
1,418594	7,145477	11,612366
0,994812	6,918030	12,592789
0,775742	6,361374	13,925171
0,870316	5,275604	16,060791
-0,038284	5,878952	17,594284
-0,363892	6,798325	17,886383
0,597382	6,623550	17,327332
1,223465	6,210541	16,925110
1,164810	5,966339	17,093903
1,237823	5,564102	17,060379
1,420990	5,108017	16,308594
1,243820	4,857819	14,969040
0,671600	4,999084	13,186554
0,011993	5,333069	11,059311
-0,503952	5,730499	9,194229
-0,815201	6,113571	8,079727
-0,859497	6,319473	7,720596
-0,806824	6,300323	7,909744
-0,751755	5,965134	8,270065
-0,693100	5,465942	8,557373
-0,768509	5,160690	8,523849
-0,675140	4,963165	8,223373
-0,044266	4,556152	7,913330
0,796097	4,061752	7,635605
1,136078	4,013870	7,185486
1,367111	3,944427	6,766510
1,533508	3,651138	6,273300
1,426971	3,327927	5,811218
1,168396	3,007095	5,365891
0,425003	2,870636	4,651230
-0,836746	2,864639	3,401459
-1,775269	2,741348	1,757843
-1,929703	2,261307	-0,007889
-1,680710	1,861481	-1,462372
-1,468811	1,792038	-2,384140
-1,100113	1,838730	-2,801926
-0,701477	1,957245	-2,744461
-0,533875	1,945267	-2,764816
-0,494370	1,678314	-3,183792
-0,740982	1,449677	-4,046906
-1,279678	1,416153	-4,938751
-1,628036	1,340744	-5,509766
-1,556198	1,122864	-5,798264
-1,192291	0,855911	-5,463074
-1,155182	0,738602	-4,853745
-1,408966	0,615295	-4,318649
-1,672318	0,414185	-3,915222
-2,024277	0,223846	-3,625519
-2,386993	-0,082611	-3,326248
-2,385788	-0,633286	-2,988663
-2,242142	-1,213882	-2,812698
-2,043427	-1,738205	-2,903671
-2,026657	-2,221832	-3,451950
-1,958435	-2,531891	-4,129501
-2,093704	-2,706665	-5,090775
-2,197845	-3,061005	-6,557220
-2,256500	-3,584137	-8,607864
-2,386993	-4,036636	-10,902710
-2,649155	-4,332321	-13,277756
-3,095673	-4,493927	-15,986786
-3,570923	-4,660324	-18,718567
-4,123978	-4,780045	-20,929626
-4,505859	-4,718994	-22,939545
-5,069702	-4,626816	-25,267914
-5,547333	-4,629211	-27,975754
-5,379745	-4,768066	-30,391510
-4,390945	-4,922501	-31,500015
-3,008286	-5,206207	-31,875916
-1,796814	-5,181061	-32,315247
-0,788864	-4,774048	-32,437347
-0,001175	-4,127625	-32,421783
0,559067	-3,323166	-32,320038
0,919403	-2,510330	-32,086594
1,306061	-1,722641	-31,288132
1,903412	-1,042694	-29,695984
2,567810	-0,265778	-27,477768
2,956863	0,671555	-24,609512
3,149597	1,725006	-21,874130
3,335144	2,691071	-19,779205
3,336349	3,604462	-18,133194
3,017914	4,386169	-16,928909
2,540268	4,959579	-16,105301
2,062637	5,303146	-15,571396
1,561050	5,382156	-15,094955
1,031921	5,337860	-14,693924
0,645264	5,327087	-14,126495
0,380707	5,232513	-13,603363
0,040726	5,336655	-13,397461
-0,677536	5,728119	-13,799683
-1,497543	6,226105	-14,306061
-2,037445	6,404480	-14,729828
-2,291229	6,384125	-15,094955
-2,541412	6,327866	-15,500763
-2,765274	6,238083	-15,770111
-2,971176	6,251251	-15,930527
-3,238129	6,214142	-16,007141
-3,259674	6,060913	-16,059814
-3,100464	5,834656	-16,057419
-2,965195	5,614380	-16,096924
-2,725769	5,453979	-16,173538
-2,366638	5,304337	-15,971222
-2,043427	5,214554	-15,610901
-2,047012	5,257645	-15,399017
-2,292419	5,303146	-15,376266
-2,347488	5,110413	-15,275711
-2,244537	4,801559	-15,012344
-2,349884	4,594452	-14,704697
-2,624023	4,474747	-14,319229
-2,750916	4,398132	-13,681168
-2,483963	4,302368	-12,877914
-2,160736	4,406509	-12,178818
-1,947662	4,531006	-11,703568
-1,976379	4,592056	-11,506042
-1,717819	4,668671	-11,254654
-1,017502	4,988297	-10,635742
-1,001953	5,579666	-10,250290
-1,309601	6,133926	-10,900314
-1,574158	6,139908	-11,983688
-1,884216	5,904083	-13,047913
-2,203842	5,633545	-13,691940
-2,409744	5,391724	-13,645264
-2,550995	4,979919	-13,144867
-2,802383	4,539398	-12,346405
-2,877808	4,144348	-11,029602
-2,415726	3,903732	-9,196838
-1,831543	3,974365	-7,218033
-1,631622	4,244904	-5,397232
-1,455643	4,185043	-4,316254
-0,852310	3,873810	-3,620743
-0,320801	4,049774	-2,768402
-0,465652	4,850632	-2,379349
-0,830765	5,355820	-3,036560
-0,987579	5,194199	-4,689743
-0,878647	4,861404	-6,352524
-0,512329	4,542984	-7,548431
-0,049057	4,084488	-8,259506
0,689560	3,226166	-8,384003
1,716675	2,011108	-7,923111
3,034683	0,638046	-6,978607
4,294022	-0,715881	-5,807846
5,389374	-1,879471	-4,274353
6,284805	-2,964035	-2,342239
7,038986	-4,021072	-0,466370
7,696182	-5,096069	1,205978
7,885330	-5,871796	2,687988
7,693802	-6,430847	4,739807
7,447189	-6,916870	7,453644
7,106018	-7,131149	11,107193
6,947998	-6,774414	15,912354
7,480713	-5,549774	21,419022
8,122360	-3,458435	26,653946
8,797516	-1,095367	30,038147
9,686966	0,730209	30,539734
10,496201	2,015900	27,869003
10,631485	3,215393	22,541901
10,325027	4,729736	16,206848
10,058075	6,657059	10,368576
10,004196	8,737625	5,934525
9,743225	10,874451	3,596588
9,550491	12,874802	3,706711
9,677383	14,337662	5,980011
9,490646	14,410690	9,661102
8,257629	12,825729	13,714478
6,216568	10,040070	16,793427
3,584152	7,371735	18,402328
0,533936	5,896896	18,645340
-2,199051	5,482712	17,883987
-4,363403	5,531784	16,401978
-6,032166	5,700577	14,541672
-6,938370	5,814301	12,637085
-7,055679	5,913666	10,737289
-6,787537	6,086044	8,871002
-6,186584	6,276382	7,062195
-5,224121	6,369751	5,382660
-4,181442	6,552917	4,013168
-3,138779	6,702545	3,200348
-1,867447	6,665436	3,051895
-0,602112	6,500244	3,244629
0,448944	6,318283	3,217102
1,270157	6,101608	2,761002
2,048264	5,710159	1,933807
2,746170	5,234909	0,930634
3,221420	4,847046	0,022034
3,395004	4,531006	-0,685440
3,645203	4,116821	-0,795578
4,115662	3,478760	-0,024643
4,588516	2,919708	1,330475
4,341919	2,788025	2,525177
3,436905	2,991547	3,567856
2,322403	3,189056	4,503983
1,195938	3,309967	5,337173
0,244232	3,394958	5,775299
-0,519516	3,441650	6,091339
-0,988785	3,552979	6,379837
-1,145599	3,706207	6,483994
-1,179123	3,959991	6,188309
-1,345520	4,280823	5,127670
-1,655563	4,653122	3,343994
-1,861465	4,905701	1,227524
-2,027863	5,145126	-0,893738
-2,254120	5,436020	-2,812698
-2,425293	5,791565	-4,451523
-2,511490	6,109985	-5,531311
-2,630005	6,394897	-6,065216
-2,742523	6,582840	-6,466248
-2,839493	6,671432	-6,736786
-2,856262	6,548126	-6,712845
-2,691055	6,276382	-6,382446
-2,626419	6,077667	-5,953888
-2,801193	6,065689	-5,434341
-3,112442	6,039352	-4,977051
-3,360229	5,913666	-4,536514
-3,372208	5,762833	-4,075638
-3,165100	5,906479	-3,700943
-2,924484	6,375748	-3,527359
-2,959213	7,031754	-3,580032
-3,234543	7,502213	-3,681793
-3,542191	7,715302	-3,817062
-3,646347	7,705719	-3,846985
-3,318329	7,546509	-3,680588
-2,873016	7,564468	-3,333435
-2,513885	7,740433	-2,993454
-2,346283	7,905640	-2,833038
-2,311569	7,910431	-2,756424
-2,602463	7,833817	-2,804321
-3,333893	7,903244	-2,898880
-4,046173	8,179779	-2,683411
-4,266434	8,479050	-2,133942
-4,050964	8,723251	-1,643127
-3,728943	8,868103	-1,282806
-3,363831	8,868103	-1,359421
-3,185455	8,986618	-1,623978
-3,160324	9,272720	-1,747269
-3,161514	9,562424	-1,734100
-3,065750	9,694107	-1,416870
-2,782028	9,616302	-1,026627
-2,371429	9,332581	-0,849457
-2,021881	9,075211	-0,976349
-1,928497	9,082382	-1,279205
-2,097290	9,296677	-1,488708
-2,361847	9,588760	-1,658691
-2,650360	9,900009	-1,881348
-2,882599	10,196884	-2,041763
-2,942444	10,496170	-2,086060
-2,819153	10,837341	-2,226120
-2,515076	11,238373	-2,204575
-2,145172	11,676514	-1,987900
-1,675919	11,967407	-1,773605
-1,106094	12,087112	-1,517426
-0,555420	12,066757	-1,242096
-0,228622	12,011688	-1,110413
-0,058624	11,816574	-1,087677
0,038330	11,502930	-1,443207
-0,034683	11,171326	-2,291962
-0,501556	10,990570	-3,429199
-1,259323	10,918747	-4,492233
-1,984772	10,980988	-4,814255
-2,719788	11,149780	-4,427582
-3,621201	11,441879	-3,746429
-4,350235	11,653763	-2,775589
-4,738098	11,796219	-1,613205
-4,802734	12,051193	-0,247314
-4,481918	12,483353	1,159286
-3,773239	12,905930	2,331253
-2,877808	13,202805	2,982468
-1,959625	13,281815	3,185974
-1,132431	13,170486	3,029160
-0,434525	12,978958	2,585037
0,214310	12,785019	1,708755
0,721878	12,635391	0,147736
1,108536	12,484543	-1,749664
1,212692	12,276260	-3,709320
0,912216	12,020081	-5,515747
0,390289	11,680099	-6,843338
-0,359100	11,334137	-7,672928
-1,289246	11,141403	-7,708832
-2,311569	11,054016	-6,828964
-3,093277	11,065979	-4,978256
-3,505081	11,188095	-2,538559
-3,659515	11,396378	0,032806
-3,666687	11,599884	2,345612
-3,444031	11,710022	4,186752
-2,894562	11,823746	5,726227
-2,177505	12,005707	6,870651
-1,572968	12,291809	7,282455
-1,209045	12,563553	7,019089
-1,029480	12,613831	6,446884
-0,916946	12,546799	5,501175
-0,836746	12,434265	4,451309
-0,867874	12,333710	3,456528
-0,970825	12,240341	2,405472
-1,106094	12,108658	1,417862
-1,207840	11,976974	0,520035
-1,327560	11,751923	-0,186249
-1,323959	11,452652	-0,598053
-1,307205	11,202454	-0,643555
-1,381424	11,001343	-0,412506
-1,581345	10,874451	-0,000702
-1,871048	10,809799	0,577499
-2,079330	10,685303	1,454971
-1,953644	10,485397	2,406662
-1,771683	10,402786	3,239853
-1,589722	10,383636	3,916214
-1,432907	10,420746	4,387863
-1,279678	10,423141	4,744598
-1,108490	10,406387	4,979233
-0,888214	10,352509	5,128876
-0,630844	10,253159	5,235413
-0,440506	10,160980	5,140839
-0,337555	10,081970	4,942123
-0,284882	9,990982	4,760162
-0,270523	9,926346	4,517151
-0,260941	9,840149	4,299286
-0,365082	9,738403	4,094574
-0,667953	9,660583	3,904236
-1,012726	9,582779	3,798889
-1,346710	9,524124	3,783325
-1,516693	9,489410	4,020355
-1,448471	9,488205	4,311249
-1,374237	9,525314	4,440536
-1,310791	9,606720	4,471664
-1,164749	9,579178	4,368713
-0,982788	9,548065	4,216675
-0,882233	9,563629	4,045502
-0,762527	9,516937	3,707916
-0,695496	9,470245	3,309280
-0,723022	9,482224	2,814880
-0,702667	9,467850	2,480881
-0,663162	9,440323	2,288147
-0,717041	9,413986	2,174423
-0,811600	9,334976	2,027191
-0,937302	9,266739	1,969727
-1,136017	9,182938	2,110977
-1,240173	9,087173	2,523987
-1,329956	9,021332	3,005219
-1,454453	8,942322	3,451736
-1,553802	8,914795	3,855164
-1,599304	8,906418	4,173584
-1,680710	8,931549	4,390259
-1,588531	8,968658	4,593765
-1,237778	8,926758	4,732635
-0,727814	8,929153	4,687149
-0,472824	9,011765	4,359131
-0,401001	9,102737	3,850372
-0,327972	9,185333	3,281738
-0,228622	9,191330	2,817276
-0,189117	9,184143	2,459335
-0,184326	9,143448	2,179214
-0,193909	9,109924	2,022400
-0,254959	9,118301	1,911072
-0,435715	9,139847	1,720734
-0,616486	9,123093	1,611786
-0,790054	9,085983	1,617783
-1,007935	9,054855	1,686005
-1,200668	8,973450	1,888321
-1,399384	8,888458	2,197174
-1,557404	8,821426	2,595810
-1,560989	8,793884	3,139297
-1,517899	8,775925	3,522369
-1,437698	8,811844	3,694748
-1,335938	8,859726	3,692352
-1,223404	8,923172	3,613342
-1,045044	8,937546	3,615738
-0,913361	8,965073	3,723480
-0,904984	8,978241	3,813263
-0,982788	8,987823	3,778549
-1,057007	8,986618	3,673203
-1,132431	8,965073	3,589401
-1,234177	8,984222	3,430191
-1,343124	8,990219	3,231461
-1,461639	9,021332	2,972900
-1,544235	8,944717	2,770584
-1,636414	8,862122	2,503632
-1,751328	8,830994	2,294144
-1,781265	8,833389	2,338425
-1,780060	8,862122	2,515594
-1,715424	8,896835	2,781357
-1,471207	8,902817	3,065063
-1,225800	8,914795	3,300903
-0,956451	8,963882	3,499619
-0,727814	9,068024	3,579819
-0,576981	9,160202	3,577423
-0,495575	9,227234	3,492432
-0,417755	9,289490	3,279358
-0,493179	9,288284	3,059082
-0,599716	9,215271	2,970505
-0,755341	9,164993	2,996841
-0,987579	9,121887	3,100983
-1,139618	9,093155	3,255417
-1,262909	9,030914	3,411026
-1,310791	8,986618	3,475677
-1,358688	8,955490	3,419418
-1,418533	8,951904	3,267380
-1,430511	8,937546	3,227875
-1,496353	8,877686	3,226685
-1,681900	8,888458	3,151260
-1,837524	8,886063	3,141678
-1,918930	8,871704	3,184784
-1,975189	8,910004	3,239853
-1,984772	8,942322	3,387085
-1,868652	8,980637	3,509201
-1,575363	8,983032	3,584610
-1,338333	9,021332	3,535538
-1,158768	9,062042	3,408646
-1,022293	9,099152	3,298508
-0,927719	9,102737	3,152466
-0,834351	9,057251	3,018387
-0,750549	9,014160	3,023178
-0,670349	9,022537	3,021973
-0,654785	9,046478	2,972900
-0,775696	9,068024	2,817276
-0,952866	9,068024	2,713120
-1,096512	9,041687	2,761002
-1,197067	8,983032	2,898666
-1,291641	8,901627	2,976486
-1,432907	8,877686	2,956131
-1,563385	8,929153	2,903458
-1,723801	8,935150	2,921417
-1,805206	8,979431	3,026764
-1,769287	8,987823	3,140488
-1,656754	8,927963	3,339203
-1,477188	8,938736	3,575043
-1,317978	8,944717	3,771362
-1,212631	8,990219	3,751007
-1,182709	9,020142	3,655243
-1,207840	9,040497	3,541519
-1,238968	8,985428	3,502014
-1,246155	8,989014	3,446945
-1,200668	8,935150	3,414627
-1,180313	8,901627	3,264984
-1,120453	8,887268	3,136902
-1,122849	8,882477	2,928604
-1,174332	8,881271	2,782547
-1,216232	8,866913	2,684387
-1,238968	8,851349	2,597000
-1,243759	8,821426	2,568268
-1,301224	8,863312	2,629318
-1,377838	8,914795	2,701157
-1,447266	8,971054	2,788544
-1,507126	9,015350	2,891495
-1,483185	9,026123	3,039932
-1,430511	9,039291	3,181183
-1,391006	9,065628	3,341599
-1,334747	9,126678	3,437363
-1,185104	9,118301	3,536728
-1,051025	9,129074	3,576233
-0,960052	9,132660	3,546310
-0,951675	9,144638	3,485260
-0,970825	9,120697	3,455322
-0,991165	9,056046	3,456528
-0,982788	8,983032	3,423004
-0,934906	8,957886	3,391876
-0,904984	8,890854	3,294907
-1,003143	8,954300	3,063873
-1,213837	8,984222	2,830444
-1,408966	8,980637	2,734665
-1,568176	8,939926	2,761002
-1,691483	8,900436	2,911835
-1,744156	8,912399	3,115341
-1,685486	8,949509	3,254211
-1,592117	8,987823	3,413422
-1,392197	9,005768	3,579819
-1,161163	9,027328	3,610947
-0,956451	9,069214	3,571442
-0,790054	9,157806	3,560669
-0,635635	9,209274	3,456528
-0,562607	9,193726	3,299698
-0,548248	9,178162	3,115341
-0,622467	9,150620	2,971695
-0,746964	9,113510	2,862762
-0,864273	9,115906	2,878326
-0,922943	9,054855	2,945358
-0,919342	8,974655	3,086624
-0,877441	8,914795	3,093796
-0,955261	8,954300	3,108170
-1,083344	8,953094	3,085419
-1,180313	8,921982	3,096191
-1,294037	8,882477	3,127319
-1,430511	8,790298	3,299698
-1,553802	8,807053	3,409836
-1,674713	8,813034	3,470886
-1,690277	8,871704	3,530746
-1,697464	8,910004	3,513977
-1,604095	8,948318	3,551086
-1,393402	8,967468	3,624115
-1,171936	8,950714	3,677979
-0,951675	8,992599	3,682770
-0,817596	9,039291	3,649261
-0,744568	9,059647	3,511581
-0,746964	9,066833	3,365540
-0,738586	9,038101	3,281738
-0,690704	8,981827	3,256607
-0,687103	8,948318	3,327240
-0,767319	8,926758	3,330826
-0,936111	8,943527	3,256607
-1,046234	8,850143	3,183578
-1,209045	8,803467	3,150070
-1,361084	8,778320	3,241043
-1,496353	8,754379	3,437363
-1,560989	8,773529	3,565460
-1,562195	8,754379	3,703125
-1,575363	8,781921	3,767761
-1,545425	8,833389	3,845581
-1,441284	8,890854	3,798889
-1,359879	8,917191	3,671997
-1,267700	8,975845	3,615738
-1,106094	8,996201	3,545105
-0,951675	9,000992	3,494827
-0,836746	9,041687	3,405045
-0,750549	9,044083	3,296112
-0,739777	9,046478	3,140488
-0,790054	9,033310	2,933395
-0,859497	9,011765	2,859161
-0,912170	9,012955	2,829239
-1,012726	8,966263	2,878326
-1,106094	8,938736	2,910645
-1,175522	8,907608	2,948944
-1,227005	8,854935	3,012405
-1,278473	8,820221	3,089020
-1,297623	8,807053	3,220688
-1,329956	8,815430	3,361954
-1,313187	8,828598	3,481659
-1,291641	8,839371	3,633698
-1,248550	8,845367	3,752213
-1,175522	8,860931	3,867126
-1,071381	8,882477	3,899445
-0,948074	8,895645	3,810867
-0,883438	8,893250	3,692352
-0,846329	8,912399	3,505600
-0,813995	8,960281	3,412231
-0,818787	8,990219	3,425400
-0,864273	8,984222	3,359558
-0,956451	8,978241	3,347580
-1,058212	8,953094	3,298508
-1,163559	8,914795	3,206329
-1,267700	8,900436	3,132111
-1,313187	8,921982	3,129715
-1,296432	8,880081	3,115341
-1,355087	8,853745	3,142883
-1,379028	8,813034	3,223083
-1,394592	8,826202	3,249420
-1,419739	8,835785	3,309280
-1,420929	8,842972	3,367935
-1,333542	8,829803	3,466095
-1,170731	8,828598	3,627701
-1,055817	8,899231	3,753403
-0,976807	8,941132	3,804886
-0,914551	8,962677	3,832413
-0,825974	8,929153	3,918610
-0,701477	8,887268	4,027542
-0,678726	8,913605	3,976059
-0,756546	8,914795	3,807266
-0,845123	8,942322	3,670807
-0,958847	8,948318	3,572647
-1,096512	8,935150	3,595383
-1,211441	8,893250	3,693542
-1,357483	8,877686	3,715103
-1,474808	8,844162	3,692352
-1,571762	8,823822	3,581024
-1,678314	8,866913	3,384689
-1,730988	8,884872	3,223083
-1,636414	8,880081	3,124924
-1,507126	8,884872	3,166824
-1,331146	8,907608	3,255417
-1,177917	8,915985	3,345184
-1,083344	8,944717	3,358353
-0,974411	8,997391	3,388290
-0,870270	9,041687	3,342804
-0,750549	9,059647	3,343994
-0,573380	9,039291	3,338013
-0,452484	9,004578	3,346390
-0,367477	9,034500	3,484055
-0,327972	9,069214	3,587006
-0,398605	9,038101	3,666016
-0,508743	8,971054	3,729462
-0,693100	8,956696	3,760590
-0,916946	8,936340	3,724670
-1,167145	8,889648	3,730652
-1,356293	8,859726	3,717484
-1,501144	8,828598	3,670807
-1,588531	8,820221	3,644470
-1,643585	8,801071	3,547501
-1,648376	8,756775	3,507996
-1,595703	8,701706	3,415817
-1,526276	8,695724	3,382309
-1,418533	8,698120	3,451736
-1,279678	8,719666	3,558273
-1,092926	8,756775	3,618134
-0,918152	8,821426	3,604965
-0,717041	8,853745	3,566650
-0,652390	8,924377	3,555878
-0,641617	8,969864	3,559479
-0,635635	8,985428	3,612152
-0,642822	8,985428	3,622925
-0,712250	8,971054	3,603760
-0,805618	8,979431	3,666016
-0,900192	8,984222	3,620529
-0,981598	8,983032	3,576233
-1,063004	8,948318	3,576233
-1,070175	8,912399	3,622925
-1,145599	8,857330	3,609756
-1,248550	8,828598	3,542709
-1,325165	8,822617	3,431381
-1,379028	8,825012	3,336807
-1,412552	8,870499	3,330826
-1,406570	8,901627	3,328430
-1,309601	8,889648	3,318863
-1,142014	8,895645	3,348785
-1,003143	8,945923	3,274567
-0,919342	8,933945	3,205124
-0,815201	8,977051	3,208725
-0,701477	9,009369	3,237457
-0,554230	9,012955	3,370331
-0,422546	8,985428	3,452927
-0,374664	8,992599	3,450531
-0,404587	8,991409	3,370331
-0,494370	9,015350	3,400253
-0,634430	8,997391	3,476868
-0,740982	8,956696	3,567856
-0,882233	8,915985	3,681580
-0,993561	8,875290	3,716293
-1,080948	8,827408	3,669601
-1,137222	8,822617	3,614532
-1,175522	8,798676	3,540314
-1,250946	8,774734	3,488846
-1,306015	8,796280	3,494827
-1,363464	8,792694	3,521164
-1,344315	8,787903	3,571442
-1,249741	8,793884	3,677979
-1,109680	8,805862	3,725876
-1,040253	8,827408	3,634888
-0,983994	8,907608	3,505600
-0,861893	8,929153	3,529541
-0,802032	8,943527	3,634888
-0,810410	8,933945	3,724670
-0,827164	8,906418	3,730652
-0,863083	8,906418	3,752213
-0,972015	8,862122	3,776154
-1,047440	8,845367	3,813263
-1,041443	8,807053	3,947327
-0,962448	8,742416	4,023941
-0,961243	8,723251	3,850372
-1,083344	8,792694	3,548706
-1,203064	8,819031	3,309280
-1,326355	8,779526	3,165634
-1,453247	8,783112	3,121338
-1,515503	8,789093	3,160843
-1,514313	8,808258	3,224289
-1,480789	8,841766	3,332031
-1,356293	8,858536	3,446945
-1,222214	8,854935	3,543915
-1,066589	8,845367	3,701935
-0,928925	8,886063	3,810867
-0,852310	8,912399	3,859940
-0,804428	8,943527	3,873108
-0,763718	8,942322	3,832413
-0,779282	8,927963	3,694748
-0,871460	8,917191	3,557083
-0,994766	8,935150	3,369141
-1,080948	8,906418	3,201538
-1,109680	8,912399	3,067459
-1,131226	8,899231	2,885498
-1,112076	8,863312	2,768188
-1,071381	8,820221	2,757416
-1,049835	8,813034	2,895081
-1,045044	8,797485	3,057892
-1,030670	8,795090	3,272171
-1,055817	8,781921	3,370331
-1,085739	8,821426	3,461304
-1,096512	8,834595	3,571442
-1,043839	8,852539	3,722275
-1,009125	8,908813	3,874313
-0,961243	8,927963	4,002396
-0,939697	8,933945	4,028732
-0,936111	8,953094	3,962891
-0,882233	8,975845	3,802490
-0,867874	8,953094	3,585815
-0,859497	8,972260	3,519974
-0,846329	8,979431	3,539124
-0,842728	8,938736	3,619324
-0,851105	8,923172	3,698334
-0,860687	8,902817	3,688766
-0,927719	8,881271	3,585815
-1,034271	8,844162	3,488846
-1,145599	8,853745	3,418213
-1,213837	8,848953	3,335617
-1,248550	8,793884	3,308075
-1,278473	8,777130	3,423004
-1,216232	8,797485	3,473282
-1,158768	8,813034	3,518768
-1,116867	8,857330	3,607361
-0,997162	8,888458	3,633698
-0,893005	8,965073	3,619324
-0,806824	8,984222	3,650452
-0,732605	8,998596	3,712708
-0,660767	8,975845	3,795303
-0,682327	9,005768	3,828827
-0,706268	8,972260	3,815659
-0,787659	8,986618	3,733047
-0,794846	8,997391	3,640869
-0,809219	8,984222	3,622925
-0,894211	8,918381	3,612152
-0,937302	8,898041	3,615738
-0,997162	8,878876	3,553482
-1,039062	8,835785	3,487640
-1,055817	8,810654	3,375122
-1,095322	8,754379	3,290131
-1,126450	8,793884	3,144073
-1,165955	8,832199	3,124924
-1,228195	8,858536	3,174011
-1,289246	8,864517	3,237457
-1,370651	8,869308	3,384689
-1,392197	8,847763	3,469696
-1,297623	8,832199	3,511581
-1,199463	8,827408	3,582214
-1,074966	8,833389	3,737839
-0,899002	8,838181	3,935364
-0,696686	8,830994	4,107742
-0,544647	8,833389	4,107742
-0,523102	8,877686	3,864731
-0,559021	8,929153	3,671997
-0,655991	8,936340	3,573837
-0,798431	8,923172	3,481659
-0,960052	8,866913	3,519974
-1,116867	8,841766	3,500809
-1,207840	8,846558	3,510391
-1,301224	8,825012	3,553482
-1,335938	8,816635	3,601364
-1,367065	8,771149	3,651657
-1,355087	8,781921	3,578629
-1,323959	8,783112	3,627701
-1,253342	8,791489	3,646866
-1,193481	8,808258	3,616928
-1,080948	8,838181	3,592987
-0,974411	8,832199	3,537918
-0,888214	8,870499	3,393082
-0,837936	8,871704	3,257797
-0,729004	8,906418	3,169220
-0,697876	8,937546	3,189575
-0,715836	8,936340	3,223083
-0,725418	8,957886	3,233856
-0,746964	8,963882	3,269775
-0,842728	8,941132	3,351181
-0,890610	8,890854	3,475677
-0,949280	8,846558	3,631302
-0,998352	8,804657	3,745026
-1,029480	8,779526	3,798889
-1,066589	8,787903	3,852768
-1,179123	8,767548	3,813263
-1,259323	8,771149	3,778549
-1,272491	8,744812	3,814453
-1,308411	8,750793	3,839600
-1,315582	8,835785	3,847977
-1,258133	8,872894	3,885086
-1,124054	8,893250	3,947327
-1,009125	8,911209	3,907822
-0,877441	8,923172	3,851562
-0,758942	8,966263	3,786926
-0,713440	8,969864	3,782135
-0,715836	8,990219	3,709106
-0,708664	9,034500	3,539124
-0,669159	9,003387	3,440964
-0,696686	8,959091	3,353577
-0,711044	8,966263	3,261398
-0,793655	8,953094	3,217102
-0,889420	8,924377	3,197952
-0,998352	8,905212	3,172806
-1,088135	8,878876	3,302094
-1,122849	8,841766	3,423004
-1,183899	8,820221	3,515182
-1,216232	8,774734	3,655243
-1,262909	8,757980	3,692352
-1,358688	8,749588	3,712708
-1,430511	8,775925	3,747421
-1,477188	8,785507	3,792908
-1,468811	8,798676	3,767761
-1,349106	8,792694	3,768967
-1,212631	8,796280	3,731857
-1,098907	8,808258	3,685165
-0,955261	8,872894	3,670807
-0,831955	8,865707	3,634888
-0,681122	8,886063	3,546310
-0,555420	8,865707	3,481659
-0,484802	8,866913	3,466095
-0,497971	8,875290	3,522369
-0,591339	8,870499	3,558273
-0,731400	8,892044	3,591797
-0,836746	8,848953	3,637283
-0,918152	8,836990	3,753403
-0,995956	8,856140	3,843185
-1,079758	8,848953	3,869522
-1,165955	8,846558	3,858749
-1,198273	8,829803	3,826431
-1,246155	8,838181	3,731857
-1,266510	8,839371	3,625320
-1,255737	8,865707	3,506805
-1,201859	8,890854	3,413422
-1,100113	8,878876	3,330826
-1,030670	8,886063	3,280548
-0,939697	8,881271	3,241043
-0,858292	8,910004	3,219498
-0,755341	8,967468	3,297302
-0,629654	8,990219	3,320053
-0,575775	8,999786	3,418213
-0,544647	8,977051	3,536728
-0,499161	8,949509	3,587006
-0,565002	8,961487	3,643265
-0,652390	8,966263	3,670807
-0,745773	8,942322	3,626511
-0,870270	8,908813	3,573837
-0,982788	8,874100	3,527145
-1,121658	8,859726	3,407440
-1,193481	8,798676	3,383499
-1,216232	8,784317	3,451736
-1,249741	8,779526	3,521164
-1,310791	8,774734	3,608551
-1,339523	8,761566	3,656433
-1,362274	8,728043	3,685165
-1,346710	8,724457	3,704315
-1,297623	8,746002	3,755798
-1,182709	8,755585	3,824036
-1,084549	8,748398	3,780930
-0,964828	8,755585	3,752213
-0,922943	8,765152	3,666016
-0,909775	8,773529	3,584610
-0,910965	8,834595	3,573837
-0,875061	8,816635	3,637283
-0,791260	8,832199	3,638489
-0,786469	8,813034	3,590591
-0,884628	8,830994	3,467300
-0,977997	8,886063	3,375122
-1,037857	8,859726	3,452927
-1,079758	8,841766	3,612152
-1,072571	8,827408	3,734253
-1,053421	8,779526	3,806076
-1,065399	8,826202	3,806076
-1,068985	8,878876	3,834808
-1,076172	8,884872	3,918610
-1,051025	8,857330	3,942551
-1,012726	8,883667	3,901840
-0,957657	8,915985	3,779739
-0,913361	8,925568	3,582214
-0,864273	8,918381	3,250626
-0,848724	8,935150	3,026764
-0,819992	8,971054	3,097397
-0,746964	8,927963	3,281738
-0,757736	8,951904	3,466095
-0,804428	8,914795	3,588196
-0,885834	8,902817	3,624115
-1,004333	8,863312	3,646866
-1,068985	8,833389	3,694748
-1,118073	8,790298	3,746216
-1,098907	8,767548	3,804886
-1,104904	8,763962	3,777344
-1,110886	8,743607	3,749817
-1,195877	8,762756	3,643265
-1,219818	8,756775	3,588196
-1,179123	8,753189	3,655243
-1,094116	8,787903	3,728271
-0,955261	8,810654	3,815659
-0,853500	8,832199	3,943741
-0,729004	8,853745	4,075424
-0,696686	8,888458	4,061066
-0,688309	8,920776	3,965286
-0,694290	8,935150	3,888672
-0,706268	8,888458	3,812057
-0,705063	8,884872	3,749817
-0,700272	8,906418	3,670807
-0,768509	8,881271	3,555878
-0,876251	8,864517	3,516373
-0,932510	8,874100	3,559479
-1,001953	8,832199	3,516373
-1,125244	8,838181	3,535538
-1,145599	8,779526	3,620529
-1,139618	8,754379	3,675598
-1,212631	8,784317	3,724670
-1,235382	8,787903	3,779739
-1,179123	8,829803	3,847977
-1,095322	8,846558	3,832413
-0,952866	8,859726	3,727066
-0,782883	8,898041	3,575043
-0,658371	8,904022	3,369141
-0,624863	8,926758	3,317657
-0,632050	8,948318	3,266190
-0,664368	8,918381	3,207520
-0,719437	8,904022	3,190765
-0,842728	8,887268	3,160843
-0,951675	8,869308	3,270966
-1,017502	8,833389	3,434967
-1,137222	8,766357	3,565460
-1,223404	8,760376	3,736649
-1,289246	8,710083	3,901840
-1,382629	8,627487	4,009583
-1,468811	8,593979	4,055069
-1,526276	8,598755	4,077820
-1,528671	8,651428	4,141266
-1,479584	8,671783	4,141266
-1,379028	8,668198	4,141266
-1,206650	8,696915	4,177170
-1,091736	8,700516	4,104156
-0,976807	8,731644	4,041901
-0,834351	8,791489	3,886276
-0,757736	8,827408	3,740234
-0,694290	8,823822	3,645660
-0,647598	8,853745	3,571442
-0,718231	8,886063	3,555878
-0,841537	8,912399	3,590591
-0,891815	8,874100	3,610947
-0,998352	8,875290	3,633698
-1,057007	8,823822	3,692352
-1,119263	8,828598	3,782135
-1,181519	8,821426	3,869522
-1,224609	8,798676	3,898254
-1,277283	8,810654	3,923386
-1,332352	8,817825	3,920990
-1,356293	8,816635	3,845581
-1,285660	8,846558	3,827621
-1,213837	8,869308	3,796494
-1,080948	8,886063	3,695938
-0,969620	8,921982	3,576233
-0,808014	8,906418	3,531937
-0,581757	8,899231	3,470886
-0,456070	8,925568	3,388290
-0,401001	8,943527	3,255417
-0,395020	8,972260	3,171616
-0,438110	8,935150	3,215912
-0,520706	8,904022	3,298508
-0,655991	8,887268	3,341599
-0,798431	8,868103	3,462509
-0,973221	8,834595	3,539124
-1,103699	8,798676	3,624115
-1,197067	8,753189	3,741440
-1,266510	8,736420	3,899445
-1,307205	8,707703	3,986832
-1,309601	8,684952	3,925781
-1,356293	8,665802	3,828827
-1,401779	8,639465	3,788116
-1,400574	8,663406	3,879105
-1,347916	8,695724	3,977264
-1,276077	8,723251	4,017960
-1,223404	8,734039	4,004791
-1,156372	8,771149	3,901840
-1,072571	8,792694	3,756989
-0,916946	8,803467	3,581024
-0,744568	8,790298	3,487640
-0,614090	8,851349	3,423004
-0,521912	8,876480	3,413422
-0,480011	8,880081	3,445755
-0,512329	8,870499	3,439758
-0,592545	8,838181	3,463699
-0,701477	8,833389	3,468491
-0,831955	8,815430	3,549896
-0,968430	8,783112	3,693542
-1,074966	8,777130	3,843185
-1,204254	8,768753	3,935364
-1,297623	8,738815	4,056274
-1,325165	8,701706	4,196335
-1,410156	8,738815	4,252594
-1,441284	8,783112	4,209503
-1,458038	8,798676	4,183167
-1,396988	8,795090	4,102951
-1,310791	8,834595	3,980850
-1,216232	8,841766	3,816849
-1,091736	8,834595	3,663620
-0,989975	8,878876	3,472092
-0,843933	8,877686	3,275757
-0,694290	8,889648	3,097397
-0,585358	8,926758	3,030350
-0,532684	8,902817	3,051895
-0,526703	8,893250	3,152466
-0,588943	8,893250	3,360748
-0,701477	8,895645	3,560669
-0,829559	8,871704	3,734253
-0,948074	8,851349	3,925781
-1,094116	8,801071	4,032333
-1,246155	8,801071	4,120911
-1,332352	8,744812	4,183167
-1,349106	8,723251	4,195129
-1,357483	8,699310	4,167603
-1,375443	8,666992	4,110138
-1,400574	8,671783	4,065842
-1,357483	8,689743	4,057465
-1,303619	8,696915	4,013168
-1,205460	8,693329	3,913818
-1,077362	8,713684	3,797699
-0,970825	8,743607	3,718689
-0,846329	8,773529	3,701935
-0,729004	8,852539	3,727066
-0,630844	8,856140	3,710312
-0,548248	8,834595	3,619324
-0,509933	8,848953	3,558273
-0,549438	8,882477	3,590591
-0,617676	8,878876	3,626511
-0,713440	8,898041	3,673203
-0,817596	8,902817	3,779739
-0,925339	8,882477	3,871918
-0,991165	8,815430	3,958115
-1,052231	8,829803	4,053879
-1,161163	8,833389	4,080215
-1,261719	8,807053	4,104156
-1,274887	8,810654	4,032333
-1,249741	8,844162	3,940155
-1,231796	8,850143	3,852768
-1,173126	8,866913	3,808472
-1,096512	8,869308	3,683975
-1,016312	8,878876	3,548706
-0,960052	8,878876	3,480469
-0,899002	8,886063	3,393082
-0,774490	8,882477	3,397858
-0,685913	8,911209	3,382309
-0,665558	8,912399	3,369141
-0,653595	8,862122	3,377518
-0,655991	8,836990	3,407440
-0,731400	8,830994	3,524750
-0,857101	8,803467	3,688766
-0,946884	8,774734	3,821640
-1,037857	8,728043	3,919800
-1,107285	8,702911	3,997604
-1,162354	8,666992	4,019165
-1,230591	8,644257	4,043106
-1,271301	8,635864	4,029938
-1,296432	8,652634	3,966492
-1,290451	8,683746	3,940155
-1,264114	8,712479	3,932968
-1,193481	8,753189	3,850372
-1,091736	8,760376	3,802490
-0,954056	8,778320	3,779739
-0,854706	8,846558	3,712708
-0,784073	8,864517	3,640869
-0,719437	8,889648	3,648056
-0,713440	8,880081	3,560669
-0,675140	8,882477	3,559479
-0,695496	8,906418	3,475677
-0,732605	8,921982	3,419418
-0,805618	8,907608	3,390686
-0,840332	8,857330	3,390686
-0,895401	8,822617	3,383499
-0,954056	8,827408	3,407440
-1,003143	8,785507	3,460114
-1,080948	8,786697	3,597778
-1,146790	8,761566	3,718689
-1,206650	8,726852	3,844376
-1,278473	8,712479	3,917404
-1,304810	8,716080	3,985641
-1,320374	8,746002	4,056274
-1,298828	8,778320	4,114929
-1,249741	8,796280	4,138870
-1,155182	8,796280	4,174789
-1,035461	8,811844	4,128098
-0,962448	8,854935	4,027542
-0,884628	8,902817	4,000000
-0,772110	8,901627	3,948532
-0,647598	8,915985	3,856354
-0,604507	8,912399	3,782135
-0,582962	8,893250	3,655243
-0,604507	8,866913	3,571442
-0,664368	8,845367	3,534332
-0,740982	8,835785	3,592987
-0,835556	8,817825	3,607361
-0,951675	8,799866	3,584610
-1,097717	8,781921	3,662430
-1,216232	8,765152	3,694748
-1,290451	8,731644	3,683975
-1,361084	8,726852	3,651657
-1,346710	8,743607	3,676788
-1,332352	8,786697	3,751007
-1,241364	8,807053	3,791718
-1,077362	8,845367	3,801285
-0,906174	8,817825	3,685165
-0,775696	8,870499	3,543915
-0,665558	8,929153	3,375122
-0,590149	8,939926	3,282944
-0,549438	8,930359	3,217102
-0,542267	8,911209	3,213516
-0,548248	8,907608	3,203934
-0,576981	8,884872	3,306885
-0,646408	8,889648	3,472092
-0,745773	8,838181	3,507996
-0,813995	8,804657	3,600174
-0,890610	8,804657	3,808472
-1,018707	8,731644	3,923386
-1,149185	8,681366	4,001205
-1,221008	8,659805	4,120911
-1,282074	8,637070	4,186752
-1,353897	8,640656	4,266953
-1,419739	8,647842	4,272949
-1,426910	8,690933	4,190338
-1,340729	8,672974	4,093384
-1,238968	8,694534	3,959305
-1,095322	8,701706	3,846771
-0,964828	8,704102	3,792908
-0,837936	8,784317	3,709106
-0,732605	8,807053	3,546310
-0,665558	8,846558	3,384689
-0,663162	8,852539	3,239853
-0,672745	8,841766	3,201538
-0,711044	8,853745	3,183578
-0,787659	8,822617	3,232666
-0,822388	8,789093	3,288925
-0,921738	8,768753	3,402649
-0,987579	8,753189	3,484055
-1,076172	8,744812	3,570251
-1,120453	8,717270	3,673203
-1,195877	8,688538	3,780930
-1,240173	8,671783	3,983246
-1,231796	8,689743	4,146057
-1,228195	8,751984	4,318436
-1,159958	8,783112	4,345963
-1,043839	8,772339	4,439346
-0,928925	8,810654	4,410614
-0,836746	8,832199	4,323227
-0,782883	8,834595	4,219070
-0,736191	8,884872	4,087387
-0,715836	8,915985	3,903046
-0,707458	8,924377	3,705521
-0,709854	8,947113	3,534332
-0,737381	9,002182	3,417023
-0,760132	8,980637	3,312866
-0,796051	8,939926	3,251816
-0,854706	8,892044	3,264984
-0,936111	8,874100	3,188370
-0,954056	8,872894	3,205124
-0,976807	8,838181	3,309280
-1,006729	8,784317	3,452927
-1,040253	8,759171	3,671997
-1,079758	8,750793	3,892273
-1,071381	8,728043	4,047897
-1,040253	8,730438	4,204712
-1,006729	8,759171	4,318436
-0,910965	8,765152	4,442932
-0,834351	8,785507	4,535110
-0,755341	8,829803	4,452515
-0,693100	8,872894	4,292099
-0,624863	8,908813	4,028732
-0,513535	8,846558	3,596588
-0,506348	8,816635	3,445755
-0,520706	8,829803	3,601364
-0,536270	8,845367	3,831207
-0,586548	8,852539	4,074219
-0,707458	8,844162	4,108948
-0,885834	8,789093	3,956909
-1,067780	8,748398	3,863541
-1,191086	8,713684	3,807266
-1,310791	8,713684	3,815659
-1,371857	8,718475	3,893463
-1,353897	8,702911	3,915009
-1,309601	8,704102	3,853958
-1,268906	8,741211	3,785721
-1,146790	8,722061	3,742630
-0,989975	8,759171	3,705521
-0,809219	8,790298	3,688766
-0,624863	8,825012	3,658829
-0,481201	8,836990	3,691147
-0,393814	8,880081	3,711502
-0,362701	8,899231	3,639679
-0,374664	8,889648	3,547501
-0,448883	8,882477	3,558273
-0,493179	8,834595	3,614532
-0,616486	8,829803	3,745026
-0,720627	8,814240	3,837204
-0,819992	8,786697	3,912613
-0,979202	8,759171	3,901840
-1,096512	8,726852	3,911423
-1,152786	8,663406	3,858749
-1,193481	8,655029	3,797699
-1,270096	8,700516	3,701935
-1,300018	8,700516	3,718689
-1,271301	8,683746	3,638489
-1,195877	8,750793	3,594193
-1,082153	8,778320	3,554688
-0,957657	8,814240	3,507996
-0,800827	8,803467	3,414627
-0,653595	8,839371	3,375122
-0,538666	8,881271	3,381104
-0,462051	8,875290	3,385895
-0,396210	8,880081	3,409836
-0,377060	8,866913	3,484055
-0,408188	8,872894	3,572647
-0,458466	8,823822	3,670807
-0,531479	8,791489	3,761780
-0,626053	8,796280	3,777344
-0,745773	8,761566	3,831207
-0,849915	8,743607	3,913818
-0,972015	8,708893	3,950928
-1,055817	8,726852	4,008392
-1,146790	8,698120	4,014374
-1,240173	8,706497	4,020355
-1,307205	8,740021	4,044296
-1,290451	8,750793	3,977264
-1,282074	8,773529	3,929382
-1,188690	8,771149	3,883881
-1,094116	8,807053	3,831207
-0,989975	8,836990	3,807266
-0,796051	8,856140	3,801285
-0,611694	8,876480	3,751007
-0,472824	8,888458	3,624115
-0,417755	8,901627	3,553482
-0,403397	8,915985	3,515182
-0,414169	8,945923	3,503204
-0,426147	8,890854	3,352371
-0,541061	8,791489	3,449341
-0,632050	8,805862	3,716293
-0,693100	8,830994	4,003601
-0,819992	8,826202	4,162811
-0,955261	8,763962	4,278931
-1,103699	8,737625	4,294495
-1,174332	8,690933	4,308853
-1,254532	8,683746	4,354355
-1,291641	8,671783	4,367523
-1,222214	8,658615	4,316040
-1,126450	8,711288	4,330399
-1,068985	8,747208	4,366318
-0,962448	8,759171	4,319626
-0,827164	8,728043	4,166397
-0,684708	8,746002	3,970078
-0,629654	8,757980	3,834808
-0,547043	8,793884	3,755798
-0,551834	8,803467	3,688766
-0,616486	8,778320	3,636093
-0,644012	8,765152	3,589401
-0,762527	8,755585	3,537918
-0,893005	8,728043	3,530746
-0,987579	8,725647	3,448135
-1,001953	8,713684	3,442154
-1,016312	8,712479	3,528351
-1,074966	8,705307	3,571442
-1,127640	8,734039	3,636093
-1,158768	8,719666	3,707916
-1,165955	8,792694	3,853958
-1,120453	8,815430	3,948532
-1,009125	8,814240	4,008392
-0,891815	8,821426	4,034729
-0,785278	8,808258	3,943741
-0,699081	8,842972	3,874313
-0,681122	8,827408	3,830017
-0,608093	8,847763	3,755798
-0,584152	8,833389	3,655243
-0,574585	8,858536	3,561874
-0,660767	8,832199	3,499619
-0,756546	8,797485	3,521164
-0,836746	8,783112	3,630096
-0,854706	8,756775	3,719879
-0,903778	8,706497	3,754593
-0,970825	8,689743	3,785721
-1,022293	8,708893	3,813263
-1,051025	8,698120	3,894669
-1,092926	8,700516	3,972473
-1,079758	8,713684	4,022751
-1,070175	8,689743	4,011978
-1,051025	8,718475	4,037109
-0,997162	8,766357	3,994019
-0,922943	8,762756	3,889877
-0,855896	8,787903	3,804886
-0,768509	8,814240	3,752213
-0,757736	8,862122	3,739044
-0,778091	8,853745	3,798889
-0,803223	8,826202	3,814453
-0,805618	8,828598	3,770157
-0,829559	8,780716	3,740234
-0,883438	8,803467	3,751007
-0,926529	8,783112	3,731857
-1,000748	8,742416	3,725876
-1,036667	8,716080	3,675598
-1,119263	8,711288	3,686371
-1,144394	8,681366	3,710312
-1,167145	8,688538	3,770157
-1,155182	8,676575	3,868332
-1,142014	8,652634	3,955719
-1,137222	8,684952	4,011978
-1,071381	8,688538	4,064651
-0,986389	8,731644	4,087387
-0,920547	8,796280	4,087387
-0,822388	8,836990	4,008392
-0,754150	8,866913	3,879105
-0,664368	8,870499	3,801285
-0,620071	8,876480	3,803680
-0,617676	8,851349	3,765381
-0,682327	8,833389	3,698334
-0,745773	8,851349	3,677979
-0,811600	8,845367	3,625320
-0,882233	8,809448	3,600174
-0,930115	8,789093	3,642075
-1,034271	8,779526	3,666016
-1,054611	8,734039	3,774948
-1,048630	8,698120	3,876709
-1,039062	8,686142	3,966492
-1,085739	8,695724	4,007187
-1,163559	8,682556	3,996414
-1,222214	8,651428	4,031128
-1,266510	8,639465	4,059860
-1,259323	8,674179	4,023941
-1,176727	8,710083	3,984451
-1,009125	8,708893	3,925781
-0,837936	8,736420	3,876709
-0,738586	8,766357	3,771362
-0,658371	8,797485	3,709106
-0,622467	8,801071	3,654037
-0,605713	8,777130	3,743820
-0,630844	8,840576	3,834808
-0,684708	8,827408	3,891068
-0,742172	8,823822	3,851562
-0,825974	8,795090	3,771362
-0,884628	8,775925	3,715103
-0,933716	8,759171	3,676788
-0,966034	8,701706	3,613342
-1,018707	8,741211	3,564255
-1,043839	8,710083	3,598984
-1,040253	8,701706	3,693542
-1,049835	8,678970	3,742630
-1,065399	8,686142	3,807266
-1,088135	8,722061	3,925781
-1,049835	8,749588	3,966492
-0,972015	8,772339	4,052673
-0,835556	8,786697	4,111343
-0,743378	8,822617	4,090988
-0,653595	8,850143	3,988037
-0,579376	8,894440	3,903046
-0,493179	8,911209	3,797699
-0,441696	8,945923	3,712708
-0,402191	8,925568	3,664825
-0,435715	8,908813	3,626511
-0,465652	8,894440	3,602570
-0,555420	8,876480	3,608551
-0,676331	8,858536	3,636093
-0,766113	8,810654	3,715103
-0,870270	8,804657	3,747421
-0,938507	8,759171	3,791718
-0,985184	8,704102	3,881500
-1,010330	8,670593	3,944946
-1,066589	8,640656	4,068237
-1,071381	8,616714	4,174789
-1,041443	8,637070	4,216675
-1,023499	8,631088	4,345963
-0,980392	8,621506	4,430969
-0,955261	8,659805	4,439346
-0,881042	8,692139	4,393845
-0,822388	8,743607	4,332794
-0,809219	8,822617	4,258575
-0,761322	8,802261	4,167603
-0,757736	8,805862	4,035919
-0,729004	8,819031	3,922195
-0,717041	8,841766	3,821640
-0,732605	8,844162	3,765381
-0,792450	8,868103	3,728271
-0,815201	8,845367	3,628906
-0,853500	8,785507	3,578629
-0,900192	8,772339	3,521164
-0,981598	8,804657	3,527145
-1,057007	8,791489	3,577423
-1,126450	8,775925	3,626511
-1,149185	8,754379	3,711502
-1,097717	8,708893	3,785721
-1,066589	8,717270	3,858749
-1,046234	8,735229	3,925781
-0,995956	8,735229	4,009583
-0,890610	8,722061	4,137680
-0,790054	8,751984	4,142456
-0,742172	8,756775	4,107742
-0,685913	8,773529	4,070633
-0,679932	8,738815	4,019165
-0,683517	8,757980	3,961700
-0,617676	8,778320	3,905441
-0,640427	8,780716	3,863541
-0,644012	8,805862	3,881500
-0,671539	8,798676	3,881500
-0,745773	8,756775	3,796494
-0,818787	8,743607	3,792908
-0,876251	8,684952	3,856354
-0,968430	8,729248	3,840790
-1,052231	8,689743	3,862335
-1,120453	8,680161	3,874313
-1,162354	8,647842	3,868332
-1,180313	8,625092	3,897049
-1,219818	8,584396	3,938950
-1,260513	8,649033	3,962891
-1,290451	8,638260	4,022751
-1,216232	8,623901	4,092178
-1,167145	8,674179	4,149643
-1,061798	8,699310	4,226257
-0,899002	8,688538	4,235840
-0,794846	8,753189	4,173584
-0,714645	8,762756	4,061066
-0,646408	8,787903	3,976059
-0,608093	8,792694	3,814453
-0,572189	8,815430	3,630096
-0,584152	8,836990	3,482864
-0,615280	8,847763	3,432587
-0,660767	8,828598	3,400253
-0,752945	8,826202	3,480469
-0,851105	8,819031	3,606155
-0,937302	8,802261	3,753403
-1,072571	8,769943	3,903046
-1,155182	8,730438	4,017960
-1,241364	8,690933	4,067047
-1,311996	8,683746	4,126892
-1,310791	8,695724	4,171188
-1,298828	8,693329	4,251404
-1,242569	8,700516	4,277740
-1,162354	8,736420	4,251404
-1,028290	8,765152	4,178375
-0,878647	8,756775	4,065842
-0,749359	8,777130	3,950928
-0,640427	8,815430	3,870712
-0,555420	8,827408	3,776154
-0,495575	8,819031	3,700729
-0,420151	8,839371	3,697144
-0,406982	8,876480	3,701935
-0,428528	8,845367	3,748611
-0,519516	8,810654	3,780930
-0,644012	8,783112	3,762985
-0,770905	8,777130	3,807266
-0,945679	8,747208	3,887482
-1,061798	8,716080	3,966492
-1,186295	8,674179	4,069443
-1,298828	8,682556	4,134079
-1,332352	8,635864	4,169998
-1,365860	8,665802	4,202316
-1,351501	8,677765	4,228653
-1,297623	8,684952	4,201126
-1,197067	8,731644	4,081406
-1,039062	8,724457	3,919800
-0,903778	8,716080	3,716293
-0,788864	8,762756	3,515182
-0,713440	8,784317	3,394272
-0,676331	8,809448	3,254211
-0,624863	8,802261	3,171616
-0,617676	8,801071	3,197952
-0,622467	8,778320	3,235062
-0,654785	8,748398	3,363144
-0,666763	8,757980	3,563065
-0,687103	8,729248	3,798889
-0,734985	8,686142	4,027542
-0,758942	8,700516	4,143661
-0,847519	8,659805	4,316040
-0,989975	8,657425	4,421387
-1,106094	8,641861	4,478851
-1,194687	8,626297	4,478851
-1,221008	8,657425	4,465683
-1,252136	8,705307	4,413010
-1,170731	8,720871	4,336395
-1,118073	8,701706	4,197525
-1,033066	8,741211	4,041901
-0,948074	8,768753	3,936554
-0,861893	8,783112	3,869522
-0,794846	8,811844	3,790512
-0,711044	8,816635	3,737839
-0,709854	8,823822	3,636093
-0,732605	8,809448	3,583420
-0,709854	8,787903	3,577423
-0,729004	8,809448	3,652847
-0,790054	8,784317	3,643265
-0,834351	8,755585	3,682770
-0,921738	8,730438	3,737839
-0,967224	8,710083	3,798889
-1,068985	8,698120	3,868332
-1,102509	8,699310	3,989227
-1,115677	8,689743	4,065842
-1,109680	8,646637	4,183167
-1,071381	8,657425	4,299286
-1,003143	8,708893	4,366318
-0,919342	8,719666	4,408218
-0,837936	8,716080	4,409409
-0,794846	8,677765	4,348358
-0,752945	8,735229	4,257385
-0,713440	8,737625	4,102951
-0,744568	8,743607	3,968887
-0,798431	8,724457	3,851562
-0,824768	8,747208	3,746216
-0,884628	8,750793	3,656433
-0,948074	8,747208	3,608551
-1,019897	8,751984	3,581024
-1,052231	8,735229	3,639679
-1,100113	8,714874	3,636093
-1,175522	8,665802	3,664825
-1,216232	8,665802	3,692352
-1,163559	8,635864	3,680374
-1,121658	8,665802	3,717484
-1,100113	8,664597	3,765381
-1,060608	8,684952	3,826431
-1,012726	8,712479	3,942551
-0,883438	8,743607	3,977264
-0,750549	8,787903	4,100555
-0,630844	8,785507	4,114929
-0,575775	8,801071	4,130493
-0,596130	8,833389	4,129288
-0,587753	8,851349	4,080215
-0,594925	8,852539	4,040710
-0,623657	8,854935	3,994019
-0,720627	8,832199	3,898254
-0,816391	8,754379	3,831207
-0,919342	8,771149	3,709106
-1,004333	8,769943	3,628906
-1,090530	8,702911	3,571442
-1,133621	8,652634	3,566650
-1,152786	8,646637	3,601364
-1,174332	8,635864	3,645660
-1,176727	8,611923	3,737839
-1,163559	8,592773	3,881500
-1,185104	8,633469	3,994019
-1,167145	8,663406	4,090988
-1,128845	8,719666	4,184357
-1,030670	8,740021	4,239426
-0,910965	8,761566	4,217880
-0,787659	8,774734	4,164001
-0,654785	8,823822	4,064651
-0,610489	8,841766	3,952118
-0,568588	8,875290	3,879105
-0,525497	8,857330	3,786926
-0,501556	8,852539	3,645660
-0,496765	8,834595	3,560669
-0,565002	8,830994	3,521164
-0,655991	8,786697	3,566650
-0,744568	8,819031	3,671997
-0,883438	8,793884	3,806076
-0,981598	8,724457	3,985641
-1,071381	8,684952	4,126892
-1,186295	8,665802	4,207108
-1,260513	8,634674	4,281326
-1,310791	8,680161	4,398636
-1,329956	8,705307	4,478851
-1,286850	8,683746	4,439346
-1,206650	8,726852	4,405823
-1,048630	8,722061	4,353149
-0,861893	8,738815	4,283722
-0,790054	8,784317	4,183167
-0,676331	8,797485	4,035919
-0,578171	8,767548	3,924591
-0,556625	8,784317	3,826431
-0,550644	8,793884	3,701935
-0,565002	8,777130	3,645660
-0,624863	8,791489	3,662430
-0,685913	8,792694	3,686371
-0,745773	8,784317	3,723480
-0,840332	8,712479	3,788116
-0,901382	8,704102	3,850372
-1,004333	8,725647	3,934158
-1,064194	8,746002	3,958115
-1,125244	8,741211	3,967682
-1,157562	8,757980	3,873108
-1,162354	8,744812	3,806076
-1,157562	8,747208	3,733047
-1,136017	8,755585	3,639679
-1,054611	8,740021	3,642075
-0,977997	8,762756	3,638489
-0,887024	8,757980	3,668411
-0,784073	8,786697	3,700729
-0,697876	8,787903	3,721085
-0,565002	8,761566	3,755798
-0,541061	8,748398	3,861145
-0,605713	8,750793	3,935364
-0,641617	8,743607	4,013168
-0,724213	8,728043	4,090988
-0,824768	8,729248	4,098175
-0,921738	8,722061	4,124512
-1,009125	8,707703	4,119720
-1,076172	8,705307	4,122116
-1,125244	8,704102	4,175980
-1,187500	8,712479	4,161621
-1,242569	8,652634	4,094574
-1,238968	8,657425	4,016769
-1,274887	8,664597	3,956909
-1,286850	8,724457	3,913818
-1,186295	8,766357	3,875504
-1,110886	8,772339	3,920990
-1,023499	8,762756	3,922195
-0,885834	8,749588	3,880295
-0,775696	8,763962	3,831207
-0,630844	8,802261	3,764175
-0,532684	8,793884	3,759384
-0,478806	8,823822	3,694748
-0,489594	8,827408	3,664825
-0,533875	8,819031	3,615738
-0,615280	8,757980	3,585815
-0,684708	8,756775	3,654037
-0,796051	8,729248	3,740234
-0,925339	8,728043	3,869522
-0,985184	8,719666	4,026337
-1,063004	8,681366	4,193939
-1,110886	8,634674	4,314850
-1,180313	8,659805	4,354355
-1,255737	8,713684	4,283722
-1,319183	8,692139	3,943741
-1,298828	8,670593	3,723480
-1,217422	8,683746	3,632492
-1,112076	8,725647	3,776154
-0,956451	8,791489	4,069443
-0,805618	8,816635	4,283722
-0,679932	8,807053	4,305267
-0,622467	8,791489	4,203506
-0,627258	8,789093	4,046692
-0,630844	8,781921	3,886276
-0,621262	8,783112	3,785721
-0,647598	8,820221	3,735443
-0,665558	8,803467	3,667206
-0,706268	8,763962	3,703125
-0,784073	8,742416	3,644470
-0,893005	8,729248	3,624115
-1,017502	8,713684	3,609756
-1,080948	8,695724	3,640869
-1,150391	8,690933	3,795303
-1,192291	8,653824	3,901840
-1,207840	8,638260	4,035919
-1,205460	8,628693	4,150833
-1,191086	8,656219	4,175980
-1,205460	8,684952	4,178375
-1,140808	8,669388	4,134079
-1,058212	8,690933	4,063446
-0,932510	8,746002	4,051483
-0,822388	8,766357	3,959305
-0,673935	8,774734	3,868332
-0,598526	8,804657	3,723480
-0,580566	8,792694	3,669601
-0,563812	8,773529	3,578629
-0,578171	8,839371	3,584610
-0,665558	8,798676	3,661224
-0,708664	8,777130	3,705521
-0,752945	8,769943	3,786926
-0,853500	8,734039	3,934158
-0,969620	8,717270	4,062256
-0,999557	8,689743	4,190338
-1,031876	8,668198	4,207108
-1,083344	8,651428	4,257385
-1,122849	8,646637	4,269348
-1,134827	8,669388	4,326813
-1,139618	8,690933	4,359131
-1,137222	8,711288	4,337585
-1,114471	8,748398	4,304077
-1,011520	8,756775	4,278931
-0,927719	8,768753	4,220276
-0,882233	8,799866	4,158020
-0,816391	8,796280	4,108948
-0,737381	8,830994	4,027542
-0,740982	8,859726	4,004791
-0,718231	8,868103	3,924591
-0,694290	8,829803	3,853958
-0,702667	8,781921	3,796494
-0,731400	8,787903	3,682770
-0,749359	8,754379	3,627701
-0,778091	8,766357	3,591797
-0,849915	8,744812	3,524750
-0,910965	8,713684	3,546310
-1,009125	8,686142	3,636093
-1,110886	8,700516	3,737839
-1,145599	8,728043	3,863541
-1,127640	8,740021	3,985641
-1,082153	8,759171	4,041901
-0,999557	8,766357	4,020355
-0,907379	8,784317	3,955719
-0,793655	8,815430	3,901840
-0,673935	8,807053	3,847977
-0,584152	8,790298	3,742630
-0,487198	8,791489	3,735443
-0,480011	8,760376	3,695938
-0,513535	8,744812	3,679184
-0,520706	8,766357	3,758194
-0,578171	8,756775	3,800095
-0,654785	8,724457	3,772552
-0,772110	8,713684	3,742630
-0,884628	8,704102	3,747421
-0,981598	8,707703	3,747421
-1,031876	8,695724	3,734253
-1,089340	8,658615	3,707916
-1,104904	8,632278	3,667206
-1,122849	8,625092	3,662430
-1,140808	8,639465	3,743820
-1,149185	8,680161	3,794098
-1,119263	8,695724	3,880295
-1,066589	8,707703	3,934158
-0,942093	8,743607	3,977264
-0,824768	8,763962	4,061066
-0,703873	8,767548	4,141266
-0,634430	8,828598	4,161621
-0,561417	8,802261	4,196335
-0,545853	8,783112	4,210693
-0,566208	8,787903	4,226257
-0,611694	8,827408	4,209503
-0,725418	8,821426	4,120911
-0,818787	8,811844	4,079010
-0,926529	8,790298	4,017960
-1,016312	8,714874	3,948532
-1,060608	8,686142	3,876709
-1,061798	8,676575	3,832413
-1,108490	8,658615	3,807266
-1,114471	8,635864	3,813263
-1,071381	8,621506	3,920990
-1,057007	8,631088	4,003601
-1,001953	8,668198	4,034729
-0,969620	8,689743	4,064651
-0,877441	8,702911	4,086197
-0,778091	8,707703	4,111343
-0,734985	8,768753	4,116119
-0,678726	8,778320	4,126892
-0,638031	8,783112	4,053879
-0,562607	8,813034	3,940155
-0,570984	8,832199	3,864731
-0,584152	8,814240	3,804886
-0,639221	8,848953	3,771362
-0,678726	8,869308	3,727066
-0,717041	8,859726	3,722275
-0,787659	8,811844	3,706711
-0,831955	8,796280	3,739044
-0,885834	8,757980	3,721085
-0,945679	8,748398	3,810867
-0,994766	8,734039	3,867126
-1,021103	8,729248	3,984451
-1,019897	8,731644	4,076614
-1,004333	8,750793	4,164001
-0,980392	8,768753	4,208298
-0,916946	8,773529	4,149643
-0,831955	8,753189	4,140060
-0,779282	8,779526	4,071838
-0,749359	8,786697	3,929382
-0,711044	8,827408	3,703125
-0,677536	8,832199	3,578629
-0,689499	8,810654	3,549896
-0,706268	8,803467	3,517578
-0,723022	8,769943	3,479263
-0,743378	8,761566	3,456528
-0,821182	8,730438	3,463699
-0,894211	8,740021	3,553482
-0,958847	8,661011	3,606155
-0,989975	8,626297	3,764175
-1,023499	8,633469	3,926987
-1,090530	8,580811	4,051483
-1,118073	8,584396	4,141266
-1,113281	8,603546	4,213089
-1,072571	8,603546	4,301682
-1,005539	8,615524	4,316040
-0,956451	8,650238	4,335190
-0,888214	8,663406	4,361526
-0,785278	8,732834	4,344772
-0,695496	8,726852	4,247803
-0,574585	8,751984	4,177170
-0,555420	8,783112	4,083801
-0,557816	8,822617	3,950928
-0,592545	8,820221	3,861145
-0,634430	8,832199	3,843185
-0,726608	8,799866	3,816849
-0,817596	8,781921	3,798889
-0,912170	8,799866	3,801285
-0,985184	8,767548	3,808472
-1,024689	8,735229	3,797699
-1,040253	8,713684	3,794098
-1,059402	8,728043	3,795303
-1,031876	8,734039	3,800095
-1,022293	8,735229	3,765381
-1,013916	8,755585	3,788116
-0,983994	8,763962	3,813263
-0,918152	8,732834	3,851562
-0,855896	8,780716	3,871918
-0,764923	8,815430	3,907822
-0,661972	8,798676	3,873108
-0,556625	8,821426	3,843185
-0,527893	8,801071	3,834808
-0,551834	8,786697	3,835999
-0,569794	8,804657	3,746216
-0,618881	8,783112	3,770157
-0,696686	8,766357	3,786926
-0,768509	8,738815	3,830017
-0,853500	8,719666	3,809662
-0,918152	8,699310	3,808472
-0,966034	8,687347	3,803680
-1,030670	8,669388	3,885086
-1,078568	8,656219	3,938950
-1,132431	8,649033	3,989227
-1,122849	8,625092	4,081406
-1,071381	8,649033	4,129288
-0,958847	8,645447	4,144852
-0,842728	8,695724	4,101761
-0,761322	8,678970	4,061066
-0,673935	8,700516	3,947327
-0,642822	8,762756	3,841995
-0,664368	8,756775	3,718689
-0,642822	8,757980	3,691147
-0,634430	8,786697	3,699539
-0,628448	8,781921	3,670807
-0,654785	8,755585	3,667206
-0,742172	8,746002	3,759384
-0,782883	8,734039	3,839600
-0,873856	8,700516	3,930573
-0,930115	8,714874	4,014374
-0,985184	8,707703	4,064651
-1,074966	8,704102	4,102951
-1,120453	8,675369	4,132889
-1,150391	8,634674	4,086197
-1,186295	8,631088	4,087387
-1,205460	8,646637	4,046692
-1,137222	8,641861	4,033524
-1,048630	8,683746	3,998810
-0,977997	8,686142	3,956909
-0,904984	8,719666	3,906631
-0,825974	8,743607	3,818054
-0,745773	8,772339	3,767761
-0,683517	8,822617	3,743820
-0,639221	8,851349	3,776154
-0,596130	8,853745	3,691147
-0,544647	8,834595	3,737839
-0,557816	8,858536	3,801285
-0,565002	8,890854	3,777344
-0,593735	8,896835	3,839600
-0,610489	8,872894	3,881500
-0,659576	8,854935	3,930573
-0,690704	8,810654	3,994019
-0,804428	8,756775	4,031128
-0,855896	8,711288	4,035919
-0,933716	8,706497	4,045502
-1,006729	8,661011	4,095779
-1,058212	8,657425	4,137680
-1,088135	8,652634	4,168793
-1,078568	8,646637	4,146057
-1,074966	8,638260	4,137680
-1,021103	8,670593	4,125702
-0,988785	8,686142	4,105347
-0,945679	8,755585	4,079010
-0,861893	8,759171	4,033524
-0,760132	8,784317	3,941345
-0,697876	8,847763	3,865936
-0,679932	8,838181	3,771362
-0,661972	8,854935	3,688766
-0,617676	8,853745	3,542709
-0,618881	8,868103	3,513977
-0,612885	8,868103	3,454132
-0,609299	8,877686	3,415817
-0,620071	8,828598	3,444550
-0,672745	8,810654	3,511581
-0,758942	8,746002	3,626511
-0,835556	8,717270	3,783325
-0,942093	8,731644	3,898254
-0,989975	8,672974	4,039505
-1,042648	8,620300	4,178375
-1,074966	8,609528	4,316040
-1,078568	8,590378	4,399841
-1,040253	8,582001	4,454910
-1,018707	8,596359	4,489624
-0,961243	8,644257	4,507584
-0,888214	8,661011	4,486023
-0,749359	8,722061	4,424973
-0,673935	8,749588	4,320831
-0,588943	8,769943	4,126892
-0,495575	8,793884	3,783325
-0,489594	8,772339	3,468491
-0,494370	8,780716	3,407440
-0,551834	8,769943	3,528351
-0,584152	8,799866	3,737839
-0,669159	8,787903	3,867126
-0,781677	8,760376	3,930573
-0,902588	8,760376	3,940155
-1,043839	8,716080	3,887482
-1,164749	8,694534	3,800095
-1,192291	8,686142	3,755798
-1,189896	8,712479	3,668411
-1,146790	8,689743	3,646866
-1,059402	8,716080	3,602570
-0,942093	8,714874	3,582214
-0,851105	8,732834	3,638489
-0,709854	8,761566	3,725876
-0,627258	8,808258	3,776154
-0,476425	8,779526	3,883881
-0,353119	8,796280	3,959305
-0,331573	8,784317	3,961700
-0,344742	8,792694	4,025146
-0,381851	8,830994	4,047897
-0,480011	8,846558	4,049088
-0,576981	8,803467	4,067047
-0,639221	8,809448	4,123306
-0,751755	8,798676	4,143661
-0,857101	8,724457	4,169998
-0,916946	8,725647	4,225067
-0,982788	8,726852	4,222672
-1,047440	8,687347	4,205902
-1,064194	8,663406	4,207108
-1,126450	8,647842	4,129288
-1,195877	8,644257	4,099365
-1,182709	8,635864	4,093384
-1,165955	8,644257	4,014374
-1,128845	8,674179	3,967682
-1,042648	8,714874	3,942551
-0,958847	8,730438	3,938950
-0,870270	8,705307	3,992828
-0,796051	8,720871	3,984451
-0,670349	8,769943	4,077820
-0,570984	8,790298	4,049088
-0,567398	8,772339	3,996414
-0,535080	8,791489	3,925781
-0,524307	8,840576	3,833603
-0,561417	8,857330	3,813263
-0,557816	8,848953	3,844376
-0,572189	8,832199	3,913818
-0,634430	8,757980	3,916214
-0,701477	8,760376	3,900650
-0,810410	8,780716	3,898254
-0,873856	8,768753	3,920990
-0,919342	8,736420	3,871918
-1,015121	8,720871	3,812057
-1,027084	8,718475	3,752213
-1,055817	8,693329	3,740234
-1,088135	8,713684	3,679184
-1,083344	8,713684	3,669601
