0,110153	0,565018	9,588074
0,131714	0,610504	9,759262
0,181992	0,591354	9,922058
0,221497	0,611710	10,019028
0,252609	0,623672	10,066910
0,235855	0,606918	9,999878
0,153259	0,638046	9,729324
0,102982	0,673950	9,542587
0,111359	0,723038	9,498291
0,220291	0,707474	9,554550
0,295715	0,677536	9,602432
0,362747	0,663177	9,670670
0,373520	0,712265	9,724548
0,401062	0,703873	9,754471
0,413025	0,712265	9,692215
0,407043	0,743378	9,570114
0,325638	0,798447	9,442032
0,246628	0,836761	9,285202
0,217896	0,782883	9,307953
0,204727	0,735001	9,384567
0,262192	0,731415	9,555756
0,377121	0,693100	9,761658
0,476471	0,603317	9,928055
0,463303	0,648819	9,965164
0,383102	0,707474	9,839462
0,313675	0,699097	9,738907
0,287338	0,690704	9,668274
0,304092	0,691910	9,574905
0,253815	0,696701	9,570114
0,233459	0,675156	9,627579
0,252609	0,664383	9,677856
0,261002	0,654800	9,774826
0,287338	0,647614	9,845444
0,288528	0,660782	9,777222
0,251419	0,660782	9,718552
0,234665	0,646423	9,694611
0,217896	0,642822	9,646729
0,172409	0,736206	9,550964
0,201141	0,726624	9,485123
0,239441	0,648819	9,509064
0,263382	0,634445	9,537796
0,313675	0,634445	9,607224
0,320847	0,599731	9,555756
0,332825	0,535095	9,544983
0,319656	0,543472	9,627579
0,308884	0,590149	9,736511
0,328033	0,576981	9,686234
0,302887	0,578186	9,583282
0,280151	0,563812	9,523422
0,226273	0,569809	9,548569
0,220291	0,599731	9,608429
0,253815	0,572205	9,619202
0,256210	0,562622	9,646729
0,232269	0,568604	9,617996
0,239441	0,567413	9,646729
0,229874	0,539871	9,687439
0,239441	0,541077	9,633560
0,293320	0,529099	9,649124
0,344788	0,507553	9,730530
0,372330	0,561432	9,871780
0,365143	0,539871	9,896927
0,387894	0,495590	9,787994
0,390289	0,466858	9,770035
0,342392	0,490799	9,754471
0,371124	0,509949	9,838272
0,360352	0,482422	9,847839
0,295715	0,476425	9,793976
0,244232	0,530304	9,776016
0,222687	0,520721	9,726944
0,251419	0,511139	9,753265
0,215500	0,536285	9,762848
0,265778	0,505157	9,838272
0,339996	0,555435	9,899323
0,354370	0,605713	9,904114
0,399857	0,614090	9,732925
0,356766	0,628464	9,616806
0,372330	0,544662	9,584488
0,397461	0,481216	9,610825
0,395065	0,537476	9,667084
0,457321	0,586563	9,688629
0,482452	0,586563	9,758057
0,527954	0,541077	9,754471
0,532730	0,600922	9,693420
0,517181	0,648819	9,625183
0,500412	0,632050	9,590469
0,530350	0,587753	9,542587
0,476471	0,545868	9,528214
0,492035	0,568604	9,589264
0,504013	0,579376	9,683838
0,518372	0,526703	9,718552
0,557877	0,503967	9,744888
0,538727	0,513535	9,846649
0,493240	0,533890	9,811935
0,483658	0,573395	9,803558
0,523163	0,604523	9,867004
0,538727	0,593750	9,832275
0,527954	0,578186	9,753265
0,529144	0,585373	9,649124
0,509995	0,565018	9,567719
0,515976	0,530304	9,616806
0,507599	0,550644	9,702988
0,530350	0,519531	9,732925
0,567459	0,491989	9,779602
0,555481	0,489594	9,804749
0,575836	0,399811	9,828690
0,586609	0,428543	9,852631
0,568649	0,466858	9,870590
0,617737	0,442917	9,855026
0,638077	0,412979	9,808334
0,646469	0,409393	9,765244
0,598572	0,424957	9,768829
0,615341	0,451294	9,698212
0,614136	0,414185	9,627579
0,706314	0,365097	9,685043
0,727859	0,410583	9,686234
0,705124	0,460861	9,653915
0,721878	0,447693	9,655106
0,736252	0,411789	9,718552
0,711105	0,426147	9,781998
0,665619	0,416580	9,833481
0,594986	0,436920	9,862213
0,585403	0,404602	9,938828
0,549500	0,367493	9,992691
0,567459	0,365097	10,042969
0,605759	0,386642	10,074097
0,647659	0,427353	10,020233
0,645264	0,424957	9,968750
0,638077	0,457275	9,913681
0,683578	0,466858	9,861008
0,714691	0,471649	9,798767
0,735046	0,506363	9,808334
0,700333	0,497986	9,822708
0,682373	0,491989	9,822708
0,666809	0,507553	9,761658
0,668015	0,477631	9,694611
0,697937	0,515930	9,774826
0,739838	0,551849	9,972336
0,792511	0,593750	10,052551
0,818848	0,544662	10,036987
0,852356	0,555435	10,057343
0,879898	0,617691	10,147125
0,958908	0,646423	10,121979
1,000809	0,632050	10,023819
0,970871	0,611710	10,021423
1,012772	0,652405	10,118393
1,027145	0,673950	10,169861
1,018753	0,690704	10,190216
1,006790	0,681137	10,233307
0,999603	0,682327	10,247681
0,975662	0,677536	10,288376
0,887085	0,709869	10,313522
0,885880	0,675156	10,288376
0,891861	0,666763	10,312317
0,951721	0,701492	10,430832
1,052277	0,745773	10,417664
1,109741	0,733810	10,362595
1,142059	0,736206	10,311127
1,151642	0,752960	10,271622
1,167206	0,798447	10,227325
1,185150	0,836761	10,127960
1,164810	0,857101	9,978333
1,161209	0,895416	9,797562
1,168396	0,887039	9,735321
1,192337	0,866684	9,791580
1,243820	0,925339	9,874176
1,382675	0,942108	9,863403
1,488022	0,951675	9,916077
1,539505	0,916962	10,050156
1,589783	0,914566	10,139938
1,551468	0,932526	10,163879
1,522736	0,956467	10,053741
1,513168	0,942108	9,931641
1,497604	0,948090	9,892136
1,444931	0,966049	9,905304
1,388672	0,937317	9,857422
1,351547	0,968445	9,762848
1,286911	0,978012	9,712570
1,279724	0,937317	9,832275
1,247406	0,933716	10,031006
1,286911	0,927734	10,162674
1,290497	0,907394	10,168671
1,273743	0,873871	10,156693
1,284515	0,876266	10,148315
1,285721	0,887039	10,143524
1,218674	0,939713	10,159088
1,138474	0,955276	10,070511
1,066650	0,950485	10,004669
1,030731	0,981613	10,003464
1,075027	0,968445	10,010651
1,064255	1,036667	10,062119
1,075027	1,025894	10,028610
1,084595	1,035477	9,960373
1,027145	1,139618	9,968750
1,055878	1,143219	9,920868
1,051086	1,091736	9,878967
1,126495	1,203064	9,856216
1,242615	1,279678	9,882553
1,330002	1,316788	9,820312
1,393448	1,340744	9,670670
1,452118	1,346725	9,533005
1,471268	1,369461	9,489914
1,431763	1,410172	9,480331
1,400635	1,449677	9,376190
1,374298	1,450867	9,305557
1,333603	1,476013	9,388153
1,288101	1,538254	9,406113
1,322830	1,545441	9,363022
1,313248	1,643600	9,425262
1,303665	1,687897	9,380981
1,298889	1,690292	9,303162
1,362335	1,722610	9,251694
1,473663	1,772888	9,202606
1,533508	1,818375	9,207397
1,596954	1,812393	9,203796
1,720261	1,850708	9,188248
1,805252	1,872253	9,190628
1,820816	1,910553	9,244507
1,771744	1,933304	9,275635
1,714279	1,896194	9,267242
1,664001	1,905762	9,322311
1,563446	1,995544	9,321121
1,455704	2,021881	9,462372
1,413803	1,975204	9,629974
1,412613	1,962036	9,802353
1,418594	1,990768	9,798767
1,467667	2,041046	9,730530
1,520340	2,002731	9,719757
1,515564	2,032669	9,651520
1,545486	2,114059	9,577301
1,632874	2,133224	9,542587
1,729843	2,149979	9,487518
1,795685	2,148773	9,419281
1,825607	2,194275	9,270844
1,835190	2,242157	9,208588
1,853134	2,254120	9,257675
1,751389	2,279266	9,291199
1,693924	2,278061	9,251694
1,643646	2,290039	9,346252
1,634064	2,290039	9,467163
1,638855	2,313980	9,556946
1,647232	2,302002	9,633560
1,630478	2,355881	9,617996
1,629288	2,382217	9,596451
1,680756	2,377426	9,507874
1,715469	2,407349	9,488708
1,671173	2,434891	9,476746
1,638855	2,472000	9,493500
1,675964	2,461227	9,476746
1,709488	2,497131	9,467163
1,717865	2,499527	9,425262
1,727448	2,517487	9,355835
1,733429	2,528259	9,348648
1,771744	2,570160	9,363022
1,772934	2,650360	9,286407
1,703506	2,688675	9,166687
1,644836	2,711411	9,122406
1,582596	2,725784	9,151138
1,549072	2,720993	9,163101
1,540695	2,756912	9,239716
1,573013	2,809586	9,254074
1,650833	2,762894	9,284012
1,760956	2,719803	9,365417
1,782516	2,778458	9,452805
1,782516	2,839508	9,403717
1,739410	2,886200	9,336685
1,680756	2,867035	9,246902
1,618515	2,902954	9,164307
1,604141	2,952042	9,201416
1,614914	2,975983	9,195419
1,608932	2,954422	9,252884
1,590973	2,958023	9,197815
1,586182	3,001114	9,116409
1,602951	3,048996	9,146347
1,643646	3,044205	9,257675
1,664001	3,070541	9,224152
1,680756	3,056183	9,188248
1,640060	3,063370	9,153519
1,546677	3,093292	9,189438
1,479645	3,162720	9,245697
1,425781	3,230957	9,234924
1,405426	3,202225	9,293579
1,441330	3,172302	9,401321
1,564636	3,187866	9,445618
1,697510	3,259689	9,397736
1,703506	3,309967	9,318726
1,673569	3,337509	9,267242
1,648438	3,380600	9,264862
1,617310	3,381790	9,233734
1,600555	3,400955	9,191833
1,610123	3,473969	9,252884
1,598160	3,505096	9,323517
1,564636	3,478760	9,257675
1,537109	3,491928	9,152328
1,519150	3,501511	9,091278
1,503586	3,502701	9,160706
1,496399	3,580521	9,170288
1,446121	3,654739	9,108032
1,438950	3,664307	9,051773
1,473663	3,667908	9,167892
1,528732	3,703812	9,163101
1,501190	3,788803	9,117615
1,476059	3,772049	9,091278
1,472458	3,784027	9,054169
1,473663	3,792404	9,048187
1,508377	3,828308	9,111633
1,497604	3,831909	9,190628
1,456894	3,817535	9,273239
1,374298	3,900146	9,349854
1,352753	3,936050	9,343857
1,318039	3,906128	9,264862
1,314438	3,871414	9,231339
1,313248	3,896545	9,239716
1,321625	3,900146	9,213379
1,284515	3,967178	9,084091
1,288101	4,025833	8,908127
1,340775	3,994705	8,914108
1,377884	4,044983	8,912903
1,417389	4,094070	8,818344
1,412613	4,118011	8,724960
1,391052	4,157516	8,626801
1,364716	4,135971	8,614822
1,363525	4,164703	8,690247
1,365921	4,191040	8,656723
1,280930	4,213776	8,660324
1,265366	4,259262	8,626801
1,198318	4,244904	8,554977
1,138474	4,338272	8,496323
1,072632	4,365814	8,449631
1,019958	4,400528	8,332321
1,052277	4,462784	8,195847
1,119324	4,430450	8,235352
1,242615	4,432846	8,432877
1,411407	4,448410	8,611237
1,280930	4,558548	8,359848
1,312042	4,436447	8,859039
1,370712	4,362213	9,251694
1,229446	4,435242	9,056564
1,085800	4,437637	8,819534
1,022354	4,444824	8,924881
0,991226	4,478333	9,105637
1,016373	4,440033	9,268448
0,987640	4,515442	9,376190
0,960098	4,557343	9,443222
0,946930	4,548965	9,588074
0,902649	4,572906	9,680252
0,894257	4,580093	9,656311
0,894257	4,587280	9,573715
0,930176	4,616013	9,538986
0,912216	4,668671	9,501877
0,858353	4,692627	9,467163
0,869125	4,715363	9,366608
0,922989	4,790787	9,228943
0,950531	4,870987	9,099655
1,034317	4,887741	9,015854
1,065445	4,954788	9,056564
1,052277	5,044571	9,097260
1,009186	5,075699	9,000290
1,009186	5,084076	8,792007
0,931366	5,142731	8,605255
0,969681	5,194199	8,538208
1,061859	5,198990	8,600464
1,125305	5,215759	8,583710
1,149246	5,297150	8,601669
1,154037	5,418060	8,553772
1,113327	5,440811	8,467590
1,104950	5,461151	8,334702
1,083405	5,529388	8,345490
1,085800	5,536575	8,351471
1,084595	5,609604	8,398148
1,055878	5,650299	8,527435
1,089386	5,713745	8,568146
1,161209	5,756836	8,594482
1,161209	5,783173	8,568146
1,150436	5,799942	8,665115
1,169601	5,847824	8,808762
1,082199	5,852615	8,985931
0,951721	5,845428	9,063736
0,890671	5,887329	9,240921
0,821243	5,938797	9,363022
0,778137	5,947174	9,394150
0,776947	5,967529	9,425262
0,829620	5,967529	9,479141
0,823639	6,001053	9,565323
0,797302	6,033371	9,657501
0,778137	6,084854	9,689819
0,766174	6,035767	9,616806
0,786530	6,030975	9,412094
0,824829	6,114777	9,165497
0,864334	6,162659	8,811157
0,921799	6,171036	8,453217
0,897858	6,233292	8,084518
0,676392	6,264420	7,561386
0,341202	6,293137	7,201050
-0,071793	6,434402	7,268097
-0,444092	6,646286	7,851074
-0,333969	6,721710	8,667496
0,015594	6,603195	9,038605
0,281342	6,439194	8,796783
0,261002	6,439194	8,344284
0,299301	6,640305	8,170700
0,671600	6,568481	8,384979
0,852356	6,491867	8,238937
0,900253	6,549316	7,682281
0,816452	6,679810	7,262100
0,824829	6,760010	6,972412
0,735046	6,910843	6,513916
0,623718	7,016190	6,182327
0,530350	7,113159	6,065002
0,489639	7,193359	5,952484
0,451340	7,200546	5,702286
0,416626	7,138290	5,515533
0,317261	7,155060	5,650803
0,313675	7,182587	5,947693
0,301697	7,153854	6,147598
0,221497	7,123932	6,073380
0,131714	7,115555	5,951279
0,080231	7,105972	5,989594
-0,056244	7,152664	5,966843
-0,116089	7,167023	5,804031
-0,059830	7,094009	5,678345
0,086212	7,121536	5,595749
0,117340	7,247238	5,340759
0,100586	7,304688	5,108521
0,028763	7,315460	5,016342
0,067062	7,353775	4,903824
0,082626	7,404053	4,521942
0,082626	7,516586	4,169998
0,052704	7,527359	4,402237
0,074249	7,601578	4,920578
0,102982	7,672211	5,114502
0,093399	7,581223	4,960083
0,059875	7,562073	4,774536
-0,044266	7,654251	4,969650
-0,056244	7,630310	5,158798
-0,220245	7,587204	5,142044
-0,472824	7,656647	4,931351
-0,615280	7,599182	4,730240
-0,715836	7,599182	4,921768
-0,836746	7,710510	5,161194
-0,970825	7,710510	4,951706
-1,031876	7,740433	4,369904
-0,991165	7,826630	3,915009
-0,849915	7,908035	3,789322
-0,681122	7,860153	3,619324
-0,623657	7,850571	3,308075
-0,690704	7,952332	2,982468
-0,824768	8,027740	2,818466
-0,928925	7,982254	2,764603
-1,082153	7,964294	2,877121
-1,334747	8,043304	3,138092
-1,546631	8,109146	3,320053
-1,630417	8,145065	3,415817
-1,691483	8,155838	3,292526
-1,701050	8,222870	3,084229
-1,707031	8,286316	2,857971
-1,666336	8,257584	2,556305
-1,702255	8,285126	2,285751
-1,787247	8,400040	2,142105
-1,792038	8,468277	1,937408
-1,841110	8,440735	1,857193
-1,894989	8,395248	1,840439
-1,930893	8,379684	1,835648
-2,023071	8,390457	1,869171
-2,139191	8,319839	2,023590
-2,282837	8,298294	2,094223
-2,418121	8,279129	2,132523
-2,425293	8,215683	2,051132
-2,401352	8,259979	2,118164
-2,450439	8,281525	2,246246
-2,463608	8,208511	2,286957
-2,398956	8,140274	2,325256
-2,463608	8,215683	2,308502
-2,566559	8,258789	2,204361
-2,632401	8,252792	2,067886
-2,687469	8,214493	1,939789
-2,765274	8,234848	1,615387
-2,900543	8,248016	1,416656
-3,042999	8,248016	1,288574
-3,171097	8,243225	1,194000
-3,301575	8,299484	1,292160
-3,511063	8,321030	1,372375
-3,641556	8,293503	1,402298
-3,671478	8,209702	1,264633
-3,575714	8,189346	1,101822
-3,495514	8,239624	1,074295
-3,459595	8,155838	1,018021
-3,478745	8,112732	1,010849
-3,530228	8,031342	1,010849
-3,641556	7,983444	0,954575
-3,815140	7,934372	0,977325
-3,943222	7,870926	0,991699
-4,071320	7,843384	0,983307
-4,157501	7,820648	1,064713
-4,211380	7,826630	1,119781
-4,235321	7,791916	0,996475
-4,205383	7,717697	0,806137
-4,204193	7,663818	0,706787
-4,241302	7,669815	0,637344
-4,256866	7,597977	0,621780
-4,382553	7,548904	0,567917
-4,586060	7,532150	0,458984
-4,736908	7,533340	0,464966
-4,684235	7,451935	0,443420
-4,656693	7,422012	0,278214
-4,715347	7,412430	0,128586
-4,753662	7,393280	0,035202
-4,887741	7,405243	-0,036621
-5,003860	7,377716	-0,083298
-5,063705	7,291519	-0,009079
-4,985901	7,200546	0,221954
-4,978714	7,110764	0,395538
-5,080475	7,089218	0,358429
-5,155884	7,062881	0,330887
-5,222931	6,994644	0,298569
-5,321091	7,011398	0,231537
-5,361786	7,016190	0,139359
-5,422836	6,986267	0,050766
-5,437210	6,957535	-0,006683
-5,497055	6,932388	-0,000702
-5,516220	6,891693	0,037598
-5,516220	6,867752	-0,018661
-5,550934	6,871338	-0,109634
-5,724503	6,916840	-0,139572
-5,910065	6,970703	-0,185059
-6,010620	6,951553	-0,361038
-5,987869	6,926407	-0,517853
-5,911255	6,907257	-0,605240
-5,843018	6,907257	-0,722549
-5,791550	6,873734	-0,942825
-5,819077	6,871338	-1,054153
-5,840622	6,861771	-1,105637
-5,843018	6,793533	-1,169083
-5,829849	6,773178	-1,154709
-5,890900	6,785156	-1,129578
-5,997452	6,749237	-1,169083
-6,163849	6,732483	-1,158295
-6,302704	6,812683	-1,177460
-6,302704	6,807892	-1,118790
-6,284760	6,750443	-1,023026
-6,273972	6,734879	-1,045776
-6,244049	6,746841	-1,151123
-6,194977	6,718109	-1,227737
-6,150681	6,643890	-1,215759
-6,174622	6,727692	-1,076904
-6,246445	6,799515	-0,951202
-6,276367	6,719315	-0,893738
-6,337418	6,722900	-0,942825
-6,405655	6,751633	-0,947617
-6,536148	6,782761	-0,975143
-6,603180	6,780365	-0,984726
-6,579239	6,771988	-0,898529
-6,563675	6,733673	-0,942825
-6,427200	6,669037	-1,121185
-6,320663	6,697769	-1,272034
-6,366150	6,713333	-1,479126
-6,429596	6,678604	-1,627563
-6,495438	6,688187	-1,597641
-6,518188	6,642700	-1,596436
-6,562485	6,606781	-1,521027
-6,540939	6,574463	-1,475540
-6,506210	6,516998	-1,358215
-6,431992	6,453552	-1,199005
-6,400864	6,445175	-1,160690
-6,514603	6,396088	-1,282806
-6,676208	6,427216	-1,348648
-6,731277	6,384125	-1,310333
-6,781555	6,352997	-1,233719
-6,817459	6,342224	-1,315125
-6,879715	6,264420	-1,434830
-6,901260	6,197372	-1,510254
-6,914429	6,222519	-1,464752
-6,872528	6,232086	-1,617981
-6,824646	6,147095	-1,808334
-6,842606	6,096817	-1,948395
-6,920410	6,141113	-1,977112
-6,977875	6,114777	-1,956772
-7,001816	6,098022	-1,930435
-7,004211	5,999847	-1,918457
-7,024567	5,962738	-1,883743
-7,040115	5,932816	-1,835861
-6,991043	5,853806	-1,858612
-6,971893	5,804733	-1,868179
-7,068848	5,817902	-1,884949
-7,114349	5,805923	-1,917267
-7,183777	5,821487	-1,972336
-7,169403	5,846619	-2,090836
-7,129898	5,804733	-2,199783
-7,116730	5,797546	-2,250061
-7,097580	5,826279	-2,336243
-7,096390	5,784378	-2,367371
-7,116730	5,772400	-2,356598
-7,207718	5,718536	-2,361389
-7,230469	5,702972	-2,356598
-7,260391	5,688614	-2,490677
-7,293915	5,700577	-2,603195
-7,285522	5,673050	-2,508636
-7,280746	5,679031	-2,361389
-7,332214	5,668259	-2,394913
-7,320251	5,644318	-2,381744
-7,331024	5,589249	-2,357803
-7,376511	5,558121	-2,327866
-7,381302	5,562912	-2,204575
-7,395660	5,529388	-2,066895
-7,430374	5,481506	-1,981903
-7,496216	5,482712	-1,931625
-7,495026	5,492279	-1,934021
-7,459106	5,459961	-1,959167
-7,423203	5,453979	-1,973526
-7,358551	5,513824	-1,960358
-7,248413	5,517426	-1,981903
-7,266373	5,529388	-1,997467
-7,234055	5,518616	-2,071686
-7,192154	5,501862	-2,095627
-7,188568	5,529388	-2,114792
-7,256805	5,547348	-2,119568
-7,335800	5,578476	-2,143509
-7,381302	5,572495	-2,214142
-7,390869	5,567703	-2,022614
-7,378906	5,561722	-1,875366
-7,395660	5,526993	-1,786774
-7,347778	5,550934	-1,731720
-7,333420	5,571289	-1,677841
-7,295105	5,548553	-1,595245
-7,256805	5,568893	-1,383362
-7,262787	5,577271	-1,322311
-7,281937	5,566498	-1,427643
-7,338196	5,542557	-1,501877
-7,402847	5,538971	-1,586868
-7,427979	5,566498	-1,663483
-7,416016	5,562912	-1,677841
-7,382492	5,592834	-1,641937
-7,345383	5,613190	-1,710159
-7,298691	5,588058	-1,793961
-7,226868	5,570099	-1,814316
-7,243637	5,573685	-1,805939
-7,308273	5,580872	-1,826279
-7,402847	5,604813	-1,863388
-7,475861	5,567703	-1,825089
-7,499817	5,583267	-1,911285
-7,518967	5,635941	-2,021408
-7,484253	5,603607	-2,003448
-7,472275	5,583267	-1,886139
-7,457916	5,600021	-1,870575
-7,437561	5,591644	-1,906494
-7,426788	5,594040	-1,851425
-7,449524	5,585663	-1,791565
-7,490234	5,607208	-1,797546
-7,506989	5,601227	-1,707764
-7,467484	5,574890	-1,643127
-7,412415	5,588058	-1,616791
-7,423203	5,629944	-1,632355
-7,449524	5,643112	-1,712555
-7,423203	5,626358	-1,688614
-7,383698	5,629944	-1,695801
-7,381302	5,592834	-1,736496
-7,394470	5,558121	-1,756851
-7,456711	5,603607	-1,754456
-7,510590	5,625168	-1,719742
-7,533325	5,638336	-1,695801
-7,523758	5,628754	-1,710159
-7,477066	5,578476	-1,738892
-7,395660	5,560516	-1,810715
-7,381302	5,590439	-1,791565
-7,398056	5,568893	-1,748474
-7,461502	5,567703	-1,809525
-7,515366	5,590439	-1,825089
-7,554871	5,598831	-1,843048
-7,551285	5,589249	-1,913666
-7,501007	5,622772	-1,857407
-7,423203	5,591644	-1,743683
-7,442352	5,582062	-1,832275
-7,456711	5,579666	-1,850220
-7,459106	5,602417	-1,815506
-7,453125	5,601227	-1,716156
-7,401642	5,535385	-1,632355
-7,352570	5,491089	-1,612000
-7,370529	5,516220	-1,601227
-7,401642	5,528198	-1,614395
-7,405243	5,529388	-1,655106
-7,478256	5,568893	-1,687424
-7,469879	5,562912	-1,752060
-7,563263	5,560516	-1,787979
-7,578812	5,576080	-1,753265
-7,556076	5,534180	-1,734100
-7,516571	5,483902	-1,805939
-7,582413	5,546158	-1,815506
-7,590790	5,564102	-1,766434
-7,515366	5,548553	-1,748474
-7,400452	5,559326	-1,790375
-7,351364	5,526993	-1,864594
-7,347778	5,515030	-1,894516
-7,377701	5,541367	-1,841843
-7,472275	5,546158	-1,840652
-7,541702	5,591644	-1,866989
-7,596771	5,635941	-1,898117
-7,550095	5,607208	-1,913666
-7,511780	5,589249	-1,931625
-7,465088	5,601227	-1,860992
-7,442352	5,592834	-1,870575
-7,427979	5,583267	-1,831070
-7,396866	5,613190	-1,871780
-7,399246	5,595230	-1,889725
-7,374115	5,596436	-1,801147
-7,310669	5,570099	-1,779602
-7,378906	5,597626	-1,822693
-7,451920	5,615585	-1,843048
-7,526138	5,595230	-1,850220
-7,527344	5,589249	-1,841843
-7,460312	5,583267	-1,857407
-7,491425	5,588058	-1,838257
-7,480652	5,586853	-1,779602
-7,455521	5,537766	-1,759247
-7,412415	5,521011	-1,760437
-7,366928	5,555725	-1,740097
-7,341797	5,493484	-1,695801
-7,348969	5,486298	-1,667068
-7,396866	5,492279	-1,607208
-7,445938	5,532990	-1,566513
-7,509384	5,559326	-1,673050
-7,554871	5,548553	-1,652710
-7,547699	5,552139	-1,653900
-7,495026	5,535385	-1,659882
-7,474670	5,572495	-1,571304
-7,412415	5,576080	-1,588058
-7,416016	5,521011	-1,734100
-7,445938	5,541367	-1,817902
-7,459106	5,549744	-1,730515
-7,437561	5,532990	-1,621582
-7,480652	5,530594	-1,606018
-7,505798	5,543762	-1,619186
-7,505798	5,559326	-1,602432
-7,433975	5,558121	-1,602432
-7,408829	5,561722	-1,700592
-7,406433	5,567703	-1,735306
-7,375305	5,564102	-1,772415
-7,388474	5,544952	-1,750870
-7,388474	5,582062	-1,825089
-7,388474	5,571289	-1,887329
-7,393265	5,526993	-1,954376
-7,390869	5,528198	-1,813110
-7,417206	5,555725	-1,707764
-7,393265	5,507843	-1,731720
-7,364532	5,515030	-1,694595
-7,347778	5,536575	-1,588058
-7,386078	5,509048	-1,572495
-7,453125	5,515030	-1,610809
-7,521362	5,518616	-1,663483
-7,544098	5,509048	-1,646713
-7,546494	5,473129	-1,540176
-7,502197	5,449188	-1,529404
-7,469879	5,461151	-1,555740
-7,433975	5,442001	-1,592850
-7,454315	5,486298	-1,688614
-7,474670	5,494675	-1,705383
-7,557266	5,479111	-1,749664
-7,602753	5,513824	-1,838257
-7,594376	5,525803	-1,866989
-7,551285	5,524597	-1,883743
-7,499817	5,486298	-1,951981
-7,461502	5,482712	-1,997467
-7,483047	5,458771	-2,007050
-7,503403	5,452774	-1,918457
-7,504593	5,415665	-1,799942
-7,558472	5,430038	-1,720932
-7,577621	5,449188	-1,755661
-7,582413	5,416870	-1,863388
-7,589600	5,413269	-1,932831
-7,508194	5,447983	-1,889725
-7,459106	5,588058	-1,685028
-7,432770	5,583267	-1,699387
-7,338196	5,553329	-1,898117
-7,321442	5,594040	-1,949585
-7,302292	5,619171	-1,889725
-7,302292	5,688614	-1,823883
-7,320251	5,705368	-1,774811
-7,346588	5,724518	-1,816711
-7,389679	5,730499	-1,784378
-7,418411	5,737686	-1,713760
-7,432770	5,747269	-1,623978
-7,465088	5,841843	-1,641937
-7,505798	5,851410	-1,761642
-7,530930	5,805923	-1,792770
-7,533325	5,804733	-1,741287
-7,490234	5,865784	-1,675446
-7,465088	5,815506	-1,698196
-7,424393	5,754456	-1,863388
-7,433975	5,742477	-1,979507
-7,356155	5,724518	-1,990280
-7,293915	5,712555	-1,977112
-7,255600	5,680222	-1,957962
-7,217300	5,643112	-2,004654
-7,236450	5,633545	-1,995071
-7,313065	5,640717	-1,944794
-7,366928	5,606003	-1,819107
-7,442352	5,584457	-1,696991
-7,493820	5,578476	-1,578491
-7,621918	5,574890	-1,621582
-7,624313	5,541367	-1,671860
-7,553680	5,543762	-1,667068
-7,536926	5,529388	-1,646713
-7,515366	5,506653	-1,521027
-7,484253	5,534180	-1,425262
-7,487839	5,526993	-1,437225
-7,471085	5,506653	-1,426453
-7,425583	5,517426	-1,333084
-7,467484	5,491089	-1,288788
-7,546494	5,470734	-1,294769
-7,575226	5,486298	-1,250473
-7,571640	5,457565	-1,228928
-7,590790	5,455170	-1,261246
-7,541702	5,493484	-1,291183
-7,483047	5,492279	-1,312729
-7,416016	5,455170	-1,355820
-7,363342	5,455170	-1,431244
-7,272354	5,497070	-1,574890
-7,225677	5,507843	-1,710159
-7,296295	5,522217	-1,732910
-7,401642	5,537766	-1,949585
-7,483047	5,566498	-2,021408
-7,514175	5,597626	-1,937607
-7,504593	5,531784	-1,922058
-7,532135	5,530594	-1,959167
-7,571640	5,568893	-1,911285
-7,589600	5,602417	-1,831070
-7,526138	5,565308	-1,752060
-7,455521	5,528198	-1,711365
-7,406433	5,560516	-1,719742
-7,404037	5,612000	-1,717346
-7,381302	5,596436	-1,726929
-7,381302	5,616776	-1,676651
-7,341797	5,661072	-1,634750
-7,344193	5,701782	-1,663483
-7,362137	5,694595	-1,724533
-7,327423	5,664673	-1,744888
-7,301086	5,667053	-1,706573
-7,279541	5,639526	-1,726929
-7,333420	5,658676	-1,792770
-7,347778	5,693390	-1,704178
-7,344193	5,705368	-1,560532
-7,338196	5,695786	-1,544968
-7,360947	5,643112	-1,669464
-7,431580	5,621567	-1,744888
-7,490234	5,650299	-1,675446
-7,539307	5,644318	-1,565323
-7,548889	5,651505	-1,629959
-7,534531	5,646713	-1,680237
-7,540512	5,619171	-1,692215
-7,529739	5,625168	-1,747269
-7,536926	5,641922	-1,825089
-7,503403	5,625168	-1,793961
-7,460312	5,625168	-1,741287
-7,474670	5,619171	-1,741287
-7,495026	5,596436	-1,802338
-7,524948	5,572495	-1,839447
-7,437561	5,571289	-1,643127
-7,400452	5,564102	-1,566513
-7,493820	5,651505	-1,646713
-7,528534	5,526993	-1,689819
-7,515366	5,521011	-1,798752
-7,524948	5,573685	-1,633545
-7,484253	5,518616	-1,507858
-7,546494	5,483902	-1,589264
-7,587204	5,511444	-1,658691
-7,617126	5,553329	-1,583267
-7,619522	5,577271	-1,521027
-7,650650	5,577271	-1,564117
-7,597977	5,573685	-1,662277
-7,518967	5,574890	-1,695801
-7,485443	5,597626	-1,695801
-7,414810	5,592834	-1,668274
-7,368134	5,510239	-1,595245
-7,376511	5,518616	-1,529404
-7,472275	5,532990	-1,501877
-7,520157	5,540161	-1,505463
-7,585999	5,538971	-1,555740
-7,600372	5,619171	-1,564117
-7,564453	5,566498	-1,498276
-7,514175	5,513824	-1,538986
-7,456711	5,524597	-1,686218
-7,477066	5,592834	-1,786774
-7,441147	5,548553	-1,804733
-7,412415	5,522217	-1,799942
-7,420807	5,583267	-1,758057
-7,456711	5,574890	-1,728119
-7,492630	5,577271	-1,731720
-7,524948	5,608398	-1,651505
-7,532135	5,606003	-1,556931
-7,520157	5,583267	-1,552155
-7,489029	5,591644	-1,595245
-7,442352	5,607208	-1,665878
-7,365738	5,573685	-1,659882
-7,365738	5,554535	-1,700592
-7,395660	5,629944	-1,670654
-7,362137	5,651505	-1,635941
-7,321442	5,620377	-1,685028
-7,325027	5,576080	-1,725723
-7,338196	5,604813	-1,820297
-7,449524	5,699387	-1,528198
-7,447144	5,606003	-1,591660
-7,538116	5,586853	-1,779602
-7,642258	5,598831	-1,793961
-7,653046	5,595230	-1,696991
-7,623108	5,555725	-1,682632
-7,600372	5,538971	-1,740097
-7,599167	5,510239	-1,819107
-7,608749	5,516220	-1,825089
-7,564453	5,554535	-1,843048
-7,578812	5,541367	-1,865784
-7,581207	5,568893	-1,856216
-7,639877	5,567703	-1,799942
-7,665009	5,546158	-1,779602
-7,691345	5,561722	-1,734100
-7,666214	5,524597	-1,704178
-7,589600	5,518616	-1,719742
-7,496216	5,492279	-1,771210
-7,416016	5,465942	-1,759247
-7,360947	5,453979	-1,740097
-7,293915	5,493484	-1,662277
-7,246017	5,493484	-1,560532
-7,280746	5,562912	-1,574890
-7,321442	5,555725	-1,547363
-7,341797	5,523407	-1,467148
-7,421997	5,564102	-1,357025
-7,485443	5,606003	-1,309143
-7,508194	5,573685	-1,402512
-7,481857	5,546158	-1,492294
-7,505798	5,609604	-1,574890
-7,456711	5,580872	-1,586868
-7,347778	5,541367	-1,623978
-7,301086	5,510239	-1,675446
-7,322632	5,503052	-1,724533
-7,372910	5,485107	-1,695801
-7,432770	5,491089	-1,651505
-7,477066	5,469543	-1,638336
-7,528534	5,471939	-1,610809
-7,575226	5,477921	-1,504257
-7,556076	5,482712	-1,446808
-7,572830	5,482712	-1,530594
-7,520157	5,482712	-1,628769
-7,441147	5,558121	-1,693405
-7,395660	5,586853	-1,741287
-7,454315	5,570099	-1,804733
-7,419601	5,523407	-1,781998
-7,427979	5,534180	-1,674255
-7,504593	5,598831	-1,707764
-7,557266	5,621567	-1,719742
-7,571640	5,626358	-1,650314
-7,552475	5,688614	-1,656296
-7,506989	5,740082	-1,626373
-7,412415	5,741287	-1,641937
-7,341797	5,791565	-1,710159
-7,260391	5,856201	-1,797546
-7,178986	5,857391	-1,760437
-7,113144	5,876556	-1,734100
-7,102371	5,876556	-1,692215
-7,157440	5,906479	-1,664673
-7,201736	5,929230	-1,687424
-7,138290	5,914856	-1,661087
-7,095184	5,936401	-1,639542
-7,083221	5,953171	-1,734100
-7,077240	5,974716	-1,740097
-7,077240	6,010620	-1,655106
-7,091599	6,047745	-1,645523
-7,122726	6,059708	-1,659882
-7,150253	6,087250	-1,584473
-7,152649	6,149490	-1,528198
-7,131104	6,204559	-1,565323
-7,041321	6,211746	-1,568909
-6,935974	6,246460	-1,469543
-6,888092	6,289551	-1,521027
-6,828232	6,331451	-1,543762
-6,694168	6,321869	-1,468353
-6,549316	6,299133	-1,433640
-6,445160	6,348206	-1,456375
-6,408051	6,355392	-1,340256
-6,502625	6,399689	-1,286392
-6,518188	6,356583	-1,163086
-6,669022	6,404480	-0,969162
-6,761200	6,460739	-0,926071
-6,810272	6,441589	-1,007462
-6,776764	6,434402	-1,007462
-6,686981	6,409256	-1,075699
-6,615158	6,437988	-1,236115
-6,546921	6,511017	-1,160690
-6,532547	6,578049	-1,200195
-6,507416	6,501434	-1,203796
-6,440369	6,459534	-1,222946
-6,385315	6,513412	-1,202591
-6,372147	6,534958	-1,105637
-6,378128	6,514603	-1,121185
-6,348206	6,469116	-1,153519
-6,385315	6,508621	-1,074509
-6,431992	6,567276	-1,015854
-6,424820	6,616364	-1,000290
-6,398483	6,615158	-0,977539
-6,303909	6,600800	-0,902115
-6,220108	6,630722	-0,888947
-6,198563	6,640305	-0,989517
-6,166245	6,669037	-1,075699
-6,153076	6,755219	-1,060135
-6,101593	6,777969	-1,052963
-6,023788	6,793533	-1,069717
-6,020187	6,825851	-1,099640
-6,003433	6,847397	-1,054153
-5,979492	6,868942	-0,941620
-5,951965	6,868942	-0,882965
-5,963928	6,902466	-0,922470
-5,971115	6,963516	-0,957184
-5,957947	6,999435	-0,890152
-5,859787	7,105972	-0,811142
-5,747253	7,137100	-0,851837
-5,617966	7,156250	-0,861420
-5,564102	7,208923	-0,835083
-5,519806	7,198151	-0,848251
-5,560501	7,244843	-0,835083
-5,582047	7,322647	-0,809952
-5,621552	7,402863	-0,776428
-5,621552	7,418411	-0,686646
-5,613174	7,427994	-0,625595
-5,531769	7,451935	-0,629181
-5,457550	7,468689	-0,650726
-5,425232	7,527359	-0,818329
-5,312714	7,517776	-0,909302
-5,184616	7,547699	-0,808746
-5,117584	7,584808	-0,801559
-5,129547	7,637482	-0,819519
-5,192993	7,659042	-0,814728
-5,219330	7,706924	-0,730942
-5,258835	7,772766	-0,551376
-5,260040	7,812271	-0,452011
-5,233704	7,821838	-0,442429
-5,173843	7,842194	-0,395752
-5,088852	7,876907	-0,305969
-5,015823	7,866135	-0,398148
-4,966751	7,908035	-0,159912
-4,885345	7,989441	-0,174286
-4,873367	7,995422	-0,317932
-4,793167	7,973877	-0,309555
-4,750076	8,100769	-0,382584
-4,768021	8,105560	-0,574112
-4,789566	8,101959	-0,698608
-4,770416	8,123505	-0,599258
-4,687820	8,113937	-0,511871
-4,677048	8,134277	-0,503494
-4,666275	8,128296	-0,437653
-4,618393	8,057663	-0,393356
-4,602829	8,099564	-0,308365
-4,562119	8,123505	-0,266464
-4,554947	8,161819	-0,222168
-4,556137	8,214493	-0,193436
-4,564514	8,222870	-0,224564
-4,509445	8,230057	-0,295197
-4,423264	8,225266	-0,335892
-4,463959	8,245621	-0,309555
-4,480728	8,256393	-0,304764
-4,404114	8,304276	-0,268860
-4,386154	8,312653	-0,170700
-4,319107	8,259979	-0,095276
-4,243698	8,261185	0,008865
-4,141937	8,271957	-0,004303
-4,125183	8,289902	0,071121
-4,054550	8,226456	0,170486
-4,018646	8,282730	0,130981
-4,090469	8,324631	0,096268
-4,052155	8,336594	0,114212
-4,007874	8,374908	0,142944
-3,949203	8,435959	0,107040
-3,853439	8,470673	0,065140
-3,860626	8,446732	0,019653
-3,849854	8,421585	0,049576
-3,725357	8,434753	0,122589
-3,623596	8,450317	0,157318
-3,533813	8,435959	0,097458
-3,453613	8,428772	0,031616
-3,424881	8,432358	0,016052
-3,424881	8,414413	0,059143
-3,424881	8,386871	0,057953
-3,464386	8,358139	0,074707
-3,481140	8,323425	0,135757
-3,499100	8,319839	0,180054
-3,549377	8,253998	0,225540
-3,648743	8,268356	0,231537
-3,712189	8,318634	0,247101
-3,679855	8,300674	0,303360
-3,623596	8,285126	0,330887
-3,537399	8,299484	0,346451
-3,428467	8,271957	0,324905
-3,376999	8,312653	0,277023
-3,403336	8,330612	0,217163
-3,399734	8,317444	0,177658
-3,384171	8,377289	0,214767
-3,294388	8,408417	0,302155
-3,232147	8,419189	0,359619
-3,187851	8,450317	0,445816
-3,130386	8,520950	0,473343
-3,031036	8,593979	0,542786
-2,973572	8,598755	0,527222
-2,918503	8,616714	0,575104
-2,820343	8,632278	0,611008
-2,736542	8,649033	0,648117
-2,676697	8,651428	0,704391
-2,612045	8,652634	0,733124
-2,547409	8,661011	0,892334
-2,483963	8,615524	1,034790
-2,396576	8,586792	1,176041
-2,311569	8,626297	1,372375
-2,311569	8,620300	1,411880
-2,333130	8,579605	1,438217
-2,307983	8,659805	1,438217
-2,275665	8,731644	1,460953
-2,323547	8,686142	1,550735
-2,349884	8,803467	1,504044
-2,307983	8,850143	1,486099
-2,243347	8,856140	1,341248
-2,190674	8,919586	1,238297
-2,069763	8,965073	1,256256
-1,947662	8,977051	1,383148
-1,911743	8,985428	1,435822
-1,836319	8,986618	1,488495
-1,704651	9,012955	1,542358
-1,653168	9,047668	1,571091
-1,607681	9,015350	1,566299
-1,647186	9,069214	1,545944
-1,653168	9,078796	1,551941
-1,651978	9,063232	1,525604
-1,666336	9,082382	1,460953
-1,673523	9,129074	1,536377
-1,614868	9,160202	1,442993
-1,483185	9,202103	1,307724
-1,338333	9,204498	1,317307
-1,228195	9,204498	1,368774
-1,168350	9,190125	1,381943
-1,078568	9,240402	1,458557
-1,001953	9,279907	1,574677
-0,968430	9,306244	1,652496
-0,894211	9,296677	1,640518
-0,802032	9,313431	1,676437
-0,711044	9,281113	1,835648
-0,720627	9,252380	1,968521
-0,766113	9,245193	1,972122
-0,833160	9,249985	1,976898
-0,836746	9,227234	2,091827
-0,700272	9,127884	2,121750
-0,657181	9,062042	2,020004
-0,685913	9,093155	2,055908
-0,638031	9,060837	2,166046
-0,505142	9,008163	2,215134
-0,405792	9,003387	2,070282
-0,318405	8,962677	1,962540
-0,234604	8,900436	1,944580
-0,250168	8,890854	1,946976
-0,272919	8,911209	1,990067
-0,307632	8,907608	2,102600
-0,298050	8,860931	2,162460
-0,269318	8,836990	2,149292
-0,138840	8,734039	2,172028
-0,025116	8,680161	2,288147
0,057495	8,741211	2,359985
0,154449	8,712479	2,404266
0,304092	8,632278	2,365967
0,398666	8,603546	2,301315
0,441757	8,598755	2,374344
0,380707	8,632278	2,480881
0,319656	8,671783	2,582642
0,423798	8,686142	2,599396
0,509995	8,689743	2,629318
0,618927	8,674179	2,697556
0,773361	8,634674	2,739456
0,974472	8,710083	2,765793
1,069031	8,736420	2,755020
0,988831	8,786697	2,727493
1,023544	8,838181	2,656860
1,063049	8,866913	2,705933
1,144455	8,912399	2,702347
1,167206	8,985428	2,676010
1,228256	9,012955	2,585037
1,277328	9,026123	2,545532
1,254593	9,047668	2,492859
1,216278	9,020142	2,375534
1,255783	8,984222	2,272583
1,282120	8,968658	2,245056
1,310852	9,038101	2,258224
1,446121	9,091965	2,251038
1,601746	9,076401	2,138519
1,698715	9,008163	2,120560
1,753784	9,002182	2,087036
1,857925	9,002182	2,112183
1,965668	8,917191	2,270203
1,932144	8,845367	2,552704
1,886658	8,814240	2,837616
1,924973	8,747208	3,166824
2,048264	8,706497	3,396667
2,127274	8,707703	3,521164
2,147629	8,687347	3,561874
2,202698	8,665802	3,524750
2,152420	8,686142	3,455322
2,157196	8,724457	3,432587
2,230225	8,736420	3,461304
2,290085	8,683746	3,443359
2,294876	8,695724	3,340408
2,366699	8,663406	3,338013
2,440918	8,616714	3,433777
2,452881	8,627487	3,454132
2,528305	8,553268	3,561874
2,588165	8,540100	3,795303
2,698288	8,537704	4,002396
2,893417	8,428772	4,073029
3,189102	8,391663	4,221466
3,436905	8,384476	4,424973
3,494370	8,366516	4,527924
3,422531	8,306671	4,628479
3,308807	8,285126	4,737427
3,172348	8,282730	4,896637
3,064606	8,264771	5,035492
3,015518	8,234848	5,007965
3,005951	8,234848	5,004379
3,038269	8,225266	5,074997
3,064606	8,200119	5,070221
3,110092	8,118729	5,003174
3,203476	8,052887	5,444901
3,478806	8,038513	5,640030
3,495560	8,025345	5,677139
3,527878	7,942749	5,812424
3,356705	7,923599	5,769318
3,232193	7,818253	5,905792
3,135239	7,791916	5,969238
3,113693	7,829025	5,827972
3,223816	7,699738	5,697495
3,339935	7,671005	5,776505
3,307617	7,672211	5,799255
3,315994	7,697342	5,625671
3,289658	7,611145	5,331177
3,260925	7,562073	5,302444
3,266922	7,526154	5,391037
3,513519	7,382507	5,403015
3,901382	7,266388	5,282104
4,201859	7,279556	5,206680
4,449646	7,253220	5,282104
4,571762	7,171814	5,241394
4,480774	7,187378	5,113312
4,349091	7,186188	5,160004
4,136017	7,155060	5,225830
3,837936	7,163437	5,133667
3,632034	7,064072	5,098938
3,532669	7,049713	5,291672
3,500351	7,089218	5,547852
3,445282	6,882111	5,798050
3,404587	6,792328	5,855515
3,412964	6,780365	6,106903
3,468033	6,664246	6,250549
3,590134	6,528976	6,292450
3,860672	6,381729	6,337936
4,147980	6,367371	6,482788
4,356277	6,349411	6,594116
4,465210	6,262024	6,622849
4,485565	6,221313	6,637222
4,357468	6,256027	6,667145
4,064178	6,273987	6,513916
3,842728	6,264420	6,428925
3,666748	6,229691	6,444489
3,505142	6,232086	6,568985
3,482391	6,184204	6,740173
3,497955	6,136322	6,704254
3,503937	6,093231	6,826355
3,572174	6,070480	6,926910
3,649994	5,990280	7,118454
3,730194	5,908875	7,226196
3,737381	5,849014	7,320770
3,724213	5,773605	7,421326
3,739777	5,663467	7,448853
3,830750	5,662277	7,372238
3,975601	5,718536	7,465607
4,064178	5,683823	7,675110
4,079742	5,645508	7,755310
4,068970	5,603607	7,784042
3,986374	5,650299	7,652359
3,942078	5,689804	7,633209
3,962433	5,580872	7,684677
3,974396	5,602417	7,611664
3,951660	5,582062	7,494339
3,937286	5,543762	7,555389
3,927719	5,526993	7,620041
3,855896	5,519821	7,627228
3,763718	5,501862	7,678696
3,669144	5,509048	7,702637
3,572174	5,480316	7,617645
3,575775	5,469543	7,592499
3,636826	5,499466	7,667923
3,702667	5,402496	7,549408
3,930115	5,325882	7,397385
4,183899	5,396515	7,384216
4,327545	5,403702	7,365051
4,243744	5,346237	7,420120
4,179108	5,325882	7,426102
4,106079	5,307922	7,446457
4,036652	5,276810	7,574554
3,986374	5,248077	7,673904
3,980392	5,182236	7,634399
3,922928	5,196594	7,568558
3,869064	5,153503	7,638000
3,782867	5,070908	7,659546
3,743362	5,042175	7,677505
3,768494	4,983521	7,908539
3,734985	4,939224	8,109650
3,754135	4,904510	8,258087
3,835541	4,862610	8,373016
3,904968	4,867401	8,404144
4,027069	4,787186	8,358658
4,187485	4,703400	8,315552
4,327545	4,692627	8,282028
4,379028	4,735718	8,264084
4,234177	4,696213	8,271255
3,983978	4,715363	8,283234
3,757721	4,690231	8,244919
3,599716	4,650726	8,104858
3,436905	4,629181	7,975571
3,463242	4,602844	7,980362
3,478806	4,577698	8,077332
3,599716	4,532211	8,092896
3,653580	4,434052	8,047409
3,635620	4,387360	8,161133
3,548233	4,390945	8,331116
3,474014	4,339478	8,346680
3,356705	4,241318	8,299988
3,240585	4,230545	8,420898
3,214249	4,078506	8,690247
3,238190	4,007874	8,878189
3,393814	4,011475	9,206192
3,505142	3,900146	9,510254
3,403381	3,897751	9,426468
3,329163	3,877396	9,233734
3,421341	3,869019	9,227753
3,460846	3,860641	9,185852
3,521896	3,634384	9,097260
3,465637	3,631989	8,975159
3,362686	3,651138	8,923676
3,177139	3,523056	8,780029
2,798843	3,483551	8,484344
2,159592	3,578125	8,003113
1,625687	3,606842	7,901352
1,438950	3,420105	8,223373
1,435349	3,294403	8,618423
1,581390	3,217789	9,069733
1,856735	3,047806	9,463577
2,063828	2,956818	9,728134
2,065033	2,925705	9,801163
1,956085	2,852676	9,944809
1,800461	2,779648	10,160294
1,640060	2,707825	10,232117
1,470062	2,707825	10,211761
1,320435	2,679092	10,114792
1,300079	2,606079	10,044174
1,358734	2,528259	9,945999
1,370712	2,509109	9,936432
1,363525	2,456436	9,899323
1,374298	2,367844	9,876572
1,437744	2,382217	9,920868
1,473663	2,311584	9,949600
1,383881	2,260117	9,949600
1,195938	2,242157	9,995087
1,019958	2,213425	9,957977
0,974472	2,154770	9,904114
1,091782	2,106888	9,890945
1,137268	2,048218	9,931641
1,158813	2,026672	10,054947
1,333603	1,941681	10,367386
1,434158	1,999146	10,593643
1,465286	2,021881	10,726517
1,285721	1,909363	10,124374
0,845184	2,023087	9,744888
0,659637	2,018295	9,832275
0,735046	1,871048	9,814331
0,671600	1,906967	9,744888
0,597382	1,947662	9,809540
0,606964	1,866272	10,027405
0,621323	1,843521	10,105225
0,744629	1,819580	10,099228
0,902649	1,734589	10,151901
0,885880	1,756134	10,239288
0,830811	1,794434	10,083679
0,797302	1,727402	9,770035
0,768570	1,592133	9,669479
0,778137	1,642410	9,707779
0,802078	1,738174	9,620392
0,830811	1,681915	9,546173
0,725464	1,643600	9,579697
0,711105	1,612473	9,722153
0,707520	1,577759	9,760452
0,715897	1,563400	9,673065
0,678787	1,534668	9,493500
0,598572	1,516708	9,486313
0,554291	1,515518	9,534210
0,464508	1,462845	9,567719
0,415421	1,417358	9,538986
0,363953	1,388626	9,566528
0,263382	1,361084	9,667084
0,170013	1,325180	9,839462
0,021576	1,285675	9,894531
-0,019119	1,268906	9,767639
0,000031	1,185120	9,668274
0,034744	1,153992	9,691025
0,093399	1,201874	9,700607
0,082626	1,169556	9,597656
0,031158	1,061813	9,512650
0,051498	1,013931	9,515045
0,152054	1,025894	9,702988
0,229874	1,024704	9,835876
0,172409	1,000763	9,702988
0,106567	0,940903	9,589264
0,087418	0,910980	9,491104
-0,028702	0,994781	9,506668
-0,113693	0,913376	9,425262
-0,090958	0,808029	9,406113
-0,033493	0,829575	9,576096
0,085022	0,800842	9,680252
0,120941	0,779297	9,579697
0,061081	0,766129	9,439636
0,065872	0,775711	9,401321
0,131714	0,733810	9,323517
0,180786	0,670364	9,369003
0,196350	0,634445	9,594055
0,295715	0,580582	9,948395
0,319656	0,617691	10,257248
0,207123	0,645218	10,336258
0,068268	0,616486	10,277603
-0,166367	0,697891	10,064514
-0,349533	0,743378	9,754471
-0,424942	0,724228	9,538986
-0,453674	0,693100	9,656311
-0,538666	0,733810	9,641937
-0,603317	0,806824	9,601242
-0,673935	0,842743	9,722153
-0,556625	0,644028	10,057343
-0,311218	0,630859	10,366196
-0,191513	0,633255	10,429642
-0,086166	0,636841	10,549347
-0,015533	0,647614	10,707367
-0,052643	0,664383	10,712143
-0,078979	0,745773	10,697784
-0,077789	0,797256	10,651093
-0,162781	0,835556	10,533783
-0,253754	0,883438	10,390137
-0,228622	0,866684	10,287186
-0,070602	0,907394	10,372177
0,096985	0,976822	10,424850
0,186768	1,009140	10,331467
0,207123	1,040268	10,226120
0,278946	1,042664	10,246475
0,344788	1,158783	10,344635
0,356766	1,228210	10,205780
0,371124	1,237793	9,966354
0,338806	1,277298	9,961563
0,276550	1,312012	10,034592
0,219101	1,329956	9,990295
0,161636	1,343124	9,943619
0,105377	1,352707	9,882553
0,037140	1,345520	9,888550
0,020370	1,391022	9,895721
0,010803	1,365875	9,911285
-0,005951	1,334747	9,907700
0,002426	1,248566	9,802353
0,014389	1,244965	9,724548
-0,086166	1,260529	9,766434
-0,166367	1,268906	9,801163
-0,211853	1,165955	9,819107
-0,178345	1,091736	9,954391
-0,160385	1,095337	9,911285
-0,221436	1,161179	9,810730
-0,265732	1,179123	9,664688
-0,307632	1,124069	9,515045
-0,348328	1,076172	9,457596
-0,399811	1,046249	9,497086
-0,368683	0,975616	9,474350
