0,101310	-0,016705	0,006233
-0,268500	-1,000730	0,053827
-0,204266	-0,775682	-0,115911
-0,143308	-0,649281	-0,222978
-0,143369	-0,547196	-0,074952
-0,219090	-0,456910	0,413134
-0,285404	-0,353077	0,846706
-0,269497	-0,270022	1,076706
-0,253916	-0,274428	1,212842
-0,235689	-0,308605	1,229807
-0,223024	-0,294773	1,186872
-0,203321	-0,271255	1,141991
-0,159788	-0,222742	1,022759
-0,110594	-0,162874	0,761713
-0,029100	-0,124550	0,468587
-0,002211	-0,060382	0,133536
0,003029	-0,004251	-0,078010
0,028277	0,041607	-0,275005
0,080080	0,065854	-0,496775
0,149294	0,089072	-0,568843
0,205629	0,077007	-0,661935
0,348378	0,063522	-0,657881
0,346695	0,066137	-0,632604
0,282154	0,055779	-0,611429
0,217105	0,000567	-0,391463
0,118129	0,014822	-0,166637
0,062900	0,010905	0,012247
0,005312	-0,042997	0,306685
-0,061827	-0,053551	0,426354
-0,072447	-0,065826	0,501972
-0,157555	-0,061279	0,612259
-0,240973	-0,036572	0,636340
-0,301946	-0,057993	0,632607
-0,359355	-0,033944	0,575995
-0,355477	0,002532	0,418657
-0,288215	0,021179	0,293752
-0,221953	0,058129	0,173710
-0,126806	0,090559	0,116934
-0,043986	0,167259	-0,011787
-0,010287	0,207550	-0,180865
-0,039833	0,167944	-0,332388
-0,121881	0,124785	-0,416276
-0,143477	0,091210	-0,347376
-0,154051	0,016462	-0,181185
-0,095470	0,015087	0,013072
-0,070627	0,071444	0,080367
-0,030647	0,112697	0,115050
0,022419	0,090158	0,145678
0,105081	0,103730	0,198903
0,315815	0,087781	0,206999
0,603165	-0,003518	0,235509
0,887634	-0,131146	0,271732
0,998364	-0,216966	0,352420
0,995981	-0,139100	0,408352
0,922237	0,058227	0,537363
0,816317	0,227587	0,861812
0,648269	0,339125	1,237240
0,490844	0,424535	1,319235
0,380224	0,492851	1,103264
0,193083	0,360772	0,754291
-0,205617	0,556769	0,758572
-0,769742	1,268060	0,420115
-1,098472	1,869660	-0,075712
-1,277166	2,267615	-0,242528
-1,466106	2,298675	-0,358744
-1,577975	2,185619	-0,573348
-1,569802	2,053037	-0,702881
-1,379377	1,846421	-0,623596
-1,026890	1,628443	-0,347570
-0,591666	1,416718	0,064803
-0,193694	1,255005	0,526842
0,206092	1,117969	1,081325
0,672442	0,854153	1,695370
1,104897	0,522433	2,202877
1,305304	0,265676	2,535153
1,415826	0,079424	2,668809
1,419001	-0,015000	2,650282
1,355464	-0,057008	2,428599
1,225155	-0,142335	1,898825
1,081638	-0,332215	1,242290
0,883511	-0,514771	0,544687
0,634983	-0,665602	-0,109173
0,323147	-0,763280	-0,793149
0,024851	-0,794498	-1,363316
-0,179326	-0,819473	-1,815616
-0,316800	-0,876807	-2,187038
-0,345371	-0,941826	-2,444906
-0,387393	-1,015862	-2,529570
-0,407595	-1,071259	-2,500584
-0,434292	-1,124207	-2,373965
-0,466183	-1,148353	-2,203712
-0,495530	-1,188750	-1,991852
-0,523804	-1,191381	-1,810877
-0,578016	-1,179118	-1,645027
-0,652036	-1,188460	-1,536285
-0,675816	-1,192101	-1,431104
-0,658439	-1,120319	-1,368980
-0,606243	-1,122269	-1,384405
-0,555856	-1,165967	-1,438884
-0,485872	-1,181772	-1,497787
-0,389649	-1,170467	-1,483618
-0,330872	-1,103964	-1,458867
-0,263746	-1,083330	-1,470683
-0,149705	-1,069691	-1,453316
-0,087208	-1,066446	-1,427936
-0,024747	-1,003511	-1,414321
-0,020762	-0,841115	-1,400573
-0,176534	-0,681510	-1,756360
-0,245622	-0,677374	-2,041941
-0,375587	-0,670232	-2,276155
-0,466143	-0,601298	-2,535353
-0,370998	-0,623739	-2,480309
-0,300631	-0,573686	-2,333808
-0,354470	-0,480982	-2,174456
-0,434882	-0,365633	-1,940675
-0,461871	-0,279091	-1,518068
-0,481545	-0,229974	-0,964503
-0,468561	-0,228999	-0,492916
-0,326008	-0,328768	-0,090744
-0,247391	-0,415285	0,201306
-0,320496	-0,336061	0,296067
-0,406751	-0,210426	0,326881
-0,432664	-0,085016	0,351531
-0,337513	-0,061311	0,232385
-0,140726	-0,133326	0,004902
0,051189	-0,191903	-0,309238
0,195126	-0,227252	-0,618020
0,226023	-0,183718	-0,823859
0,177937	-0,093349	-0,981817
0,104044	0,000980	-1,078508
0,080367	0,001736	-1,105104
0,069079	-0,090542	-1,079444
0,070583	-0,108823	-1,046478
0,066049	-0,156016	-0,931030
0,024104	-0,182271	-0,785046
0,047054	-0,187003	-0,831064
0,137240	-0,187908	-0,824788
0,219936	-0,234604	-0,791031
0,273630	-0,219287	-0,783179
0,285945	-0,188833	-0,679217
0,299618	-0,209489	-0,498366
0,318222	-0,207814	-0,301012
0,335986	-0,182523	-0,019582
0,353066	-0,166136	0,293673
0,292988	-0,191331	0,513613
0,265030	-0,264149	0,599562
0,258948	-0,334867	0,724816
0,147783	-0,355039	0,829804
-0,006273	-0,324254	0,906141
-0,140053	-0,257486	0,923142
-0,167584	-0,258662	0,857276
-0,089060	-0,282589	0,682940
0,071452	-0,380258	0,544436
0,271676	-0,486165	0,451833
0,351423	-0,484696	0,363383
0,256236	-0,417444	0,309859
0,118795	-0,300435	0,354186
0,079716	-0,158951	0,446154
0,268717	-0,173133	0,636574
0,522395	-0,203619	0,808051
0,593160	-0,147575	0,870537
0,538701	-0,137213	1,063227
0,457779	-0,092534	1,389754
0,404529	-0,058707	1,689281
0,278604	-0,122625	1,751742
0,134785	-0,244621	1,629323
0,051322	-0,248370	1,558195
-0,028852	-0,174746	1,421813
0,022890	-0,085219	1,171923
0,128444	-0,013585	0,814003
0,247359	0,048507	0,472113
0,417199	0,050304	0,177532
0,635432	0,090036	-0,002579
0,870345	0,083528	0,086047
0,965380	0,076393	0,359963
0,875734	0,188494	0,725641
0,752308	0,367226	1,122554
0,578861	0,465204	1,403695
0,336673	0,464107	1,786628
0,341164	0,452682	1,976141
0,679950	0,374597	1,800224
1,222952	0,198164	1,557013
1,802922	-0,001405	1,357659
2,066752	-0,096889	1,306403
2,015401	0,002934	1,208879
1,885258	0,382547	0,859840
2,029190	0,677619	0,500165
2,387573	0,708734	0,233506
2,717383	0,530586	-0,007605
2,895049	0,410113	-0,105693
2,825524	0,543569	-0,016549
2,370551	0,961576	0,306622
1,812164	1,734605	-0,032425
2,101916	1,933558	-0,654187
3,024197	1,394576	-0,459177
3,525473	1,169286	-0,003426
3,766569	0,941178	0,459820
3,785154	0,706019	0,940549
3,625707	0,468087	1,299278
3,398563	0,278705	1,559442
3,286758	0,248818	1,811628
3,246155	0,373347	2,055504
3,221325	0,644405	2,166339
3,244564	0,960849	2,141054
3,336899	1,274331	1,990565
3,472059	1,575873	1,645125
3,555285	1,875530	1,199266
3,392019	2,103769	0,887588
2,894608	2,243258	0,611425
2,249609	2,235133	0,481474
1,534416	2,067758	0,330589
0,956501	1,844782	0,134234
0,444387	1,694173	0,007790
-0,041939	1,535392	-0,051239
-0,547821	1,358550	0,160131
-1,055958	1,224743	0,595451
-1,439493	1,186655	1,098846
-1,659164	1,099678	1,382825
-1,852135	0,954449	1,402183
-2,041950	0,775045	1,299871
-2,340336	0,604716	1,061931
-2,710232	0,534531	0,593843
-2,933371	0,359631	0,114980
-3,109013	0,173739	-0,272897
-3,230373	-0,022861	-0,615754
-3,199131	-0,216519	-0,863221
-3,131034	-0,344651	-1,026722
-3,044012	-0,412660	-1,050259
-2,987785	-0,397169	-0,927364
-2,864277	-0,403930	-0,841489
-2,671621	-0,480200	-0,794809
-2,491643	-0,575700	-0,783333
-2,425224	-0,651136	-0,832575
-2,452545	-0,694249	-0,959102
-2,404480	-0,696183	-1,114925
-2,339221	-0,709217	-1,318100
-2,387563	-0,703360	-1,607068
-2,378361	-0,663249	-1,696494
-2,182327	-0,657968	-1,629180
-1,883765	-0,690131	-1,496801
-1,661199	-0,588507	-1,220415
-1,602861	-0,315654	-0,964845
-1,560011	-0,017892	-0,779542
-1,469237	0,209784	-0,409107
-1,250084	0,382340	-0,208536
-0,752032	0,308753	-0,120857
-0,073940	0,105267	-0,031561
0,529813	-0,156168	0,055196
0,826084	-0,295405	-0,045870
0,801639	-0,291866	-0,358473
0,625991	-0,301486	-0,486938
0,392577	-0,290994	-0,332091
0,146472	-0,247163	-0,251306
-0,156724	-0,231251	-0,033454
-0,437587	-0,296084	0,374506
-0,624923	-0,370950	0,794734
-0,914611	-0,421247	1,113668
-1,187548	-0,477782	1,383183
-1,347475	-0,514391	1,510685
-1,392103	-0,529298	1,533207
-1,356932	-0,581458	1,381705
-1,276122	-0,699798	1,043121
-1,081225	-0,760949	0,561547
-0,759645	-0,852009	-0,041094
-0,329982	-0,944974	-0,634291
0,049173	-0,996360	-1,177818
0,418587	-0,960845	-1,486213
0,632697	-0,817516	-1,639080
0,791558	-0,591769	-1,736472
0,892768	-0,482034	-1,728203
0,877984	-0,447883	-1,591327
0,731111	-0,420550	-1,358304
0,558082	-0,398684	-1,017685
0,509673	-0,367800	-0,709766
0,571496	-0,435976	-0,446182
0,464863	-0,588197	-0,504431
0,196634	-0,705189	-0,761711
-0,084026	-0,759512	-0,892853
-0,263546	-0,740727	-1,000623
-0,302781	-0,651005	-1,070566
-0,301600	-0,602212	-1,105452
-0,229781	-0,522944	-1,015563
-0,078490	-0,501680	-0,820104
0,081824	-0,485610	-0,579472
0,211028	-0,429674	-0,341959
0,271288	-0,432802	-0,155769
0,349196	-0,528199	0,020001
0,493871	-0,651441	0,107932
0,638346	-0,784520	0,204144
0,684017	-0,926407	0,238010
0,603720	-1,047596	0,202859
0,465739	-1,057376	0,073225
0,193502	-0,990517	-0,128164
-0,117171	-0,870942	-0,411870
-0,336998	-0,828907	-0,615836
-0,522419	-0,844131	-0,711980
-0,718656	-0,867798	-0,727604
-0,844980	-0,901098	-0,847354
-0,857942	-1,024468	-0,957534
-0,814686	-1,044623	-1,137609
-0,721659	-0,961162	-1,206011
-0,589778	-0,875229	-1,129530
-0,449801	-0,751892	-0,990770
-0,167348	-0,669519	-0,832838
0,300911	-0,589241	-0,743846
0,809589	-0,485760	-0,791403
1,224197	-0,419248	-0,864873
1,611425	-0,362217	-0,932279
1,920256	-0,307010	-0,979502
2,138585	-0,236990	-0,973214
2,294096	-0,209709	-0,851362
2,287303	-0,184039	-0,665757
2,141086	-0,092642	-0,457911
1,992519	-0,076030	-0,317488
1,870786	-0,149886	-0,182165
1,726463	-0,248242	-0,112211
1,656024	-0,461960	-0,145311
1,513491	-0,633887	-0,282887
1,295070	-0,643096	-0,534684
1,135653	-0,594921	-0,761975
1,055042	-0,489352	-0,981162
1,016421	-0,330190	-1,119158
1,023818	-0,154021	-1,135708
1,040283	-0,000633	-1,120212
1,054406	0,155597	-1,055154
0,924934	0,228872	-0,959992
0,734199	0,269291	-0,864722
0,490631	0,256607	-0,713811
0,141590	0,271363	-0,675431
-0,307150	0,357874	-0,622706
-0,536846	0,425166	-0,487630
-0,593246	0,401424	-0,352750
-0,715930	0,319223	-0,078221
-0,979763	0,204622	0,406686
-0,832651	0,066969	0,911457
0,125883	0,066978	1,110318
0,701170	0,088068	1,159275
0,875060	0,024482	1,241544
0,775707	-0,125031	1,107200
0,534371	-0,222608	0,767010
0,194782	-0,235545	0,395248
-0,192770	-0,179818	0,008789
-0,525799	0,061090	-0,311877
-0,648569	0,313191	-0,299307
-0,552376	0,432511	-0,146550
-0,327936	0,441785	0,030246
-0,046871	0,429087	0,250210
0,200968	0,353804	0,270077
0,452864	0,238988	0,180625
0,637145	0,200761	0,032452
0,734776	0,158692	-0,217288
0,771696	0,135572	-0,315566
0,723656	0,208067	-0,143273
0,584674	0,266051	0,145867
0,233108	0,109410	0,667365
-0,071131	0,095182	1,994354
-0,137349	0,269603	3,411242
-0,076359	0,180245	3,230825
-0,186551	0,222724	2,253300
-0,625206	0,381207	2,271903
-0,911004	0,511826	2,694756
-1,123371	0,648889	2,727546
-1,478091	0,733626	2,458807
-1,847109	0,683629	2,054191
-1,926833	0,529667	1,684527
-1,768444	0,468741	1,333254
-1,647470	0,673784	0,749611
-1,501850	0,920192	0,232904
-1,371951	1,062716	-0,039690
-1,103298	1,081935	-0,142848
-0,694943	0,910556	0,082047
-0,404636	0,789736	0,517664
-0,307425	0,808961	0,934151
-0,421196	0,934474	1,126569
-0,701838	1,074154	1,065977
-0,980928	1,148544	0,961949
-1,060560	1,039502	1,069315
-0,971031	0,854575	1,329512
-1,080414	0,777520	1,394005
-1,473413	0,816425	1,242572
-1,678633	0,911710	1,086953
-1,562218	1,067429	1,078340
-1,394391	1,308851	1,037928
-1,266819	1,551768	0,879183
-1,170511	1,695357	0,772304
-1,162422	1,742235	0,441622
-1,241192	1,780690	-0,343895
-1,208432	1,815287	-1,005816
-1,217649	1,866902	-1,657949
-1,025840	1,800943	-2,241911
-0,815887	1,562373	-2,120091
-0,912231	1,375350	-1,708525
-1,034338	1,221910	-1,347667
-1,023784	1,043605	-0,873190
-1,031637	0,904794	-0,226420
-1,188274	0,871321	0,266105
-1,459140	0,947007	0,601702
-1,769704	0,905091	0,658534
-1,865873	0,767177	0,515341
-1,865233	0,637680	0,418010
-1,809179	0,525463	0,242477
-1,805509	0,493161	-0,004261
-1,869627	0,443370	-0,242825
-1,912291	0,356612	-0,508384
-1,983776	0,326465	-0,897039
-2,044784	0,288943	-1,471331
-2,092639	0,250307	-2,165382
-1,970999	0,252919	-2,760859
-1,724284	0,297148	-3,238191
-1,419650	0,274107	-3,592286
-1,000686	0,223118	-3,625612
-0,646361	0,136355	-3,428175
-0,372472	0,118667	-3,256810
-0,109318	0,137072	-2,983732
0,147177	0,196803	-2,612046
0,283415	0,273324	-2,273512
0,329210	0,414986	-2,030455
0,347646	0,572357	-1,911669
0,395902	0,631238	-1,873146
0,510179	0,513609	-1,841363
0,535511	0,308409	-1,689521
0,429373	0,121275	-1,554645
0,258257	-0,036098	-1,298306
-0,000243	-0,191684	-0,943832
-0,404345	-0,334353	-0,605677
-0,883718	-0,484878	-0,406966
-1,246146	-0,642638	-0,334190
-1,379986	-0,747790	-0,375567
-1,335752	-0,822329	-0,342593
-1,073386	-0,839821	-0,004970
-0,769647	-0,844244	0,594571
-0,537189	-0,826702	1,145079
-0,228641	-0,715000	1,597935
0,142698	-0,569119	1,980326
0,541283	-0,404539	2,185689
1,011468	-0,323631	2,058842
1,560957	-0,302008	1,670047
2,046507	-0,308635	1,187600
2,406224	-0,257442	0,515290
2,603983	-0,216489	-0,176733
2,692269	-0,187559	-0,762919
2,686285	-0,210387	-1,192611
2,567534	-0,271740	-1,340991
2,358569	-0,311240	-1,149404
2,082228	-0,340936	-0,748100
1,771117	-0,317756	-0,279571
1,437011	-0,259954	0,151746
1,080651	-0,231901	0,444139
0,788862	-0,249681	0,638783
0,535325	-0,216028	0,746622
0,386122	-0,169954	0,736152
0,271556	-0,142666	0,593719
0,202877	-0,122751	0,434753
0,079941	-0,020626	0,204150
0,056287	0,078311	-0,014817
0,147507	0,126809	-0,076014
0,217603	0,223078	-0,065596
0,185569	0,324018	-0,139623
0,149420	0,422984	-0,308988
0,199980	0,457138	-0,399461
0,328539	0,455738	-0,445985
0,411268	0,473758	-0,439149
0,457335	0,495852	-0,440381
0,528686	0,487660	-0,377207
0,447839	0,506009	-0,359224
0,300812	0,506321	-0,567982
0,136268	0,472086	-0,938969
-0,000166	0,305842	-1,143826
-0,168687	0,199666	-1,255991
-0,466310	0,190385	-1,353390
-0,814527	0,234669	-1,340329
-1,107481	0,293070	-1,243687
-1,275768	0,325435	-1,079226
-1,335690	0,401131	-0,802090
-1,438218	0,426250	-0,542074
-1,693579	0,294076	-0,282341
-1,884453	0,156733	0,073883
-1,858075	0,031527	0,607849
-1,567869	-0,128965	1,256262
-1,169054	-0,217137	2,004827
-0,685292	-0,262773	2,856511
-0,050235	-0,242774	3,601053
0,579428	-0,169329	3,936214
1,000799	-0,151735	3,755184
1,331193	-0,260255	3,393918
1,626161	-0,471570	2,980418
1,850636	-0,754575	2,550972
1,854007	-0,959922	2,031195
1,562686	-1,070562	1,543548
1,108413	-1,127471	1,310497
0,515148	-1,165344	1,214084
-0,035111	-1,154455	1,395510
-0,423609	-1,123723	1,692934
-0,623323	-1,024430	2,103261
-0,625074	-0,975648	2,414274
-0,369810	-0,991212	2,690856
0,116908	-0,892567	2,915966
0,751449	-0,801199	3,040487
1,492761	-0,850688	3,092241
2,145185	-0,859640	3,024452
2,653721	-0,916594	3,160810
2,398795	-0,501524	2,649314
1,976494	0,101563	1,455779
2,001618	0,074549	0,439660
2,344446	-0,377067	-0,378985
2,617769	-0,852313	-1,168923
2,661159	-1,197085	-1,731940
2,468905	-1,413527	-2,042510
2,029714	-1,501440	-2,139672
1,487772	-1,410881	-1,973176
0,939314	-1,128705	-1,593873
0,488085	-0,744956	-1,154431
0,251600	-0,371868	-0,726255
0,073913	-0,185434	-0,542698
-0,112293	-0,133027	-0,433207
-0,231570	-0,177296	-0,445198
-0,311672	-0,275907	-0,553449
-0,405441	-0,398862	-0,818162
-0,502478	-0,518284	-1,098902
-0,565752	-0,466337	-1,289962
-0,640309	-0,305077	-1,428454
-0,703776	-0,134881	-1,457839
-0,696138	-0,015010	-1,542638
-0,659389	0,102909	-1,590361
-0,584005	0,172354	-1,388170
-0,552446	0,234600	-1,066481
-0,562623	0,269089	-0,764122
-0,565980	0,359876	-0,520319
-0,580153	0,501462	-0,180672
-0,566588	0,608994	0,138934
-0,546166	0,546570	0,367812
-0,428315	0,322327	0,515478
-0,264124	0,102722	0,679570
-0,164375	-0,004969	0,798392
-0,220563	-0,067183	0,894414
-0,368943	-0,032677	0,918571
-0,547987	0,122295	0,927350
-0,751549	0,350668	0,867332
-0,938348	0,504631	0,725469
-0,931672	0,474566	0,562175
-0,877503	0,408389	0,428670
-0,839905	0,305642	0,338151
-0,786841	0,223444	0,307875
-0,713750	0,198860	0,359300
-0,686882	0,147601	0,374598
-0,624200	0,062539	0,324569
-0,601838	-0,009344	0,156225
-0,559046	-0,086016	0,053154
-0,572689	-0,159792	-0,045575
-0,623825	-0,099098	-0,089134
-0,675281	0,013617	-0,100995
-0,611086	0,084637	-0,096128
-0,528139	0,088778	-0,170750
-0,351637	-0,015171	-0,253433
-0,198949	-0,097366	-0,251587
-0,093083	-0,061621	-0,221386
-0,088834	-0,014812	-0,223081
-0,077769	0,033157	-0,231138
-0,094783	0,062915	-0,267272
-0,101681	0,074282	-0,243505
-0,142637	0,108266	-0,244596
-0,161985	0,121086	-0,214830
-0,180345	0,228070	-0,140260
-0,275489	0,311741	-0,123707
-0,364044	0,362406	-0,090347
-0,350610	0,413460	-0,097168
-0,304426	0,441864	-0,136157
-0,288548	0,446387	-0,197036
-0,281595	0,458623	-0,333838
-0,320088	0,465531	-0,446159
-0,375785	0,493104	-0,445990
-0,372454	0,482581	-0,396062
-0,311367	0,432036	-0,372391
-0,313266	0,381066	-0,339087
-0,386599	0,378595	-0,249249
-0,447182	0,368953	-0,098837
-0,582807	0,434030	0,079903
-0,656822	0,481294	0,250665
-0,639422	0,464527	0,345149
-0,565163	0,393643	0,390084
-0,543110	0,322580	0,464338
-0,491946	0,286787	0,428929
-0,465383	0,210277	0,394852
-0,445097	0,175887	0,304395
-0,335960	0,126342	0,160191
-0,229511	0,118310	0,019937
-0,132852	0,099445	-0,140154
-0,039240	0,100626	-0,239491
-0,016072	0,113057	-0,339078
-0,103837	0,142155	-0,448436
-0,211402	0,161613	-0,533041
-0,291705	0,139825	-0,594023
-0,279323	-0,000189	-0,538426
-0,235910	-0,209880	-0,363712
-0,304609	-0,297189	-0,232547
-0,682310	0,082110	-0,193691
-1,653881	1,278115	-0,193271
-2,663851	2,878473	0,242820
-2,713356	4,069697	0,938384
-1,376764	3,349617	1,067700
0,710515	0,386042	0,445224
2,204130	-2,580485	-0,143723
2,320677	-3,483675	-0,222241
1,768431	-2,988050	0,234963
1,337181	-2,159642	0,915815
1,124323	-1,461478	1,383873
1,046944	-0,973809	1,437493
0,992706	-0,585603	1,138508
0,729993	-0,194581	0,639773
0,346494	0,136425	0,031069
-0,070449	0,372507	-0,505699
-0,429845	0,536470	-0,795294
-0,669487	0,630287	-1,040373
-0,681158	0,621063	-1,218248
-0,364885	0,403003	-1,359584
0,092125	0,090639	-1,410409
0,406012	-0,207128	-1,250910
0,546038	-0,383097	-0,956673
0,570900	-0,395540	-0,653290
0,484491	-0,326015	-0,363660
0,354072	-0,181319	-0,213352
0,177911	-0,077063	-0,111307
-0,014727	-0,035796	-0,140754
-0,182253	-0,029589	-0,079095
-0,409157	-0,013137	-0,032624
-0,583990	0,000978	0,017956
-0,723845	-0,000170	0,141733
-0,812755	-0,019288	0,280977
-0,811093	-0,029799	0,327259
-0,767624	-0,027672	0,445682
-0,694544	-0,050873	0,496365
-0,547017	-0,089539	0,508188
-0,399308	-0,146325	0,531038
-0,343384	-0,214741	0,456434
-0,248853	-0,195743	0,498265
-0,205784	-0,072316	0,564298
-0,116739	0,040792	0,579771
0,036846	0,114994	0,669713
0,212399	0,207876	0,745500
0,418918	0,282183	0,583949
0,668399	0,235316	0,296700
0,954189	0,123129	0,094660
1,203879	0,014226	-0,091863
1,363420	-0,044161	-0,136698
1,398146	-0,028627	-0,123726
1,286107	0,041270	-0,126752
1,104545	0,098128	-0,086082
0,909503	0,119689	-0,046832
0,724721	0,088085	-0,012575
0,513700	0,028330	0,034959
0,336266	-0,036711	0,093092
0,156000	-0,062889	0,195140
0,034773	-0,064667	0,307418
-0,057411	-0,029712	0,346496
-0,169464	-0,005569	0,417968
-0,209314	-0,018823	0,539318
-0,231624	-0,017939	0,576071
-0,237008	-0,044039	0,591105
-0,214509	-0,068739	0,553329
-0,126600	-0,086596	0,484801
-0,086912	-0,070241	0,274828
-0,016856	-0,036076	0,135585
0,115800	-0,055679	0,064413
0,242042	-0,106788	-0,044234
0,275994	-0,117034	-0,160839
0,207392	-0,081188	-0,221566
0,093123	-0,034299	-0,299836
0,014171	0,028103	-0,246583
-0,050919	0,039719	-0,174281
-0,066589	-0,003650	-0,112606
-0,023584	-0,065176	-0,056564
-0,042805	-0,076079	0,039026
-0,037125	-0,096300	0,103047
-0,057471	-0,044484	0,223209
-0,098650	-0,050907	0,318399
-0,141164	0,014829	0,338032
-0,134965	0,044419	0,300113
-0,057215	0,010633	0,208487
-0,036190	-0,024050	0,060490
-0,005966	-0,023073	-0,087606
-0,007653	-0,029958	-0,191704
-0,017610	0,023922	-0,256793
-0,053358	0,061276	-0,351003
-0,035972	0,058604	-0,354546
-0,012506	0,003780	-0,325775
0,010112	-0,053482	-0,323828
0,015744	-0,070557	-0,277251
-0,031448	-0,110071	-0,187328
-0,132422	-0,037300	-0,082822
-0,201702	0,005597	-0,008799
-0,185311	0,059068	0,025517
-0,162617	0,059693	0,059683
-0,154984	0,008497	0,101372
-0,153674	-0,008522	0,132818
-0,182327	0,010419	0,124443
-0,187988	0,041856	0,080401
-0,249035	0,064124	0,034634
-0,228916	0,042682	-0,147549
-0,127591	0,031277	-0,302866
-0,057065	-0,020950	-0,470222
-0,011167	-0,068469	-0,580170
-0,042454	-0,064358	-0,580969
-0,093338	-0,017014	-0,457109
-0,130225	0,013208	-0,318764
-0,137688	0,042171	-0,209039
-0,121650	0,052889	-0,152864
-0,075286	0,013576	-0,117506
-0,030541	-0,034147	-0,187864
-0,023481	-0,108714	-0,141673
-0,014952	-0,134859	-0,017562
-0,063683	-0,098317	0,111402
-0,100739	-0,024064	0,273961
-0,117944	0,024804	0,327384
-0,145112	0,048578	0,353838
