-2,739262	-1,595048	-1,367882
-2,191410	-1,276039	-1,094306
-1,745468	-0,997852	-0,959701
-1,787017	-0,951475	-1,043508
-1,383656	-0,653944	-0,750550
-1,106925	-0,484858	-0,485545
-0,870220	-0,472142	-0,319499
-0,742134	-0,461970	-0,393473
-0,555409	-0,369576	-0,399035
-0,398369	-0,318640	-0,296249
-0,525506	-0,354487	-0,367213
-0,359128	-0,467421	-0,263132
-0,271983	-0,236063	-0,149228
-0,493334	-0,127573	-0,333853
-1,229568	-0,875683	-0,680703
-2,990483	-2,332052	-0,605840
-3,893678	-2,371179	-0,285521
-3,321753	-1,261192	-0,105863
-2,688041	-0,656610	-0,666823
-1,928303	-0,563586	-1,107933
-1,343492	-0,941086	-1,292307
-0,699471	-1,005637	-1,156400
0,145111	-0,298973	-0,289369
6,877058	3,016061	2,058003
-0,470380	-0,497706	0,092230
6,384666	2,857074	2,363282
6,167681	2,958858	2,368396
-2,059529	-0,749428	0,184480
-0,766765	1,031962	0,844612
6,587798	3,721458	1,818266
5,982586	3,337170	1,378016
-2,415141	-0,226152	-0,040163
-1,365299	0,048868	-0,055110
6,283712	2,652277	0,517784
5,769956	2,520123	0,812529
-2,759986	-0,597084	0,088151
-1,350109	0,441490	0,713932
6,403126	2,707136	0,668772
5,903786	2,594649	1,132470
-2,760185	-0,278224	0,808350
5,942509	1,837420	0,644652
-2,791537	-0,659000	0,801156
-1,758332	-0,366348	1,100504
6,138878	1,835859	0,594968
5,232658	1,291581	0,497313
-3,389906	-0,918566	0,983652
4,971343	1,339532	0,208779
-3,598958	-0,880205	0,752825
-2,718314	-0,282883	0,609920
5,393020	1,646355	-0,391012
4,682079	1,209849	-0,044722
-3,822008	-0,904782	0,843170
4,715981	0,748001	-0,117697
-3,771013	-1,310026	0,904886
4,572945	0,645936	0,092528
-3,885441	-1,391678	1,073066
4,330113	1,037900	-0,110856
-4,020333	-1,236666	1,033817
-3,308183	-1,035291	0,643222
4,737955	1,544228	-0,664244
3,606532	1,020912	-1,075230
-4,499275	-1,555731	0,318638
-3,637718	-1,566290	-0,120413
4,309481	1,575647	-1,289728
3,723332	1,061367	-1,054761
-4,240990	-1,979586	0,349589
3,593297	1,583327	-0,767969
-4,088472	-2,153102	0,555819
3,508500	1,253022	-0,725539
-4,156310	-2,417346	0,589763
3,194142	1,370374	-0,668710
-4,040473	-3,012215	0,544275
-3,385571	-2,532326	0,167333
3,887329	2,082653	-0,945377
-3,662095	-2,097707	0,276984
3,149570	3,212414	-0,599424
-3,942573	-2,994698	-0,102788
2,925188	2,494822	-0,903241
1,607421	1,737656	-0,823835
-4,083559	-4,314604	-0,242352
-3,121314	-4,194670	-0,691759
2,872444	2,348994	-0,970124
1,055693	2,678043	-0,878266
-3,619703	-4,307525	-0,834799
-3,546833	-3,767725	-1,717211
0,520295	4,025512	-0,526882
0,408577	2,454445	-0,697253
-3,030900	-5,076137	-1,404690
-1,229815	-5,906885	0,055834
1,114192	2,674078	1,591736
2,147536	-1,675241	2,276803
-0,380015	-8,739779	0,274374
-0,342310	-10,990161	-0,217101
0,697692	-1,291859	1,912256
-1,723186	-8,633331	-1,352736
-0,407009	0,593605	1,003748
-2,209414	0,615668	1,342095
-1,896977	-6,964687	-1,359866
-1,878354	3,302507	2,035017
-1,632128	-4,815216	-0,805528
-2,110206	2,715343	2,533085
-1,258984	-5,145886	-0,768057
-1,581661	-4,966930	-0,882533
-1,694510	3,344618	2,088498
-2,114049	2,581573	1,426563
-1,062771	-5,158782	-1,853298
-1,057027	-4,127026	-1,988175
-1,474090	3,922421	1,404008
-1,096828	3,612351	1,063704
-0,362077	-4,394954	-2,015146
-0,396896	-1,463177	-1,121899
-0,832902	6,114294	1,968590
-0,391908	6,998874	1,292707
-0,095534	-1,786346	-1,603396
-0,145364	-0,540559	-2,025703
0,128889	7,030447	0,786547
0,156729	5,869466	-0,672902
-0,119797	-2,767321	-2,945432
0,118633	-2,198537	-3,444015
0,913431	5,772439	-0,715835
0,991173	5,238383	-0,702882
-0,025587	-3,340562	-2,601683
1,827204	6,026637	-0,166336
0,020051	-2,728830	-1,703395
0,467960	-1,600930	-1,270800
1,816080	6,269395	0,553686
2,126196	5,308363	-0,161382
-0,360470	-3,236292	-1,271273
1,849647	5,338209	-0,089322
-0,581709	-3,212416	-1,213624
2,441156	5,251554	-0,358777
-0,670191	-3,145345	-1,121274
-0,099553	-2,868620	-0,789784
2,543474	5,051692	0,202425
0,177628	-3,489066	-0,373585
3,227156	4,403454	0,218558
0,094124	-3,694923	-0,043853
3,160352	4,238769	0,482344
3,489928	3,421081	0,314717
-0,649645	-4,311737	0,104232
0,177312	-3,035768	0,282536
3,791295	4,515034	0,098151
3,959854	3,903094	0,476822
-0,481562	-3,821173	0,509336
4,186821	3,958575	0,913169
-0,410691	-3,710780	1,059736
0,445071	-2,669898	2,234186
4,116206	4,741722	1,458148
0,153247	-3,045964	2,338280
3,899157	4,431135	1,526352
-0,029142	-3,882153	1,626631
3,753245	3,762184	0,957032
3,643961	1,781350	-0,198431
-0,790407	-5,485930	0,077234
0,623857	-5,805780	0,038808
4,204662	2,266387	-0,204932
4,259912	1,288098	1,407127
-0,236374	-5,914675	1,307218
0,232182	-4,624505	3,083241
3,748282	3,289227	2,349849
3,059903	3,037343	3,304574
-1,114614	-4,558956	2,760403
-1,006586	-3,371418	2,667901
2,727193	4,307673	2,192932
2,059199	3,507416	0,804549
-1,885101	-4,198874	0,585028
-1,967660	-3,359099	-0,719223
1,977894	4,300846	-0,261865
-2,375669	-3,593407	-1,120458
1,651486	4,113400	-0,582853
0,876587	3,804162	0,051203
-2,896368	-3,899083	-0,598545
0,759687	4,351662	0,221949
-2,989887	-3,461083	-0,461949
0,829844	3,900324	0,433812
-2,963840	-3,748082	-0,755047
-2,501286	-3,090382	-1,569154
1,626687	4,396036	-0,153226
-2,640411	-3,657898	-3,108951
1,502949	3,824405	-0,782294
-2,933775	-4,288652	-3,663481
1,268258	3,319802	-1,225918
0,152931	1,693985	-1,600494
-3,404882	-5,268580	-3,568067
-3,336678	-3,671030	-4,018720
0,857885	3,686944	-0,927304
0,190045	3,632607	-1,667850
-3,238932	-3,573492	-4,174258
-3,387749	-2,322618	-5,346234
0,471538	4,426603	-0,823268
-0,541927	3,648517	-2,619485
-3,615279	-3,365884	-5,549306
-3,290525	-2,079936	-5,412220
0,358586	4,417390	-0,377528
-0,249307	4,315197	-0,493514
-3,190452	-2,629181	-4,347058
-2,965982	-0,954398	-2,887854
0,498195	5,164075	1,952364
-2,932004	-0,999730	-2,218198
0,525378	5,127810	2,488088
0,028559	4,651364	2,479578
-2,770436	-2,096889	-2,477024
0,530976	4,668985	2,364173
-2,368502	-2,082792	-2,569348
0,536674	4,260405	2,096059
-2,331501	-2,349803	-2,880651
-2,684784	-1,489200	-2,572608
0,613014	4,566767	2,499412
-3,304482	-1,514920	-2,496692
0,156097	4,546486	2,536018
-3,678219	-1,324630	-1,623698
-0,142892	4,698718	3,234413
-0,801986	4,742235	3,375398
-3,542543	-1,975119	-1,755382
-3,523403	-0,737534	-0,829832
0,082232	5,178880	3,791833
-0,645304	4,757926	3,389974
-3,518031	-1,972276	-1,663628
-3,419538	-1,079944	-1,032176
0,428569	4,807063	3,576132
-0,009489	3,646500	3,029418
-3,171790	-2,753818	-1,978339
-2,598709	-3,106893	-1,467776
1,255156	3,034956	3,293113
1,203275	1,393913	2,810663
-2,371504	-4,405341	-2,218804
1,714581	0,611829	2,643600
-2,155864	-4,879842	-2,388020
-1,678733	-4,868989	-1,849139
2,184542	1,474113	3,023589
2,317017	0,388849	2,757239
-1,921592	-4,918854	-2,260154
2,613255	0,666759	3,285914
-1,684602	-4,696527	-1,837214
2,969955	0,977999	3,342586
-1,696564	-4,305165	-1,694028
-1,196399	-3,758178	-1,094795
3,115409	2,081022	3,492261
3,196422	1,486035	2,763171
-1,851822	-3,758251	-1,989048
-1,106135	-2,815110	-1,422727
3,893684	2,512346	2,863607
3,582186	2,002217	2,482377
-1,912844	-3,162660	-2,015887
-1,078356	-2,652683	-1,727604
4,367636	2,404901	2,319087
-1,223016	-2,342698	-1,317386
4,251908	2,652889	2,647262
-1,277299	-2,389417	-0,794417
4,208481	2,615514	3,065636
-1,549490	-2,128250	-0,635889
4,191515	2,727361	3,016563
3,888754	1,977777	2,139809
-2,595217	-2,697245	-1,555305
3,882815	1,600814	1,946312
-2,599968	-2,998815	-1,710103
4,119885	2,111706	1,955408
-2,628205	-2,453731	-1,483416
-1,857455	-2,192774	-0,834389
4,438149	2,388876	2,380231
-2,289338	-2,507741	-0,561424
4,291823	1,994867	2,387387
-2,605579	-2,474103	-0,283207
4,038831	2,021777	2,609962
3,463200	1,364121	1,698251
-3,508272	-2,771357	-1,325657
-2,714702	-2,171128	-1,780532
4,107070	2,125751	1,259832
3,530844	2,190424	0,734629
-3,599769	-1,949068	-1,976511
-2,856836	-1,589893	-1,450995
4,253929	2,285878	1,314578
3,487400	1,882321	1,741031
-3,749479	-2,051936	-1,082549
-2,984264	-1,733465	0,160353
4,249323	2,001490	2,582367
2,878603	1,823322	2,012276
-4,333852	-1,929604	-0,844263
-4,125812	-1,980284	-1,571589
3,391116	1,611057	1,303878
-4,430792	-1,929417	-2,238054
3,147131	1,651750	0,770706
1,985160	1,617085	0,801119
-5,130246	-1,760701	-2,020552
2,575879	1,768363	1,765013
-4,657671	-1,639678	-1,249437
2,656480	1,465839	2,294025
-4,602117	-1,796402	-0,899201
-4,087655	-1,942658	-0,612125
3,457176	1,414947	2,244720
2,368626	1,289107	2,082559
-4,818267	-1,849828	-1,194304
2,866214	1,316995	1,812992
-4,420197	-1,827518	-1,409957
-3,444242	-1,569250	-1,556906
3,914070	1,548137	1,788863
-3,553527	-1,189704	-2,116494
3,826642	1,851773	1,341192
-3,692406	-0,877859	-2,459311
3,715539	2,101250	1,066939
-3,513201	-0,915726	-2,433605
3,813172	2,064235	1,192072
-3,374044	-1,022874	-2,491684
3,924497	1,978517	1,145609
-0,275992	0,476051	-0,328263
-6,814501	-2,473479	-3,412999
-6,991190	-0,990689	-1,359322
0,985977	2,136967	2,024567
7,215227	2,552135	2,546471
-0,806747	-0,887810	-1,074848
-1,327106	-2,196220	-1,442011
5,500585	1,241326	1,927929
3,780037	1,743706	1,841069
-3,538241	-1,603337	-1,608682
3,454520	1,674868	1,954854
-3,789584	-1,686579	-1,509404
3,000676	2,167428	1,567038
-4,152658	-1,292532	-1,819657
3,642337	2,524845	0,569444
-3,629313	-0,979840	-2,664944
-3,079623	-0,960044	-2,576215
4,079485	2,231681	1,059528
-3,294914	-1,076498	-2,050748
3,900488	2,150850	1,482198
-3,416029	-1,643712	-1,546396
3,803596	1,697078	1,885679
3,017334	0,974548	1,898064
-4,119988	-2,278235	-1,564925
-3,211735	-1,868546	-0,746403
3,964468	1,563037	2,486253
3,305882	1,579559	2,257149
-3,885584	-1,832289	-1,247077
-3,093148	-1,350937	-0,974682
4,047816	2,030090	2,274903
3,077401	1,524496	1,605452
-4,060414	-1,891242	-1,770287
-3,271310	-1,635548	-1,822191
3,891378	1,802893	1,625923
-3,372345	-1,814550	-1,966769
3,810550	1,659691	1,510261
-3,528923	-1,706982	-1,890787
3,685288	1,745746	1,571047
2,968681	1,495372	1,370139
-4,130953	-1,921893	-1,985972
-3,212847	-1,483897	-1,504521
3,935621	1,931073	1,878466
3,147714	1,452589	1,650068
-3,986944	-1,971085	-1,748471
-3,197216	-1,691763	-1,276223
3,947343	1,779746	2,047547
3,178792	1,458472	1,576818
-3,960021	-1,978075	-1,799469
3,299194	1,526120	1,491973
-3,858494	-1,941301	-1,860524
3,441693	1,632135	1,573343
-3,744495	-1,856489	-1,795428
-2,949638	-1,485191	-1,398044
4,138139	1,974045	1,935667
3,286179	1,582605	1,662514
-3,867553	-1,907142	-1,715517
3,364715	1,552624	1,681974
-3,805283	-1,943474	-1,685830
-3,090184	-1,516481	-1,425260
4,024908	1,972388	1,891201
3,207040	1,712112	1,511602
-3,933856	-1,812211	-1,820769
3,413681	1,670854	1,596414
-3,768544	-1,845217	-1,752919
3,486899	1,574093	1,570767
-3,712215	-1,921206	-1,770106
-2,946793	-1,544625	-1,408425
4,144300	1,944781	1,899980
3,320790	1,638850	1,601683
-3,850452	-1,868170	-1,735157
-3,088022	-1,471557	-1,395785
4,036666	2,002004	1,899875
3,230253	1,687543	1,592320
-3,931461	-1,815579	-1,738471
-3,183467	-1,360548	-1,367797
3,977556	2,049882	1,927862
3,143747	1,716502	1,496332
-4,009333	-1,765118	-1,825035
-3,230445	-1,412095	-1,559603
3,946895	1,981632	1,787368
3,180495	1,516369	1,284362
-3,986856	-1,898213	-2,007562
3,333626	1,591386	1,407624
-3,871529	-1,821528	-1,910553
3,433547	1,721671	1,546508
-3,791592	-1,717301	-1,799446
3,520732	1,767177	1,664108
-3,729761	-1,665999	-1,703442
-2,953170	-1,248543	-1,171262
4,183810	2,080906	2,097719
3,359704	1,522850	1,702270
-3,863579	-1,834480	-1,689348
3,483459	1,470281	1,515854
-3,764576	-1,876535	-1,838480
3,540750	1,513162	1,417256
-3,719811	-1,826840	-1,930408
-3,006487	-1,407854	-1,590284
4,147221	1,911086	1,791985
3,297543	1,623544	1,470636
-3,917122	-1,718315	-1,901772
3,383161	1,688456	1,495586
-3,848628	-1,666385	-1,881812
-3,071243	-1,356087	-1,451833
4,099424	1,924805	1,921441
