-2,888241	-1,511547	-1,875128
-2,325912	-1,178599	-1,614997
-1,883708	-0,889262	-1,445190
-0,809938	-0,412683	-0,872746
-1,444554	-0,866322	-0,920326
-0,856917	-0,876889	-0,621366
-0,739151	-0,862364	-0,726882
-0,966644	-0,804786	-0,696401
-2,450778	-0,705106	-0,947762
-4,503625	-2,019418	-0,980340
-4,384184	-2,358520	-0,294055
-3,269898	-2,315757	0,124760
-2,569961	-2,166651	0,467471
-1,550431	-1,243103	0,779938
-0,719489	-1,109377	0,233308
0,060160	-0,849204	-0,249953
1,112820	-0,434254	-0,085068
1,908989	0,227070	0,475781
2,484647	0,894004	0,978077
2,853257	1,343294	1,364595
3,048571	1,633790	1,221890
3,112905	1,789590	1,161344
9,024574	5,121469	3,217746
1,351799	0,744403	0,645529
7,615690	4,285319	2,805094
6,754733	3,733670	2,107367
-1,317747	-0,625293	-0,136704
-0,632917	0,051260	0,403833
6,215200	3,653237	2,145664
-1,389370	-0,199422	0,368832
5,752103	3,389469	1,653244
-2,024467	-0,622961	0,324420
5,244024	3,050638	1,617715
4,422729	2,997422	1,170714
-3,376753	-1,148826	-0,137297
-2,379697	-0,804166	0,081654
5,005285	2,993924	0,829856
4,096144	2,364501	0,709843
-3,632127	-1,745656	-0,196659
-2,821446	-1,542059	0,011185
4,577954	2,569286	0,615638
3,677682	2,530327	0,714640
-3,892964	-1,778671	-0,034978
3,328004	2,887278	0,293483
-4,002102	-1,793582	-0,308808
-3,377854	-1,909764	-0,392580
3,962223	2,575593	0,229531
3,001905	1,807101	0,315959
-3,995533	-3,063079	-0,292948
3,292547	1,637016	0,158164
-3,763020	-3,199148	-0,419184
3,104509	2,247846	0,115812
-3,524083	-3,208038	-0,534681
-2,865224	-2,719624	-0,619236
3,715511	2,830616	0,131942
2,189615	2,576274	-0,167102
-3,702994	-3,517505	-0,955595
-3,406655	-3,151028	-1,162778
2,030966	3,626266	0,137522
1,379664	1,974195	-0,089133
-3,652559	-4,567732	-1,139051
-2,646300	-4,841432	-0,673792
1,391334	2,978152	0,977569
-2,471903	-5,150484	-1,079232
1,530851	2,730910	0,653217
-2,620717	-4,505717	-1,775313
1,411800	3,246724	0,096352
-2,547446	-4,437750	-1,991015
0,369598	3,655220	0,365412
-1,797831	-4,687205	-2,025898
0,969290	3,455656	0,337505
0,460468	1,735832	0,635316
-0,881655	-5,952328	-1,960816
-0,222766	-6,500603	-1,951635
1,071817	2,140511	0,907761
-0,393314	-1,008996	1,812383
-0,413489	-8,054045	-1,553843
-1,676822	-1,740871	3,310266
-0,232876	-8,346997	-0,809797
-1,754462	-0,067982	3,637414
-0,294987	-7,008686	-0,548079
-0,963656	-5,606949	-0,905702
-1,879507	2,468740	2,733449
-2,756741	0,709396	1,688174
-0,510065	-6,116942	-2,390170
-0,959546	-5,988883	-1,973413
-2,462965	1,893353	2,161979
-2,962687	1,251150	2,163714
-0,348896	-5,420007	-2,298336
-2,759950	2,084922	2,451066
-0,186706	-4,752990	-2,068454
-0,593625	-3,771753	-1,761998
-2,352177	3,359482	2,756958
-1,965998	3,599083	1,363006
0,304479	-3,497618	-3,076153
0,404436	-1,718082	-3,012417
-1,177559	5,063484	1,814823
0,765872	-1,176937	-3,247796
-0,888411	5,496401	1,626519
0,139558	5,887815	0,973179
1,045874	-1,862635	-3,401584
0,178219	6,469176	1,152474
1,076803	-1,397547	-3,258148
0,919534	6,394855	0,903101
1,037539	-1,585085	-3,346292
0,952586	-0,846787	-3,366403
0,460157	6,023539	1,375652
0,761953	-1,529795	-3,443151
1,069731	5,615517	1,061311
0,740300	-1,404802	-2,736993
1,052409	5,715511	1,626237
1,693610	5,296498	1,323928
0,173251	-2,667514	-2,473242
0,330092	-2,072734	-1,963274
1,445710	5,246525	1,961765
2,327493	4,139638	1,141695
-0,038648	-3,589037	-2,298546
0,336745	-3,131658	-1,992030
2,822615	4,367819	1,197435
2,687032	3,570852	1,141780
-0,403593	-4,016464	-1,877635
0,106066	-2,945084	-0,965933
3,194213	4,478697	1,500342
3,037928	3,667213	1,989217
-0,679018	-3,900993	-0,681715
3,318802	4,277096	1,824389
-0,877610	-3,371101	-0,251519
-0,165912	-2,191344	0,610707
3,399921	5,039702	2,199596
3,756929	3,799099	1,997838
-0,844093	-3,689348	0,392065
3,725857	3,945661	2,385398
-0,868951	-3,572098	0,702112
-0,319838	-2,972574	0,959992
3,818487	4,257435	1,726583
3,414794	3,130201	1,764248
-1,342523	-4,131333	0,452810
-0,668057	-3,289747	1,005658
3,602054	3,950314	1,860103
-0,649744	-4,134208	0,731232
3,616705	3,274745	1,640563
3,639991	0,788066	1,639987
-1,220489	-5,881648	-0,124742
-0,516812	-5,701073	-0,245327
3,719031	1,951241	1,240470
-0,896827	-5,479623	-0,160949
3,415019	2,128402	1,307973
2,912315	1,442575	1,656335
-1,845055	-5,266405	-0,376936
-1,345830	-4,481212	0,027816
3,108677	2,771631	1,926358
2,563538	2,385817	1,809175
-2,134511	-4,447947	-0,456766
-1,922079	-3,351546	-0,419030
2,648693	3,598709	1,806215
1,827888	2,771732	1,061989
-2,724045	-4,062560	-1,291847
-2,355408	-3,479837	-1,393481
2,264760	3,424153	1,292412
-2,720261	-3,583594	-1,894124
1,972878	3,341147	0,891898
1,115705	3,176493	0,368828
-3,169248	-3,611250	-2,387875
1,174070	3,776641	0,251781
-3,122556	-3,131131	-2,481513
0,866396	3,841447	0,464632
-3,207500	-3,058724	-2,583673
-3,010260	-2,477618	-2,518858
1,492409	4,149787	0,940292
-3,013076	-3,103119	-3,283155
1,228806	3,643158	0,656946
-3,123460	-3,111551	-3,845583
1,140499	3,636412	0,207003
-0,207764	2,858167	-0,770974
-3,481918	-3,834114	-4,235174
-3,658735	-2,845162	-4,560065
0,388720	3,844518	-0,029657
-0,447849	3,610426	-0,535082
-3,336442	-3,269240	-4,270431
-2,661494	-1,757512	-4,166990
0,533143	4,796259	0,665523
-0,033065	4,181692	0,065179
-2,688790	-2,856915	-3,946972
-2,916997	-2,009785	-3,525240
0,025171	4,617562	1,330686
-2,568421	-1,841972	-3,316120
0,304032	4,751812	1,497983
-2,000648	-1,198396	-3,113345
0,758250	5,266673	1,660203
0,302968	5,203502	1,360682
-1,988934	-2,072317	-3,117832
-2,265196	-0,577843	-2,455967
0,305595	5,756231	2,324096
-0,812556	5,324992	1,935873
-2,767797	-1,958512	-2,740171
-3,585314	-0,992336	-2,490863
-0,771347	5,380832	2,369089
-1,880919	4,879139	1,765056
-3,601640	-2,271389	-2,949734
-3,984302	-0,890294	-2,252551
-0,984187	5,360857	2,649056
-1,767784	4,809542	2,486907
-3,617482	-2,225459	-2,461571
-3,659950	-1,512279	-1,570955
-0,724706	4,863269	3,194333
-0,782077	3,408420	2,893372
-2,879372	-3,293102	-2,183239
0,286115	2,682033	3,172437
-2,153911	-3,783660	-2,013415
-1,156314	-4,099279	-1,296686
1,457751	2,649863	3,514017
-0,465956	-4,728554	-1,272913
2,166176	2,087375	3,525168
-0,208548	-4,989262	-1,256125
2,372103	1,878808	3,538599
2,446587	1,131503	3,261555
-0,785892	-4,930496	-1,859394
-0,529138	-3,975036	-1,081554
2,319851	2,655670	3,603395
2,291586	1,966823	2,967270
-1,131128	-4,211762	-2,018524
-0,721070	-3,576220	-1,607160
2,387541	2,924244	3,106612
-0,931810	-3,844127	-1,646622
2,615516	2,566613	2,974763
-0,992804	-3,979266	-1,506289
2,566721	2,458501	3,087029
2,745586	1,267612	2,871770
-1,443083	-4,526088	-1,898914
-0,794463	-3,743425	-1,189766
3,338298	2,442851	3,071874
-0,943227	-3,559907	-1,390016
3,219287	2,589666	2,911675
3,249728	2,353752	2,258286
-1,711360	-3,430648	-2,031110
3,263759	2,860197	2,281787
-1,700134	-3,025491	-2,012309
3,580017	2,630937	2,238021
-1,762065	-3,053815	-1,888939
-1,026670	-2,994547	-1,388597
3,804743	2,762927	2,568478
-1,138025	-2,825669	-0,636478
4,028774	2,697038	3,037068
-1,394469	-2,455258	-0,718295
3,823618	2,993367	2,971615
3,428812	2,171783	2,030678
-2,474146	-2,951279	-1,889140
-2,002296	-2,437619	-2,147063
3,615359	2,738610	1,796032
-2,562357	-2,628031	-2,053878
3,673433	1,977116	1,842587
2,800872	2,248082	2,362589
-3,482621	-2,281075	-1,595618
-3,084823	-1,656348	-1,039045
3,424877	2,458937	2,705144
2,364579	1,921192	1,735175
-4,001072	-2,247062	-2,148240
2,685352	1,328128	1,307101
-3,937079	-2,262426	-2,623423
-3,417751	-1,763983	-2,581296
3,351160	1,913741	1,604067
-3,572945	-1,479889	-2,278615
3,227005	2,141017	1,846212
2,362409	1,926471	1,830290
-4,297944	-1,476553	-2,297765
-3,783039	-1,066347	-1,792254
3,240085	1,869461	2,422052
2,446535	1,533867	2,037217
-4,309289	-1,495445	-2,226081
-3,539347	-1,219335	-1,819163
3,472645	1,605397	2,436486
2,624923	1,560065	2,079403
-4,204184	-1,332813	-2,228294
-7,208490	-2,054345	-3,038818
0,616204	0,846948	1,390488
-7,628773	-0,740515	-1,682759
0,279978	1,898012	2,475336
7,094700	2,966366	2,114320
-0,745548	-0,094635	-2,080307
-0,358989	-1,714872	-1,549351
6,134117	1,095829	2,532282
3,616374	1,674604	2,530871
-3,554749	-1,152360	-1,685297
2,845744	2,290163	1,909837
-4,171253	-0,659914	-2,182125
2,723662	1,954999	1,142363
-4,264718	-0,964889	-2,778435
-2,852620	-0,871486	-2,544454
4,142358	1,888366	1,650941
3,260270	1,135370	1,274795
-3,816238	-1,677259	-2,666668
3,137134	1,366046	1,472867
-3,910207	-1,454164	-2,542803
3,100258	1,728354	1,679194
-3,939708	-1,164318	-2,377740
-3,174746	-0,671026	-1,710701
3,880118	2,010180	2,352535
-3,177947	-0,908218	-1,555661
3,890124	1,796110	2,471423
3,234654	1,161141	2,183949
-3,844758	-1,593772	-1,968793
3,430436	1,080153	2,251168
-3,700617	-1,667220	-1,887394
3,384897	1,120970	2,186073
-3,737048	-1,634567	-1,939470
3,444433	1,263143	2,030501
-3,701504	-1,521984	-2,041933
-2,922905	-1,163970	-1,809718
4,118726	1,601322	2,218559
3,263719	1,273886	1,629517
-3,853111	-1,506217	-2,355263
-3,036531	-1,113058	-1,884210
4,054653	1,622934	2,124617
-3,186538	-1,283970	-1,955271
3,934648	1,486204	2,067769
-3,359138	-1,577185	-1,908834
3,796567	1,251632	2,104919
-3,492582	-1,527394	-1,925072
3,698749	1,299194	2,070544
-3,526155	-1,290262	-1,747356
3,692106	1,503577	2,165718
-3,521048	-1,172073	-1,578260
3,696192	1,598128	2,300995
-3,609694	-1,303242	-1,745786
3,650070	1,476131	2,133518
2,927716	1,050691	1,614898
-4,195652	-1,678172	-2,238228
-3,364181	-1,449772	-1,951435
3,863088	1,347295	1,946391
-3,448644	-1,436937	-1,942766
3,795518	1,357564	1,953325
3,058843	1,143747	1,564742
-4,122127	-1,603854	-2,219528
-3,358979	-1,214146	-1,653068
3,902463	1,575951	2,088863
3,144949	1,528848	1,939178
-4,073687	-1,324189	-1,859975
3,332407	1,384959	1,950135
-3,940750	-1,451238	-1,809070
-3,137280	-1,160990	-1,447256
4,096850	1,630413	2,211373
-3,313875	-1,239556	-1,646037
3,966496	1,571892	2,027535
3,188516	1,249854	1,445856
-4,066783	-1,563653	-2,187680
3,323952	1,229275	1,440066
-3,964175	-1,596353	-2,168371
-3,156021	-1,391977	-1,711718
4,098520	1,466191	1,951050
-3,336861	-1,498736	-1,713627
3,958359	1,401415	1,924338
-3,430521	-1,379696	-1,625555
3,883430	1,496647	1,994795
3,126640	1,276908	1,755869
-4,131112	-1,597191	-1,866745
-3,289571	-1,415627	-1,547014
4,000767	1,486216	2,033829
3,168549	1,042215	1,396511
-4,096159	-1,799040	-2,145809
-3,284587	-1,477530	-1,923458
4,006021	1,463755	1,708245
3,220136	1,262920	1,297659
-4,057581	-1,635444	-2,208884
-3,238405	-1,208780	-1,652212
4,048295	1,685132	1,909103
3,230977	1,233211	1,649837
-4,054238	-1,665587	-1,911003
3,418537	1,124352	1,736899
-3,911778	-1,756491	-1,822565
-3,098784	-1,412853	-1,496350
4,167580	1,525690	2,015004
-3,343182	-1,328185	-1,646039
3,982131	1,597669	1,870797
3,170385	1,461967	1,527276
-4,120368	-1,490643	-1,965807
3,427259	1,345608	1,678673
-3,928129	-1,584191	-1,816465
3,504454	1,301409	1,713891
-3,866373	-1,619550	-1,788290
-3,123737	-1,188405	-1,438292
4,182525	1,701076	1,991715
-3,327835	-1,252641	-1,518338
4,019247	1,649687	1,927678
3,231437	1,359988	1,573874
-4,104745	-1,550430	-1,876683
-3,306775	-1,347579	-1,570283
4,056405	1,557318	1,856549
3,283422	1,199897	1,508218
-4,075088	-1,675464	-1,906201
-3,260070	-1,217817	-1,471343
4,105807	1,657377	1,912849
3,246347	1,410157	1,446023
-4,116785	-1,503504	-1,933105
3,394239	1,490343	1,445644
-4,010574	-1,424276	-1,919869
3,525167	1,561385	1,586447
-3,905833	-1,367441	-1,807227
3,619716	1,414351	1,583743
-3,840950	-1,476399	-1,793169
-3,042121	-1,318993	-1,403896
4,303026	1,552685	1,937046
3,463035	1,204331	1,546284
-3,971589	-1,652555	-1,804464
3,513049	1,642629	1,496552
-3,941159	-1,305886	-1,819478
-3,175906	-1,037049	-1,417284
4,210874	1,790350	1,882893
-3,352261	-1,264306	-1,449129
4,078715	1,608595	1,837321
-3,443933	-1,440399	-1,419532
4,005376	1,467721	1,860999
3,206491	1,002203	1,503154
-4,197520	-1,822476	-1,785477
-3,373336	-1,412023	-1,520298
4,068469	1,501467	1,755682
3,231797	1,346707	1,297310
-4,181701	-1,553720	-1,934072
-3,368340	-1,189358	-1,639173
4,077734	1,683194	1,645353
3,254529	1,308257	1,232026
-4,168783	-1,588075	-1,971070
-3,304389	-1,446632	-1,561537
4,135898	1,475791	1,692788
3,316378	1,119355	1,469125
-4,126307	-1,737612	-1,766718
3,547479	1,262035	1,645043
-3,949264	-1,627177	-1,604509
-3,174730	-1,324721	-1,298927
4,247463	1,577029	1,881402
-3,404596	-1,275607	-1,377123
4,068717	1,630696	1,793757
3,218152	1,385215	1,340798
-4,227008	-1,547071	-1,797547
-3,404586	-1,237657	-1,522293
4,077861	1,665118	1,652350
3,291031	1,321344	1,341686
-4,174468	-1,595078	-1,786003
-3,285957	-1,390957	-1,321568
4,187509	1,541892	1,778283
3,380646	1,103299	1,583479
-4,111758	-1,772018	-1,568754
-3,312386	-1,471232	-1,255003
4,174109	1,488503	1,802602
3,323968	1,351655	1,365485
-4,164842	-1,584165	-1,714216
3,469161	1,511582	1,318370
-4,056345	-1,454753	-1,734623
-3,275715	-1,102525	-1,471954
4,211102	1,781999	1,611756
-3,424493	-1,345655	-1,507574
4,101591	1,587992	1,559368
-3,498636	-1,669870	-1,380059
4,042277	1,328621	1,661380
-3,615025	-1,609280	-1,375046
3,949166	1,377093	1,665390
3,132110	1,244692	1,257799
-4,338913	-1,681567	-1,738292
-3,494110	-1,238018	-1,436592
4,056713	1,696357	1,567413
3,268349	1,494959	1,307548
-4,237321	-1,490804	-1,670648
3,431185	1,398902	1,318926
-4,114392	-1,564340	-1,646261
3,598465	1,309435	1,392053
-3,980568	-1,635913	-1,587760
-3,153815	-1,385327	-1,254889
4,342551	1,573915	1,682808
3,466381	1,274452	1,376885
-4,092499	-1,662616	-1,585211
-3,296978	-1,261156	-1,260509
4,235111	1,673452	1,659934
3,388089	1,361740	1,259010
-4,162222	-1,592984	-1,661133
3,550636	1,405021	1,276499
-4,039905	-1,555391	-1,630164
-3,216605	-1,297930	-1,311791
4,307130	1,641064	1,601930
-3,434710	-1,358898	-1,300882
4,141045	1,586751	1,594390
-3,575977	-1,396809	-1,260008
4,028031	1,556423	1,627089
3,227853	1,231734	1,346761
-4,311958	-1,690398	-1,541499
-3,418928	-1,382957	-1,294477
4,167202	1,570195	1,561100
3,264825	1,394030	1,133985
-4,290485	-1,561337	-1,689493
-3,424728	-1,279708	-1,397552
4,170020	1,647533	1,464173
3,343675	1,318027	1,186658
-4,234863	-1,616878	-1,632888
-3,387890	-1,316482	-1,229714
4,206906	1,613605	1,583207
3,403824	1,252586	1,389120
-4,194160	-1,664722	-1,455682
3,538548	1,358727	1,420215
-4,093676	-1,580544	-1,410291
-3,267281	-1,356351	-1,227808
4,310690	1,582445	1,564216
3,439850	1,326558	1,165081
-4,179252	-1,605604	-1,597043
-3,358720	-1,184908	-1,354231
4,244156	1,718924	1,445723
