0,119443	-0,102712	-0,414442
-0,109389	-0,035245	0,082167
-0,081762	-0,023399	0,080101
-0,000285	-0,041705	0,008527
0,035209	-0,056350	0,023106
0,031036	-0,073815	0,059659
-0,003895	-0,103107	0,074546
-0,013650	-0,114090	0,057720
-0,009016	-0,119043	-0,002665
0,018654	-0,128755	-0,124715
0,056097	-0,088636	-0,228104
0,038176	-0,067076	-0,348157
0,027672	-0,027806	-0,413560
0,032673	0,015109	-0,359583
0,043374	0,026454	-0,274251
0,037568	0,035519	-0,187797
0,023353	0,046616	-0,101397
0,011016	0,059314	0,015611
-0,004590	0,058950	0,072816
0,012612	0,073979	0,085072
-0,001409	0,101322	0,098697
0,007491	0,127981	-0,000523
-0,036146	0,133989	-0,071292
-0,090208	0,152198	-0,092471
-0,098973	0,115057	-0,118984
-0,089713	0,056609	-0,116257
-0,046868	0,027086	-0,117908
0,011346	-0,017589	-0,115395
0,075153	-0,038009	-0,076984
0,114712	-0,038074	0,020773
0,088889	-0,046743	0,160271
0,049090	-0,042180	0,281439
0,011501	-0,051944	0,327629
0,014950	-0,094229	0,302325
0,028232	-0,098357	0,283034
0,078140	-0,082519	0,248461
0,061548	-0,068896	0,280165
0,011885	-0,026381	0,356297
-0,008681	-0,028771	0,377934
-0,003112	0,006670	0,400027
0,018580	-0,028172	0,368862
0,007198	-0,035954	0,267319
0,006711	-0,051748	0,084570
-0,032937	-0,038518	-0,121968
-0,025385	-0,034647	-0,340824
-0,030843	-0,014315	-0,495804
-0,032340	0,000999	-0,608289
-0,061309	-0,010687	-0,759568
-0,047131	-0,052605	-0,829834
-0,047275	-0,030597	-0,931067
-0,045486	-0,059915	-0,989055
-0,029687	-0,052717	-1,019174
-0,000764	-0,104417	-0,992512
0,035778	-0,139088	-0,928080
0,085129	-0,133292	-0,893782
0,097791	-0,169841	-0,810790
0,144309	-0,199081	-0,739611
0,193023	-0,299084	-0,647243
0,141015	-0,339829	-0,623141
0,084077	-0,369544	-0,620131
0,005018	-0,381829	-0,621557
-0,057277	-0,433784	-0,649529
-0,089877	-0,438006	-0,577081
-0,078603	-0,457668	-0,434846
-0,099284	-0,475314	-0,229126
-0,197213	-0,454946	0,010156
-0,230561	-0,481755	0,231257
-0,193067	-0,479251	0,380379
-0,217661	-0,528018	0,488178
-0,265108	-0,563186	0,581119
-0,259963	-0,604735	0,635366
-0,281713	-0,643725	0,675883
-0,263676	-0,700771	0,756185
-0,192752	-0,740659	0,844365
-0,149417	-0,792686	0,921622
-0,072597	-0,819939	0,984380
0,021402	-0,847480	1,017338
0,129170	-0,832171	0,944119
0,229752	-0,848659	0,761997
0,298719	-0,847482	0,583743
0,337620	-0,821638	0,292690
0,312235	-0,841185	0,106784
0,249788	-0,884593	-0,044809
0,188343	-0,918368	-0,065535
0,098954	-0,933889	0,010768
0,027454	-0,936735	0,113008
0,019082	-0,984019	0,256081
0,017182	-1,018966	0,332245
0,050135	-1,044067	0,349109
0,061177	-1,005713	0,348245
0,043205	-0,997063	0,353291
-0,012360	-0,966205	0,330521
-0,080762	-0,995144	0,389868
-0,144102	-1,002023	0,573344
-0,170824	-1,019014	0,735446
-0,149110	-1,013441	0,821072
-0,093434	-1,069335	0,744955
-0,047928	-1,149474	0,620866
0,065088	-1,193469	0,438282
0,140181	-1,211440	0,273049
0,113097	-1,147277	0,266328
-0,059877	-0,954211	0,108667
-0,244227	-0,794972	0,001704
-0,328499	-0,694401	0,114364
-0,324091	-0,704923	0,439135
-0,250655	-0,742063	0,862709
-0,121996	-0,809129	1,101007
0,018285	-0,789039	1,237068
0,171696	-0,696356	1,217585
0,279092	-0,638481	1,107185
0,245295	-0,521319	0,965228
0,073653	-0,374917	0,871780
-0,087598	-0,267377	0,844910
-0,157237	-0,204319	0,912476
-0,166964	-0,287955	0,919604
-0,099098	-0,486064	0,705996
-0,014154	-0,642648	0,426893
0,072002	-0,781306	0,111668
0,167733	-0,923836	-0,299484
0,193562	-0,928693	-0,705017
0,169217	-0,887571	-0,894422
0,073118	-0,812523	-0,810349
-0,015248	-0,646185	-0,576454
-0,028471	-0,461406	-0,248553
-0,021824	-0,315499	0,052073
0,005526	-0,163324	0,234151
0,147109	-0,143110	0,363529
0,231652	-0,027342	0,290823
0,200654	0,042286	0,093791
0,132740	0,089383	-0,103092
0,066934	0,042771	-0,261563
-0,026897	0,002613	-0,344273
-0,082809	-0,032382	-0,492813
-0,126587	-0,080496	-0,780201
-0,098389	-0,141008	-0,944021
-0,063391	-0,168361	-0,986979
0,013447	-0,191183	-0,885348
0,072049	-0,228606	-0,713076
0,144786	-0,249926	-0,526405
0,184786	-0,280385	-0,322479
0,176564	-0,286552	-0,113379
0,190092	-0,278094	0,120942
0,217198	-0,264602	0,408960
0,267606	-0,183910	0,534993
0,225572	-0,037961	0,470133
0,205360	0,079763	0,315767
0,216009	0,193108	0,005531
0,180461	0,351764	-0,334589
0,141500	0,444216	-0,541573
0,048076	0,443483	-0,704279
-0,091789	0,434267	-0,747297
-0,167278	0,408705	-0,700315
-0,166379	0,319310	-0,565038
-0,119700	0,229581	-0,456816
-0,050753	0,145360	-0,283092
0,013036	0,072245	-0,070370
-0,015438	0,041512	0,126615
-0,017136	0,018842	0,451804
-0,059680	0,003587	0,744513
-0,058279	-0,044066	1,053387
-0,036088	-0,094628	1,278452
-0,021205	-0,149446	1,186531
-0,002596	-0,102308	0,964544
0,039097	-0,023436	0,709379
0,053312	0,082766	0,443004
0,026365	0,235719	0,222250
0,072813	0,315956	0,042766
0,168383	0,337994	0,028462
0,235255	0,317319	0,102262
0,352926	0,277806	0,235032
0,461430	0,224149	0,350831
0,550150	0,151548	0,580420
0,486079	0,097301	0,833050
0,373544	0,023251	0,835947
0,249995	0,027219	0,667806
0,145406	0,011240	0,430815
0,069401	0,011873	0,197166
-0,000986	0,024818	-0,012738
-0,012275	0,090716	-0,191185
0,017951	0,182717	-0,432599
0,004778	0,287910	-0,650620
-0,034483	0,428558	-0,822168
-0,014171	0,574609	-0,919172
-0,033371	0,682832	-0,836852
-0,068835	0,759828	-0,635010
-0,137429	0,856861	-0,522375
-0,199958	0,889468	-0,386296
-0,255743	0,879165	-0,232426
-0,294609	0,841248	-0,144754
-0,230902	0,811853	-0,251802
-0,058306	0,772066	-0,258900
0,054869	0,700978	-0,380459
0,135826	0,670915	-0,493027
0,188153	0,679420	-0,554358
0,222349	0,719756	-0,580437
0,137657	0,775964	-0,598419
-0,021076	0,844868	-0,697083
-0,181582	0,908609	-0,799011
-0,248696	0,981624	-0,913098
-0,248761	1,040047	-0,977561
-0,176023	1,112641	-1,015728
-0,137938	1,143897	-0,992624
-0,034703	1,138250	-1,164717
0,021090	1,160563	-1,135765
0,071450	1,163082	-1,016828
0,152936	1,191904	-0,900608
0,202793	1,217842	-0,774124
0,108597	1,244342	-0,604932
-0,011755	1,266506	-0,456174
-0,086028	1,265073	-0,274913
-0,130114	1,225620	-0,145236
-0,136647	1,148086	-0,021377
-0,156242	1,131079	0,101648
-0,135528	1,114592	0,130159
-0,107470	1,042992	0,104127
-0,082143	0,957929	0,065113
-0,076249	0,879356	-0,008249
-0,084937	0,809784	-0,128218
-0,100518	0,750293	-0,181102
-0,114887	0,705581	-0,240658
-0,163736	0,653527	-0,315109
-0,174080	0,643488	-0,381372
-0,200555	0,653658	-0,380757
-0,168110	0,683815	-0,344828
-0,128739	0,630377	-0,193501
-0,127893	0,613469	0,015670
-0,144453	0,638261	0,147570
-0,178771	0,665760	0,207119
-0,249315	0,687747	0,161862
-0,270326	0,695766	0,169712
-0,227748	0,661960	0,127151
-0,166878	0,599477	0,072033
-0,128718	0,517888	0,250119
-0,090523	0,388455	0,489317
-0,076251	0,263841	0,544676
-0,037051	0,161268	0,489378
-0,074660	0,182640	0,281371
-0,124841	0,191131	0,098681
-0,167878	0,226647	-0,032151
-0,124720	0,250263	-0,021888
-0,102644	0,226065	-0,030914
-0,055309	0,177983	0,028894
-0,032748	0,155790	0,061421
-0,026198	0,141881	0,058720
-0,032458	0,140311	0,074747
-0,045119	0,197491	0,051179
-0,036095	0,228854	0,029444
-0,050898	0,252993	-0,049223
-0,125948	0,309658	-0,123656
-0,118007	0,377975	-0,211925
-0,100143	0,395276	-0,341928
-0,129919	0,410069	-0,529243
-0,087651	0,404666	-0,625469
-0,054801	0,334268	-0,648813
-0,014153	0,313386	-0,636848
0,060504	0,212403	-0,536285
0,106826	0,145972	-0,394556
0,108446	0,084221	-0,311811
0,107827	0,079828	-0,245616
0,107331	0,075349	-0,220443
0,131824	0,036341	-0,197423
0,154299	0,053011	-0,135905
0,108120	0,047206	-0,080001
0,042441	0,018612	0,002088
-0,005305	0,022543	0,115635
-0,024361	0,020915	0,219876
0,010198	0,042586	0,337742
-0,015779	-0,003284	0,389908
-0,034645	-0,019864	0,494848
-0,015277	-0,043662	0,558683
-0,011257	-0,022478	0,632738
-0,015707	0,016490	0,680483
-0,031719	0,051497	0,693788
-0,034958	0,081420	0,579933
-0,032751	0,103442	0,446698
0,005403	0,119155	0,261594
0,029225	0,089574	0,134581
0,038700	0,063041	0,046373
0,003189	0,046600	-0,105602
0,013086	0,033447	-0,214718
-0,021135	0,029626	-0,285739
-0,004457	0,027534	-0,294680
0,060594	0,052679	-0,249147
0,081032	0,047893	-0,208888
0,093561	0,028731	-0,126888
0,084419	0,032568	-0,044052
0,095318	0,000187	0,050952
0,057102	-0,020920	0,126943
0,037051	-0,045459	0,202116
-0,000999	-0,050735	0,259373
0,001117	-0,057824	0,277409
0,030581	-0,035725	0,236295
0,020632	-0,018045	0,124876
0,016506	-0,022102	-0,013113
0,044809	-0,036834	-0,151261
0,141194	-0,029467	-0,273279
0,154129	-0,054213	-0,281831
0,178858	-0,069237	-0,075111
0,177559	-0,058259	0,174542
0,082672	-0,079163	0,319675
-0,029627	-0,077698	0,375454
-0,056270	-0,032471	0,393259
-0,040231	-0,033643	0,430476
-0,019733	-0,051817	0,436324
-0,039725	-0,078795	0,307873
-0,050932	-0,051549	0,180222
-0,049364	-0,046024	0,056079
-0,025124	-0,078958	-0,016440
-0,045001	-0,071785	-0,150091
-0,012063	-0,102436	-0,170830
-0,013483	-0,138455	-0,218072
-0,001204	-0,128965	-0,253938
0,026808	-0,112742	-0,234754
0,051134	-0,117965	-0,202171
0,051442	-0,110656	-0,162701
0,025833	-0,058837	-0,157931
-0,056909	-0,099743	-0,167520
-0,015840	-0,102780	-0,155085
0,026598	-0,113829	-0,126949
0,027980	-0,112132	-0,053671
0,038668	-0,079171	-0,021868
0,074990	-0,028864	0,012193
0,109784	-0,001058	0,114137
0,114646	0,004903	0,268482
0,096502	-0,020979	0,430264
0,016862	-0,059886	0,552988
-0,028636	-0,057479	0,658821
-0,047812	-0,039282	0,698492
-0,040166	-0,069731	0,677544
-0,031180	-0,088341	0,640668
-0,005792	-0,066852	0,507750
-0,038142	-0,048684	0,353526
-0,061165	-0,037031	0,257931
-0,044147	-0,040159	0,170907
-0,026699	-0,097252	0,130024
0,035147	-0,125690	0,225638
0,100908	-0,163760	0,284905
0,124769	-0,185598	0,294002
0,200377	-0,113042	0,376937
0,257982	-0,063615	0,484460
0,223622	-0,028870	0,572407
0,076432	0,014257	0,562307
-0,088256	0,006620	0,495817
-0,175952	-0,007154	0,351646
-0,200136	-0,020092	0,194171
-0,208949	-0,038107	0,045193
-0,135556	0,003035	-0,085464
-0,095041	0,024462	-0,212988
-0,026228	0,009987	-0,266154
-0,001830	0,051092	-0,299117
-0,011998	0,037993	-0,315905
-0,012467	0,022741	-0,358070
-0,063612	-0,002877	-0,446393
-0,029820	-0,028168	-0,480650
0,031698	-0,017737	-0,563609
-0,004329	-0,020892	-0,668283
-0,039864	-0,016714	-0,656244
-0,005073	-0,049772	-0,592036
0,059150	-0,111644	-0,459261
0,105743	-0,096017	-0,356874
0,072143	-0,035627	-0,210804
0,068249	-0,013182	-0,133206
0,048850	-0,024913	-0,063474
0,014177	-0,042916	0,044033
0,010390	-0,020917	0,050558
-0,016590	-0,015782	0,062468
-0,054459	0,016110	0,072960
-0,031116	0,022458	0,086139
-0,028726	0,017966	0,123501
-0,022981	0,018206	0,142857
0,000781	0,015517	0,132474
-0,014708	0,046899	0,133750
-0,015599	0,062421	0,122333
-0,028751	0,043223	0,044229
-0,050772	0,064266	-0,077618
-0,034880	0,086850	-0,155953
-0,039391	0,025425	-0,188923
-0,038214	0,003104	-0,210514
-0,022918	-0,005171	-0,246939
-0,013537	-0,019469	-0,261724
0,009275	-0,018444	-0,258219
0,045726	-0,049228	-0,183589
0,045199	-0,050881	-0,159323
0,041909	0,013885	-0,085320
0,050763	0,012060	0,022723
0,038694	0,018279	0,171413
-0,008303	0,040477	0,271201
-0,042079	0,039083	0,340508
-0,068136	0,067656	0,364337
-0,092814	0,080944	0,349893
-0,116390	0,070504	0,292365
-0,112265	0,079377	0,295183
-0,095561	0,097022	0,262953
-0,062082	0,039312	0,213243
-0,015193	0,011345	0,140907
-0,004488	0,018646	0,080157
0,001195	0,015881	0,012417
0,011490	0,022275	-0,102115
0,013025	-0,021438	-0,224392
0,051595	-0,084191	-0,281980
0,083414	-0,105659	-0,310825
0,061946	-0,117095	-0,342508
0,049557	-0,109949	-0,429146
0,102854	-0,142549	-0,311712
0,150276	-0,155226	-0,122966
0,133624	-0,127049	0,055814
0,099246	-0,093973	0,170115
0,027675	-0,059858	0,286446
-0,041068	-0,000963	0,332587
-0,075945	0,020299	0,313958
-0,068422	0,054544	0,314363
-0,064308	0,080025	0,250538
-0,087848	0,084137	0,207132
-0,085598	0,095081	0,131233
-0,074228	0,111502	0,042731
-0,061287	0,078667	0,027483
-0,031793	0,069635	-0,040257
-0,032136	0,032722	-0,068595
-0,018055	-0,018830	-0,096063
0,011410	-0,048584	-0,136225
0,076169	-0,060901	-0,154951
0,129893	-0,052541	-0,191954
0,111568	-0,046830	-0,161229
0,074899	-0,070020	-0,177824
-0,001372	0,001442	-0,196849
-0,055688	0,014569	-0,234090
-0,013910	-0,001760	-0,279203
0,029094	-0,047380	-0,258800
0,073080	-0,098231	-0,216622
0,068998	-0,093905	-0,185749
0,065733	-0,060769	-0,053787
0,042052	-0,010297	0,137024
-0,000831	0,033901	0,236988
-0,030365	0,052975	0,314090
-0,093237	0,083554	0,319265
-0,123430	0,112815	0,249663
-0,106410	0,110369	0,185363
-0,086080	0,087331	0,163622
-0,030558	0,042094	0,169203
-0,019662	-0,006547	0,199522
-0,034882	0,010082	0,231443
-0,025989	0,032003	0,214842
-0,037076	0,014116	0,184324
-0,010508	0,007460	0,151293
0,048100	-0,005519	0,108583
0,079655	-0,034102	0,026527
0,018716	-0,058886	-0,046771
-0,042485	-0,043276	-0,171487
-0,052189	-0,047072	-0,345015
-0,029300	-0,035741	-0,494359
0,044553	-0,041044	-0,514237
0,121836	-0,062522	-0,428627
0,137691	-0,038531	-0,300762
0,104416	-0,036574	-0,134311
0,038513	-0,011059	0,041953
-0,064002	0,038077	0,124541
-0,112493	0,065899	0,174328
-0,136918	0,083359	0,165317
-0,120069	0,110742	0,115981
-0,079771	0,106794	0,113854
-0,085851	0,101720	0,078632
-0,073466	0,081376	0,055240
-0,060689	0,069886	0,031740
-0,063871	0,025257	0,069448
-0,003209	-0,002768	0,062260
0,009884	-0,009880	0,101529
0,027060	0,006464	0,115696
0,058989	0,008039	0,160550
0,056774	-0,002187	0,190696
0,023386	-0,040055	0,181279
0,042659	-0,079932	0,140238
0,015926	-0,066814	0,057600
0,017526	-0,053452	-0,018081
0,038923	-0,070532	-0,123644
0,033055	-0,046855	-0,184144
0,052299	-0,036520	-0,251710
0,085894	0,006208	-0,244459
0,090749	0,021251	-0,245372
0,004594	0,049569	-0,165646
-0,064318	0,086579	-0,145920
-0,081142	0,114270	-0,134937
-0,112790	0,100034	-0,147220
-0,110349	0,079075	-0,122561
-0,080613	0,003885	-0,103798
-0,027149	-0,022758	-0,084943
-0,003519	-0,022028	-0,053599
0,039324	-0,045405	0,050016
0,079347	-0,058346	0,138658
0,061561	-0,070615	0,202858
0,031048	-0,034471	0,252314
0,001853	-0,013208	0,247823
0,008184	-0,049837	0,235612
0,050602	-0,078176	0,226795
0,031864	-0,101798	0,132596
0,059964	-0,083355	0,086912
0,031699	-0,053281	0,081029
0,032061	-0,050291	0,058122
0,030434	-0,017246	-0,009057
-0,006293	0,028342	-0,023518
-0,018450	0,069597	-0,050418
-0,037746	0,080580	-0,082473
-0,043600	0,093200	-0,126317
-0,077971	0,062109	-0,201603
-0,075792	0,066924	-0,234073
-0,060634	0,079393	-0,247585
-0,049459	0,030958	-0,300546
-0,047233	0,022850	-0,375471
-0,065558	0,050836	-0,366454
-0,068730	0,045466	-0,325719
-0,052103	0,061263	-0,287394
-0,034029	0,049975	-0,192561
-0,009975	0,028481	-0,059249
0,014994	-0,004986	0,074231
0,020626	-0,019309	0,202085
0,010751	0,018074	0,281371
