1,575015	-0,416493	-10,019777
1,565441	-0,320748	-10,048501
1,575015	-0,483515	-10,115523
1,594164	-0,464366	-10,163396
1,584590	-0,464366	-10,038927
1,536717	-0,368621	-10,000628
1,565441	-0,301599	-10,029352
1,555866	-0,234577	-10,058076
1,555866	-0,225002	-9,991054
1,594164	-0,397344	-10,086800
1,642037	-0,655857	-10,029352
1,575015	-0,483515	-10,067650
1,565441	-0,540963	-10,192120
1,565441	-0,550537	-10,259142
1,565441	-0,646283	-10,144247
1,527142	-0,694156	-10,067650
1,565441	-0,789901	-10,144247
1,546291	-0,933520	-10,201694
1,517568	-1,067564	-10,297440
1,555866	-1,182458	-10,374036
1,527142	-1,096287	-10,354887
1,536717	-1,450546	-10,412334
1,555866	-1,766506	-10,651698
1,584590	-1,575015	-10,460207
1,507993	-1,536717	-10,220843
1,507993	-1,670761	-10,307014
1,479270	-1,843103	-10,374036
1,373949	-2,436726	-10,508080
1,373949	-2,570770	-10,498506
1,326077	-2,637791	-10,661273
1,278204	-2,819708	-10,642124
1,057989	-2,637791	-10,431483
0,914371	-2,944177	-10,622974
0,818625	-3,183541	-10,412334
0,617559	-3,566524	-10,163396
0,607985	-4,188870	-9,866585
0,550537	-4,303765	-10,182545
0,607985	-4,677173	-10,144247
0,406919	-4,514405	-9,895308
0,186704	-4,801642	-9,636795
0,062235	-5,041006	-9,579348
-0,090958	-5,251647	-9,569773
-0,301599	-5,519734	-9,598496
-0,445217	-5,462287	-9,512326
-0,531388	-5,366541	-9,722966
-0,397344	-6,161230	-8,995299
-0,521814	-6,735703	-8,497422
-0,665432	-7,310177	-8,372953
-1,182458	-7,731458	-8,717637
-1,986721	-8,143164	-8,736787
-2,647366	-8,775084	-8,832532
-0,014362	-5,471861	-5,261221
-1,871827	-5,232497	-5,021857
-2,427151	-8,286782	-5,558033
-2,982476	-7,597414	-6,276124
-2,637791	-6,783576	-5,184625
-3,020774	-7,204857	-4,648449
-3,432480	-7,827203	-5,098454
-3,461204	-7,798480	-4,945261
-3,537800	-7,195282	-4,064401
-3,796313	-7,338901	-3,949506
-4,150572	-7,741032	-3,758015
-4,399510	-7,961247	-3,547375
-4,658024	-7,903800	-3,154818
-4,801642	-7,319751	-2,436726
-5,069730	-6,879322	-2,178212
-5,299519	-7,204857	-2,369704
-5,538883	-7,147409	-1,938848
-5,586756	-7,042089	-1,622888
-5,701651	-6,898471	-1,527142
-5,950589	-6,151655	-0,866498
-6,142080	-6,036760	-0,540963
-6,209103	-6,400594	-0,684581
-6,323997	-6,276124	-0,703730
-6,419743	-6,008037	-0,464366
-6,544212	-5,921865	-0,177129
-6,697405	-5,356966	0,244151
-6,764427	-5,366541	0,722879
-6,936769	-5,309094	0,598410
-7,147409	-5,079304	0,454792
-7,271879	-4,686748	0,464366
-7,204857	-4,456958	0,818625
-7,147409	-4,160147	1,259055
-7,243155	-4,351638	1,268629
-7,530392	-4,380362	1,316502
-7,635712	-4,246317	1,450546
-7,597414	-3,911208	1,527142
-7,721883	-3,652695	1,507993
-7,731458	-3,087796	1,747357
-7,635712	-2,446300	2,072892
-7,635712	-3,164392	1,852677
-7,788905	-3,432480	1,996296
-7,836778	-3,059072	2,111191
-7,865501	-2,733537	2,072892
-7,875076	-2,273958	2,273958
-7,846352	-2,015445	2,302682
-7,855927	-1,910125	2,273958
-7,855927	-1,814379	2,340980
-7,779330	-1,661186	2,379278
-7,788905	-1,345226	2,417577
-7,817628	-1,249480	2,293107
-7,865501	-1,105862	2,436726
-7,865501	-0,627134	2,838857
-7,961247	-0,588835	3,087796
-8,248484	-0,713305	3,001625
-8,353804	-0,694156	3,193116
-8,325080	-0,406919	3,451629
-8,344230	-0,023936	3,576098
-8,439975	0,129257	3,537800
-8,430401	0,234577	3,470778
-8,325080	0,368621	3,614397
-8,305931	0,426068	3,681418
-8,382527	0,464366	3,671844
-8,305931	0,464366	3,623971
-8,238910	0,502664	3,604822
-8,267632	0,598410	3,614397
-8,191036	0,675007	3,480353
-8,219760	0,454792	3,298436
-8,229335	0,550537	3,183541
-8,171887	0,502664	3,145243
-8,238910	0,378195	3,183541
-8,267632	0,339897	3,231414
-8,325080	0,349471	3,154818
-8,363379	0,167555	3,135669
-8,392102	0,167555	3,336734
-8,430401	0,100533	3,394182
-8,487848	0,177129	3,413331
-8,392102	0,100533	3,480353
-8,459125	0,062235	3,422905
-8,459125	0,062235	3,384607
-8,411251	0,167555	3,547375
-8,497422	0,177129	3,432480
-8,506997	0,090958	3,394182
-8,449550	0,157980	3,346309
-8,363379	0,263300	3,221840
-8,372953	0,215428	3,212265
-8,363379	0,253726	3,308011
-8,315506	0,244151	3,327160
-8,430401	0,368621	3,250563
-8,411251	0,349471	3,221840
-8,478273	0,244151	3,317585
-8,535721	0,349471	3,365458
-8,459125	0,301599	3,384607
-8,478273	0,244151	3,317585
-8,468699	0,359046	3,384607
-8,487848	0,339897	3,288862
-8,516571	0,215428	3,308011
-8,430401	0,215428	3,451629
-8,487848	0,272875	3,327160
-8,497422	0,157980	3,365458
-8,449550	0,263300	3,384607
-8,459125	0,282450	3,260138
-8,439975	0,205853	3,288862
-8,401677	0,186704	3,355883
-8,411251	0,110107	3,470778
-8,449550	0,148406	3,403756
-8,439975	0,100533	3,221840
-8,420826	0,186704	3,336734
-8,439975	0,186704	3,269712
-8,439975	0,157980	3,288862
-8,353804	0,263300	3,317585
-8,344230	0,282450	3,212265
-8,411251	0,263300	3,106945
-8,430401	0,311173	3,106945
-8,411251	0,272875	3,173967
-8,449550	0,167555	3,250563
-8,449550	0,062235	3,298436
-8,478273	0,004787	3,470778
-8,506997	0,081384	3,451629
-8,497422	-0,043086	3,375033
-8,516571	-0,052660	3,317585
-8,506997	-0,023936	3,365458
-8,506997	-0,043086	3,375033
-8,468699	-0,110107	3,346309
-8,526146	-0,081384	3,384607
-8,478273	-0,023936	3,288862
-8,516571	-0,014362	3,260138
-8,497422	-0,062235	3,212265
-8,516571	-0,081384	3,154818
-8,439975	-0,062235	3,260138
-8,392102	-0,004787	3,240989
-8,382527	-0,023936	3,135669
-8,411251	0,023936	3,164392
-8,392102	0,023936	3,173967
-8,372953	0,033511	3,240989
-8,372953	0,052660	3,173967
-8,420826	0,043086	3,126094
-8,411251	0,052660	3,250563
-8,449550	-0,033511	3,279287
-8,468699	-0,100533	3,250563
-8,392102	-0,148406	3,298436
-8,382527	-0,052660	3,298436
-8,363379	-0,167555	3,221840
-8,439975	-0,196278	3,173967
-8,363379	-0,043086	3,260138
-8,334655	-0,177129	3,193116
-8,420826	-0,186704	3,145243
-8,401677	-0,253726	3,154818
-8,315506	-0,320748	3,126094
-8,286782	-0,349471	3,097370
-8,325080	-0,378195	3,020774
-8,325080	-0,483515	2,992050
-8,238910	-0,579261	3,068647
-8,258059	-0,655857	2,982476
-8,267632	-0,952669	2,944177
-8,315506	-0,904796	2,982476
-8,267632	-1,096287	2,963326
-8,363379	-1,134585	2,925028
-8,325080	-1,259055	2,877155
-8,334655	-1,364375	2,790984
-8,267632	-1,440971	2,656940
-8,171887	-1,680335	2,542046
-8,133589	-1,728208	2,542046
-8,018694	-1,910125	2,551620
-7,961247	-1,977147	2,513322
-7,913374	-2,197362	2,436726
-7,961247	-2,321831	2,340980
-7,999545	-2,522897	2,245234
-7,894225	-2,733537	2,178212
-7,635712	-2,896305	2,216511
-7,492094	-3,126094	2,216511
-7,520817	-3,202690	2,149489
-7,453795	-3,288862	2,005870
-7,415497	-3,547375	1,881401
-7,348475	-3,844186	1,929274
-7,405922	-4,140997	1,929274
-7,415497	-4,389936	1,871827
-7,358050	-4,523980	1,747357
-7,147409	-4,686748	1,632463
-7,013366	-5,021857	1,565441
-7,003791	-5,194199	1,479270
-6,917620	-5,443138	1,393099
-6,793150	-5,596331	1,354800
-6,630383	-5,730374	1,172884
-6,410168	-6,075058	1,000542
-6,276124	-6,343146	0,895221
-6,142080	-6,352721	0,780327
-5,873993	-6,592085	0,540963
-5,711226	-6,726129	0,435643
-5,491010	-6,927195	0,320748
-5,500585	-7,061238	0,033511
-5,356966	-7,147409	-0,177129
-5,117602	-7,338901	-0,071809
-5,098454	-7,463370	0,014362
-4,973984	-7,779330	-0,205853
-4,926111	-7,980396	-0,627134
-4,744195	-8,344230	-0,943094
-4,504831	-8,497422	-0,751603
-4,370787	-8,574018	-0,665432
-4,255892	-8,478273	-1,000542
-4,284616	-8,842107	-1,670761
-4,112274	-9,177217	-1,910125
-3,834611	-9,014449	-1,852677
-3,499502	-9,024023	-1,852677
-3,336734	-9,071896	-2,187787
-3,250563	-9,033598	-2,800559
-3,126094	-8,813383	-2,905879
-2,925028	-8,660190	-3,049498
-2,676090	-8,727212	-3,231414
-2,532471	-8,880404	-3,595248
-2,417577	-8,842107	-4,073976
-2,312256	-8,861256	-4,054826
-2,063318	-8,976151	-3,652695
-1,852677	-8,401677	-3,470778
-1,718634	-8,372953	-4,045252
-1,689910	-8,554870	-4,811217
-1,527142	-8,602742	-5,280370
-1,144160	-8,842107	-5,041006
-0,971818	-8,459125	-5,041006
-0,933520	-8,334655	-5,577181
-0,981392	-7,827203	-6,668681
-0,751603	-7,645287	-7,013366
-0,454792	-7,674010	-6,745278
-0,292024	-7,405922	-6,955918
-0,119682	-7,444221	-7,396348
-0,110107	-7,195282	-7,578265
-0,023936	-6,525063	-8,143164
0,225002	-6,391019	-8,200611
0,272875	-6,065484	-8,315506
0,320748	-5,835695	-8,736787
0,454792	-5,567607	-9,416580
0,703730	-5,768672	-9,301685
0,742028	-5,692076	-8,880404
0,761178	-5,251647	-8,976151
0,952669	-5,012282	-8,966576
0,990967	-4,619725	-9,119769
1,077138	-4,342063	-9,416580
1,239906	-4,322914	-9,416580
1,201607	-4,064401	-9,320834
1,287778	-3,939932	-9,435729
1,201607	-3,662269	-9,991054
1,211182	-3,633546	-10,354887
1,383524	-3,375033	-10,287866
1,517568	-3,001625	-10,038927
1,536717	-2,733537	-10,019777
1,632463	-2,570770	-10,287866
1,718634	-2,331405	-10,364462
1,555866	-2,120765	-10,163396
1,584590	-2,082467	-10,335738
1,776081	-1,795230	-10,268716
1,737783	-1,996296	-9,943181
1,642037	-1,718634	-10,115523
1,709059	-1,661186	-10,335738
1,680335	-1,651612	-10,431483
1,670761	-1,689910	-10,000628
1,661186	-1,642037	-9,627220
1,699484	-1,594164	-9,742115
1,776081	-1,613313	-9,876159
1,670761	-1,249480	-10,048501
1,718634	-1,584590	-10,096374
1,785655	-1,536717	-9,885734
1,862252	-1,402673	-10,019777
1,823954	-1,431397	-10,038927
1,852677	-1,402673	-10,134672
1,910125	-1,440971	-10,192120
1,900550	-1,259055	-10,134672
1,900550	-1,316502	-10,086800
1,910125	-1,239906	-10,038927
1,938848	-1,297353	-9,962330
1,986721	-1,335651	-10,077225
2,044169	-1,125011	-10,163396
2,025020	-1,096287	-10,297440
2,034594	-1,220756	-10,201694
1,996296	-1,287778	-10,105948
1,977147	-1,287778	-10,297440
1,967572	-1,316502	-10,460207
1,929274	-1,201607	-10,335738
1,862252	-1,125011	-10,067650
1,814379	-1,144160	-9,799562
1,862252	-1,287778	-9,780414
1,938848	-1,364375	-9,761265
1,900550	-1,134585	-9,560199
1,814379	-0,981392	-9,454879
1,862252	-1,019691	-9,569773
1,900550	-0,952669	-9,694242
1,881401	-0,837774	-9,694242
1,862252	-0,789901	-9,799562
1,900550	-1,086713	-10,019777
1,938848	-1,211182	-10,125097
1,871827	-1,192033	-10,153821
1,833528	-1,000542	-10,019777
1,833528	-0,943094	-9,981480
1,843103	-0,952669	-10,000628
1,823954	-0,943094	-9,952756
1,814379	-0,962243	-10,000628
1,852677	-0,971818	-10,115523
1,814379	-1,048414	-10,105948
1,795230	-0,933520	-9,991054
1,795230	-0,923945	-9,847435
