0,078732	-0,002342	-0,045375
-0,060550	-0,122540	0,192582
-0,058022	-0,075047	0,241211
-0,040668	-0,061002	0,167114
-0,051688	-0,055503	0,108789
-0,048052	-0,041533	0,000838
-0,045155	-0,053332	-0,039552
-0,038993	-0,029262	-0,090052
-0,012041	-0,019577	-0,118978
0,019102	-0,052051	-0,152640
0,021019	-0,026320	-0,202557
0,011078	-0,006689	-0,301865
0,002161	-0,007267	-0,363122
0,015132	0,005672	-0,365193
0,037960	-0,002164	-0,344828
0,074423	-0,018015	-0,245210
0,069109	-0,040267	-0,088917
0,102223	-0,066687	0,042831
0,079862	-0,054314	0,137695
0,073460	-0,033868	0,219336
0,058768	-0,026143	0,270281
0,071917	-0,030484	0,299538
0,030715	0,011049	0,260699
-0,049171	0,072035	0,249746
-0,110199	0,071043	0,149992
-0,084326	0,046300	0,053917
-0,081828	0,023636	-0,089032
-0,055880	0,018909	-0,237864
-0,002578	0,017032	-0,331063
0,024757	-0,006480	-0,358710
0,039923	-0,038704	-0,336761
0,018523	-0,052985	-0,271325
0,013866	-0,067290	-0,211310
0,014926	-0,081603	-0,209270
-0,011045	-0,092101	-0,278512
0,002651	-0,114855	-0,383698
0,019357	-0,113918	-0,494666
0,013569	-0,120822	-0,569073
-0,005417	-0,172317	-0,636264
0,013855	-0,236486	-0,622011
0,012048	-0,310820	-0,682448
0,033577	-0,336766	-0,695348
0,020160	-0,303885	-0,722917
-0,011643	-0,290032	-0,732521
0,071130	-0,329707	-0,576446
0,094257	-0,370076	-0,410400
0,088809	-0,372672	-0,243079
0,064346	-0,409234	-0,058477
0,032324	-0,457624	0,125607
0,008623	-0,458995	0,363840
-0,025670	-0,441903	0,596577
-0,058842	-0,458857	0,801920
-0,080594	-0,437960	0,945113
-0,092246	-0,381972	0,957201
-0,071880	-0,388891	0,902712
0,017190	-0,434660	0,633107
0,112397	-0,470311	0,380070
0,082252	-0,530436	0,116348
0,001641	-0,590987	-0,223914
-0,072430	-0,622179	-0,489409
-0,126901	-0,625124	-0,627123
-0,164717	-0,705043	-0,777504
-0,107835	-0,809200	-0,775238
-0,014442	-0,919333	-0,729370
0,053571	-1,021819	-0,528906
0,153941	-1,152636	-0,287127
0,218929	-1,246767	-0,037209
0,252707	-1,312489	0,227850
0,221318	-1,372733	0,362321
0,175138	-1,350054	0,498634
0,153526	-1,371181	0,668963
0,089300	-1,394784	0,862698
0,029302	-1,383015	0,938205
-0,010079	-1,321890	0,959341
-0,049238	-1,284490	0,959001
-0,118882	-1,245939	0,982679
-0,177467	-1,248619	0,818711
-0,139105	-1,252679	0,681776
0,041951	-1,390962	0,505198
0,117838	-1,286109	0,176229
0,051168	-1,020269	0,014580
-0,109420	-0,707048	0,050921
-0,305883	-0,545521	0,301223
-0,406560	-0,593473	0,631713
-0,455485	-0,766880	0,969848
-0,399825	-0,919962	1,316015
-0,312194	-1,138191	1,694450
-0,182726	-1,310858	2,008698
-0,063820	-1,340789	2,127942
0,106012	-1,215319	2,012644
0,246650	-1,056533	1,892634
0,292132	-0,707323	1,734371
0,285415	-0,392519	1,718857
0,205358	-0,204835	1,800293
0,062773	-0,157166	1,710302
-0,110683	-0,187977	1,149882
-0,261886	-0,258609	0,230379
-0,370397	-0,328506	-0,454466
-0,303972	-0,414123	-0,925731
-0,192421	-0,496019	-1,386068
-0,093609	-0,571107	-1,580034
-0,021250	-0,633107	-1,542714
-0,007429	-0,576395	-1,365373
-0,001158	-0,421846	-1,025257
0,006739	-0,317371	-0,662186
0,037948	-0,290286	-0,266394
0,016003	-0,360549	0,096224
-0,015933	-0,461779	0,397804
-0,074990	-0,552345	0,488702
-0,113630	-0,587445	0,427350
-0,123460	-0,516880	0,411802
-0,127503	-0,334024	0,287303
-0,080933	-0,143672	0,168550
0,035815	-0,042159	0,060133
0,150270	-0,028930	0,000231
0,256215	-0,069115	-0,018969
0,244230	-0,137653	-0,073597
0,152293	-0,137894	-0,246585
0,002120	-0,085413	-0,373476
-0,078748	-0,038643	-0,453932
-0,115672	0,040912	-0,418688
-0,154781	0,089223	-0,332082
-0,148727	0,108732	-0,242680
-0,106531	0,150194	-0,240116
-0,105342	0,196766	-0,243802
-0,139815	0,241690	-0,140452
-0,158776	0,219207	0,008305
-0,143305	0,160046	0,197220
-0,087825	0,097397	0,469983
0,003482	0,043432	0,848118
0,021939	0,055815	1,274173
-0,032254	0,050402	1,657156
-0,076560	0,047987	1,960661
-0,205852	0,038389	2,129735
-0,219272	-0,079432	2,145280
-0,105508	-0,208150	2,175903
-0,013532	-0,266118	1,942799
0,043752	-0,263651	1,520719
0,071403	-0,227205	1,052817
0,065740	-0,233473	0,381609
0,036308	-0,119750	-0,432127
0,135345	0,001893	-1,208580
0,292151	0,015870	-1,802912
0,434832	0,049098	-2,200813
0,544191	0,045979	-2,343878
0,601991	0,071256	-2,329045
0,632911	0,089573	-2,217583
0,596344	0,159757	-1,990498
0,553698	0,342332	-1,618253
0,440078	0,514234	-1,260130
0,217992	0,662303	-0,823265
0,026909	0,829598	-0,337799
-0,180548	0,978755	-0,001123
-0,273723	1,081807	0,265337
-0,220895	1,142216	0,453602
-0,121162	1,180960	0,571658
-0,107464	1,146843	0,553091
-0,077353	1,077399	0,393632
-0,103069	1,035259	0,132947
-0,131296	0,998679	-0,129238
-0,143342	0,970366	-0,508481
-0,085938	1,012841	-0,920103
-0,051514	1,073640	-1,339427
-0,075696	1,119398	-1,806076
-0,095982	1,178990	-2,228247
-0,072952	1,238163	-2,515226
-0,066992	1,197391	-2,552305
0,033564	1,215530	-2,383739
0,121663	1,266430	-2,042990
0,149992	1,368442	-1,659282
0,142979	1,406960	-1,472043
0,185258	1,472248	-1,202537
0,236316	1,513943	-0,877752
0,254165	1,547300	-0,502995
0,213867	1,536631	-0,115104
0,039892	1,476388	0,132026
-0,094502	1,423408	0,167864
-0,139762	1,411663	0,211867
-0,131914	1,394601	0,222167
-0,085427	1,371382	0,182519
-0,077912	1,295348	0,178571
-0,080530	1,239305	0,207982
-0,073042	1,126479	0,147233
-0,109191	1,065905	0,046924
-0,064367	1,037563	-0,071640
-0,087882	0,945919	-0,195215
-0,078936	0,886984	-0,289290
-0,043996	0,859941	-0,407653
-0,056254	0,785634	-0,546386
-0,038302	0,685013	-0,599914
-0,012453	0,653358	-0,549841
0,018773	0,605047	-0,550005
0,071525	0,539579	-0,447670
0,115631	0,512108	-0,318866
0,146142	0,517914	-0,098989
0,114033	0,537866	0,128622
0,062503	0,492549	0,281022
0,027969	0,490756	0,396241
-0,059021	0,466347	0,460645
-0,133411	0,436286	0,465244
-0,103860	0,405535	0,430618
-0,100324	0,361782	0,392371
-0,070677	0,357419	0,321563
-0,068993	0,307004	0,159570
-0,096381	0,276243	0,052949
-0,092424	0,266002	-0,097460
-0,070107	0,241537	-0,172781
0,015741	0,210466	-0,198552
0,166780	0,176039	-0,058292
0,209083	0,157115	0,076914
0,206524	0,123775	0,121858
0,190122	0,162228	0,188466
0,131028	0,215012	0,242716
0,013843	0,231384	0,203755
-0,099057	0,241614	0,043290
-0,203745	0,280437	-0,150207
-0,236739	0,260739	-0,315526
-0,157787	0,221042	-0,414274
-0,108993	0,193118	-0,510497
-0,039306	0,194716	-0,440001
0,010693	0,187377	-0,305077
-0,044119	0,193956	-0,154047
-0,107121	0,172401	-0,011177
-0,162308	0,142706	0,045636
-0,238074	0,120867	0,114085
-0,257488	0,089992	0,169796
-0,229941	0,060507	0,151156
-0,145647	0,034990	0,164028
-0,075331	0,044276	0,176229
-0,036327	0,033504	0,219512
-0,000326	-0,016288	0,236901
0,036128	-0,030266	0,200055
0,052841	-0,025177	0,165793
0,104528	-0,045044	0,170940
0,166936	-0,023584	0,249765
0,197721	-0,031319	0,346333
0,143809	-0,037506	0,455191
0,072909	-0,016589	0,537493
0,043007	-0,007534	0,594716
0,040143	0,005472	0,621341
0,036912	0,034065	0,668496
0,038148	0,047357	0,597053
0,023816	0,040766	0,539886
0,017137	0,078585	0,497985
0,028065	0,070522	0,415637
0,010965	0,067916	0,352614
0,010688	0,047619	0,274426
-0,002936	-0,004031	0,145810
0,001472	-0,040579	-0,024136
-0,005524	-0,060234	-0,181161
-0,021656	-0,060638	-0,323054
0,011411	-0,058094	-0,408797
0,055088	-0,025405	-0,395031
0,118778	-0,024158	-0,387851
0,104592	-0,041348	-0,398392
0,107624	-0,023496	-0,335950
0,094717	-0,038914	-0,274509
0,086309	-0,039749	-0,229178
0,078617	-0,016479	-0,135467
0,028421	-0,048621	-0,010681
0,057210	-0,046550	0,089136
0,046732	-0,066928	0,191976
-0,014336	-0,082278	0,220622
-0,047858	-0,038051	0,169784
-0,054570	-0,026608	0,128173
-0,045573	-0,034689	0,105407
-0,049862	-0,070855	0,099646
-0,045639	-0,126594	0,092168
-0,075769	-0,127130	0,091935
-0,091267	-0,102656	0,067799
-0,083548	-0,074471	-0,000351
-0,085991	-0,080646	-0,026135
-0,064960	-0,071218	-0,068797
-0,064419	-0,060808	-0,033968
-0,035251	-0,083119	0,075304
0,006272	-0,094266	0,120570
0,003101	-0,037107	0,104122
0,059939	-0,015318	0,142673
0,095840	0,007850	0,199380
0,081457	0,005328	0,264838
0,033561	0,005214	0,218585
-0,015290	-0,004447	0,249562
0,002136	-0,052398	0,324150
0,013208	-0,062988	0,306243
-0,055523	-0,049426	0,292883
-0,089425	-0,045290	0,185466
-0,113679	-0,038149	0,127304
-0,122547	-0,027650	0,068322
-0,129642	-0,000086	0,027839
-0,125735	0,057389	-0,026569
-0,150393	0,067933	-0,032742
-0,136598	0,063929	-0,069297
-0,110231	0,051143	-0,066924
-0,100636	0,006442	-0,045886
-0,091995	-0,004429	-0,056813
-0,034339	0,016574	0,025412
-0,000652	0,038149	0,147710
-0,017758	0,020949	0,199564
-0,001755	0,020592	0,246797
0,007214	0,008808	0,217555
-0,043069	0,019497	0,157760
-0,001899	0,004098	0,022778
0,033918	-0,029277	-0,046903
0,055857	-0,067477	-0,087315
0,085872	-0,062600	-0,071768
0,094552	-0,073066	-0,023894
0,068940	-0,069940	0,077613
0,029298	-0,055952	0,153069
0,013856	-0,079247	0,221088
-0,021472	-0,065301	0,300418
-0,034414	-0,068525	0,277676
-0,055302	-0,064403	0,227890
-0,077762	-0,052474	0,115271
-0,070828	-0,033361	0,074981
-0,047092	-0,025737	-0,009925
-0,041507	-0,010055	-0,078802
0,001280	0,006323	-0,100395
0,020177	0,021343	-0,082232
0,013260	0,017075	-0,090689
0,002954	-0,000708	-0,116606
0,034920	0,008052	-0,146911
0,061456	0,016024	-0,104125
0,028096	-0,008250	-0,130224
0,020560	0,000102	-0,205693
0,027947	0,021151	-0,226798
0,098969	-0,008934	-0,230279
0,089710	-0,046417	-0,175605
0,054532	-0,068738	-0,155816
0,029258	-0,060740	-0,166791
-0,019697	-0,018905	-0,169822
-0,031077	0,004993	-0,188531
-0,024862	-0,016123	-0,162312
-0,026591	-0,025337	-0,109744
-0,005953	-0,018365	-0,096414
-0,021034	-0,007978	-0,106818
-0,044611	-0,009264	-0,078753
-0,043342	0,016539	-0,083107
-0,027972	0,065905	-0,068402
-0,033877	0,073781	-0,071006
-0,025185	0,052323	-0,052008
-0,010565	0,028455	-0,004265
0,047090	0,028513	0,055011
0,083643	0,014193	0,214479
0,057332	0,008473	0,332472
0,031510	-0,020028	0,392394
0,011793	-0,007404	0,407763
-0,017372	-0,021255	0,316628
0,005255	-0,043811	0,172858
0,049211	-0,089639	0,042522
0,082460	-0,099483	-0,104850
0,087037	-0,079586	-0,205499
0,059095	-0,068466	-0,249640
0,015672	-0,058594	-0,228436
-0,019066	-0,037305	-0,188498
-0,024823	-0,022178	-0,189104
-0,056248	-0,006256	-0,107228
-0,044998	0,023731	-0,065677
-0,058032	0,035269	-0,051578
-0,056961	0,032036	-0,039346
-0,057055	0,060113	0,002044
-0,026491	0,081612	0,049511
-0,012575	0,068158	0,096115
-0,022511	0,051658	0,222461
-0,033329	0,080584	0,363760
-0,040078	0,070217	0,430827
-0,073237	0,045639	0,387753
-0,040389	0,023108	0,321701
-0,023693	0,021355	0,216174
0,000198	-0,042291	0,065688
0,043250	-0,052034	-0,106434
0,107390	-0,079933	-0,265188
0,157738	-0,118536	-0,251409
0,152997	-0,118767	-0,318925
0,106126	-0,130450	-0,297278
0,091602	-0,094778	-0,323052
0,054129	-0,058586	-0,352302
0,066289	-0,041119	-0,345050
0,050150	-0,030991	-0,290408
0,031502	-0,027661	-0,203590
0,013715	0,009475	-0,077643
0,004270	0,009496	-0,024761
-0,007118	0,007597	0,085538
-0,012409	0,026183	0,203465
0,029343	0,036278	0,320792
-0,029199	0,060626	0,438592
-0,117207	0,082009	0,486860
-0,160806	0,103925	0,458446
-0,101826	0,105162	0,484542
-0,082425	0,089879	0,384765
-0,063072	0,045084	0,232153
-0,058111	0,023616	0,077507
-0,039787	0,027511	-0,028973
0,003607	-0,030664	-0,131394
0,045024	-0,071455	-0,244934
0,090609	-0,081102	-0,321411
0,101211	-0,100319	-0,421851
0,086718	-0,122394	-0,435161
0,100978	-0,099832	-0,433358
0,069284	-0,057832	-0,417561
0,016169	-0,051063	-0,331180
0,014852	-0,044671	-0,236209
-0,012069	-0,008930	-0,156399
-0,010607	0,018710	-0,051389
-0,021889	0,032217	0,014443
-0,053913	0,054496	0,094868
-0,053665	0,085736	0,120902
-0,043884	0,076255	0,216435
-0,015954	0,042803	0,331168
0,024590	0,037123	0,418158
0,010090	0,037352	0,452324
-0,043637	0,028929	0,492108
-0,074180	0,046129	0,458811
-0,066046	0,057973	0,372786
-0,047087	-0,002474	0,280040
-0,002245	-0,024953	0,125387
0,070995	-0,051566	-0,031856
0,135324	-0,049871	-0,206478
0,153266	-0,022661	-0,390244
0,132196	-0,047817	-0,363904
0,127778	-0,080392	-0,319859
0,094568	-0,116987	-0,263541
0,079476	-0,102208	-0,216582
-0,010150	-0,074112	-0,214452
-0,026321	-0,031519	-0,212736
-0,000952	-0,021382	-0,174022
0,011690	-0,013273	-0,066427
0,034254	0,031520	0,041658
0,023570	0,018515	0,057277
-0,010831	0,032048	0,109030
-0,046006	0,048624	0,201189
-0,055006	0,044649	0,325672
-0,082310	0,035719	0,449198
-0,103202	0,070714	0,435969
-0,117034	0,075724	0,349740
-0,103210	0,058662	0,207966
-0,041381	0,028729	0,036124
0,001368	0,011497	-0,153059
0,009712	-0,039643	-0,211510
0,047992	-0,062366	-0,288922
0,118838	-0,026907	-0,277110
0,081667	-0,055999	-0,236055
0,068202	-0,044799	-0,279823
0,026791	-0,023400	-0,299506
0,001328	-0,043611	-0,271209
0,009680	-0,028187	-0,193994
0,020195	-0,024466	-0,154231
0,007538	-0,027238	-0,073580
-0,006421	-0,025611	-0,064613
-0,041538	0,030268	-0,033503
-0,015982	0,048152	0,044072
-0,003215	0,065340	0,063993
-0,014059	0,077162	0,100035
-0,041899	0,101952	0,189196
-0,048839	0,104548	0,313210
-0,108029	0,102791	0,380816
-0,115146	0,118634	0,390835
-0,085415	0,092990	0,303098
-0,025241	0,045657	0,216624
0,002793	-0,026682	0,075606
0,007984	-0,030916	-0,105189
0,072464	-0,056337	-0,228768
0,126928	-0,086256	-0,287397
0,159953	-0,108263	-0,318027
0,153829	-0,109596	-0,304214
0,124016	-0,088641	-0,300830
0,082928	-0,136990	-0,269400
0,065391	-0,109592	-0,241374
0,078167	-0,090542	-0,209383
0,051999	-0,073398	-0,139736
0,047349	-0,017532	-0,100290
0,035962	-0,014990	-0,024690
-0,017202	0,015779	0,104748
-0,046318	0,039442	0,195847
-0,084942	0,067943	0,327148
-0,086142	0,083089	0,384302
-0,065093	0,088493	0,457796
-0,083678	0,104315	0,526161
-0,131103	0,100688	0,478400
-0,147973	0,106417	0,416228
-0,118379	0,076503	0,289892
-0,092786	0,041097	0,114116
-0,043589	-0,011178	-0,075346
0,001518	-0,023310	-0,183812
0,046234	-0,021517	-0,244730
0,042724	-0,017214	-0,300179
0,064831	-0,024306	-0,331122
0,066233	-0,039562	-0,314690
0,067342	-0,067074	-0,314008
0,078776	-0,105381	-0,293344
0,064937	-0,100589	-0,258614
0,082601	-0,097708	-0,192523
0,073735	-0,089653	-0,094644
0,078141	-0,055438	-0,010591
0,030909	-0,029030	0,090160
0,002705	-0,010773	0,118100
-0,004537	0,016284	0,165354
-0,051518	0,036965	0,226130
-0,012479	0,034357	0,269967
0,011086	0,036104	0,295465
-0,027533	0,050917	0,348421
-0,042131	0,079991	0,288307
-0,126600	0,109964	0,140631
-0,118517	0,106172	0,013859
-0,050758	0,052369	-0,121066
0,018769	0,005507	-0,235720
0,052356	0,002489	-0,261367
0,038064	-0,014293	-0,307726
0,017036	-0,014303	-0,347694
0,022247	-0,040178	-0,315509
