-0,045943	-0,048560	0,072657
-0,305858	-0,035979	0,260188
-0,235116	0,060279	0,306795
-0,236933	0,111431	0,224367
-0,222103	0,154269	0,150759
-0,209286	0,137783	0,149343
-0,177964	0,145663	0,130960
-0,120349	0,083010	0,053060
-0,073294	0,082693	0,006059
-0,033733	0,021135	-0,056444
0,030472	-0,018517	-0,142848
0,047364	-0,014813	-0,207174
0,061829	-0,021433	-0,195427
0,069580	-0,004695	-0,181231
-0,007544	0,052750	-0,225430
-0,052007	0,029749	-0,283773
-0,106730	0,043904	-0,358220
-0,087300	0,043741	-0,332548
-0,065043	0,057979	-0,226781
0,003508	0,011911	-0,159390
0,082298	-0,029741	-0,074839
0,130951	-0,044863	0,042595
0,083691	-0,033009	0,052277
0,006626	-0,027371	0,066724
-0,078024	-0,029551	0,152012
-0,093059	0,015617	0,196317
-0,117538	0,064215	0,274839
-0,115100	0,085845	0,370237
-0,110281	0,099315	0,413023
-0,124614	0,128304	0,448216
-0,124593	0,131367	0,454337
-0,100639	0,108926	0,419976
-0,100616	0,065120	0,384821
-0,037402	0,011874	0,281037
-0,024172	-0,050840	0,302405
-0,004970	-0,062694	0,302252
-0,040365	-0,061654	0,245634
-0,070598	-0,023469	0,084459
-0,019137	-0,021644	-0,037779
0,036412	-0,006780	-0,198777
0,076053	-0,031279	-0,345765
0,120218	-0,017369	-0,439417
0,120112	0,027291	-0,551692
0,108541	0,059186	-0,555319
0,111735	0,102891	-0,480644
0,148763	0,110084	-0,390265
0,145829	0,095733	-0,308378
0,127198	0,095739	-0,184446
0,086426	0,082329	-0,077647
-0,023742	0,125238	0,037479
-0,082202	0,166279	0,089358
-0,100246	0,196231	0,132778
-0,090732	0,171340	0,117722
-0,071621	0,155273	0,162170
-0,021860	0,109851	0,172827
-0,008870	0,044790	0,167949
0,042697	-0,007271	0,150643
0,041823	-0,013471	0,079329
0,030578	-0,050046	0,027074
0,048412	-0,028538	-0,054953
0,052133	-0,022830	-0,122490
0,051289	0,032493	-0,256976
0,053483	0,053765	-0,414346
0,070557	0,098554	-0,490461
0,036328	0,123851	-0,518773
-0,006374	0,128780	-0,561551
-0,055856	0,140366	-0,615879
-0,060005	0,144861	-0,653592
-0,002032	0,160896	-0,702915
0,018479	0,152655	-0,680130
0,022449	0,104887	-0,674341
0,036160	0,054223	-0,585444
0,005942	0,033795	-0,546884
-0,042170	0,083543	-0,527534
-0,089290	0,105140	-0,427777
-0,123141	0,107098	-0,294333
-0,069790	0,053122	-0,158855
-0,077853	0,053032	0,010831
-0,084304	0,095099	0,130283
-0,135449	0,127789	0,221060
-0,140915	0,153952	0,232402
-0,148169	0,163384	0,149532
-0,146306	0,194867	-0,064249
-0,158219	0,248789	-0,318599
-0,153394	0,250752	-0,679135
-0,174437	0,239860	-1,135153
-0,133800	0,157415	-1,379302
0,086417	0,032072	-1,429052
0,286529	-0,120863	-1,418095
0,404467	-0,201073	-1,394962
0,450954	-0,258552	-1,381253
0,432589	-0,251849	-1,370273
0,377676	-0,212014	-1,238919
0,308842	-0,182062	-1,079233
0,236539	-0,180122	-0,917976
0,181565	-0,173786	-0,766949
0,138550	-0,155313	-0,605894
0,040931	-0,175959	-0,461729
-0,076435	-0,199190	-0,242967
-0,147330	-0,186171	-0,109144
-0,235662	-0,184362	-0,026024
-0,308244	-0,169523	-0,050507
-0,415150	-0,128917	-0,093079
-0,487259	-0,142391	-0,096484
-0,351501	-0,410800	-0,047500
-0,107861	-0,704043	0,029993
0,086099	-0,757644	0,052718
0,172309	-0,799572	0,069957
0,226910	-0,827365	0,097140
0,285910	-0,955899	0,212746
0,325457	-1,139170	0,333955
0,350392	-1,276216	0,401246
0,323405	-1,347535	0,486670
0,276924	-1,425672	0,513836
0,204291	-1,416344	0,496310
0,189299	-1,454864	0,488027
0,155260	-1,463635	0,538859
0,127089	-1,461094	0,652316
0,119860	-1,456180	0,850331
0,025026	-1,497256	1,078666
-0,108312	-1,510964	1,268023
-0,219767	-1,513312	1,509548
-0,369258	-1,514239	1,837790
-0,527169	-1,536049	2,073565
-0,546235	-1,442401	2,279433
-0,443690	-1,334915	2,530309
-0,293660	-1,126355	2,693668
-0,126713	-0,935556	2,626114
0,143796	-0,846138	2,231140
0,433945	-0,880890	1,808850
0,633509	-0,935510	1,409727
0,667696	-0,919832	1,051170
0,650038	-0,969544	0,690582
0,560253	-0,945142	0,585986
0,168551	-0,797300	0,819302
-0,313352	-0,874388	1,072983
-0,521702	-1,013622	1,410975
-0,516959	-0,998605	1,835542
-0,481560	-0,819001	2,270973
-0,527949	-0,536439	2,419159
-0,504720	-0,277845	2,244665
-0,416227	-0,084373	1,924053
-0,417259	0,004327	1,490402
-0,501397	-0,041545	1,014196
-0,504548	-0,184542	0,696427
-0,401722	-0,306618	0,483411
-0,352030	-0,444489	0,113779
-0,245222	-0,561487	-0,395475
-0,110948	-0,591890	-0,848851
0,031908	-0,579811	-1,304447
0,178761	-0,546209	-1,663175
0,242606	-0,514544	-1,799803
0,237176	-0,422170	-1,737681
0,193574	-0,279313	-1,552951
0,187415	-0,178443	-1,252895
0,217937	-0,158074	-0,780136
0,238510	-0,105390	-0,220922
0,186023	-0,058457	0,230281
0,109548	-0,008460	0,555794
0,020598	0,062190	0,712787
-0,079286	0,106246	0,779007
-0,161110	0,168322	0,811865
-0,173907	0,225636	0,731853
-0,142947	0,214982	0,620918
-0,049245	0,214124	0,424908
0,105221	0,144493	0,160837
0,234531	-0,018488	-0,217046
0,237429	-0,123970	-0,480094
0,124819	-0,244733	-0,768108
0,029945	-0,349974	-1,015757
-0,000946	-0,352770	-1,034786
0,091174	-0,358827	-0,748337
0,148599	-0,328248	-0,197412
0,131330	-0,219495	0,346770
0,174022	-0,057798	0,885546
0,133468	0,109853	1,386476
0,096240	0,196110	1,614832
0,082741	0,204764	1,761128
0,036505	0,188714	1,957657
0,004302	0,108832	2,074657
0,019726	-0,001997	1,992038
-0,078079	-0,023619	1,719082
-0,279858	0,071119	1,326426
-0,438401	0,112437	0,831295
-0,485755	0,096663	0,235996
-0,425957	0,041894	-0,314938
-0,228718	0,022981	-0,727915
-0,001968	0,015503	-1,024788
0,193787	0,016236	-1,322614
0,296765	0,017786	-1,652805
0,275730	0,205757	-1,992619
0,179398	0,419354	-2,544119
0,090845	0,565330	-2,936467
0,213459	0,620806	-2,939103
0,450406	0,556020	-2,639551
0,695518	0,490788	-2,244759
0,853289	0,494143	-1,869550
0,806179	0,597390	-1,475523
0,726340	0,727863	-1,170849
0,560967	0,888748	-0,882090
0,302240	1,051929	-0,585958
0,091438	1,151834	-0,377787
-0,088690	1,229841	-0,296480
-0,207903	1,210850	-0,310926
-0,257301	1,082645	-0,379942
-0,263300	1,003054	-0,528050
-0,213521	0,958547	-0,688676
-0,192838	0,952629	-0,810474
-0,164805	0,957477	-0,883975
-0,126094	1,009231	-0,918825
-0,045334	1,043932	-0,867213
0,003955	1,132985	-0,866158
-0,008335	1,176444	-0,917988
-0,182876	1,223675	-1,163431
-0,384765	1,206870	-1,429695
-0,474450	1,213530	-1,486603
-0,428401	1,187267	-1,347302
-0,338888	1,166245	-1,132432
-0,220353	1,150391	-0,878162
-0,111158	1,137708	-0,726480
-0,107127	1,148630	-0,630024
-0,179549	1,256001	-0,624685
-0,282507	1,296903	-0,742998
-0,318901	1,364085	-0,789772
-0,269488	1,392941	-0,696930
-0,178237	1,367172	-0,654272
-0,083215	1,271875	-0,472661
0,000469	1,213826	-0,286198
-0,032193	1,185575	-0,148514
-0,115769	1,149571	0,026758
-0,125184	1,102579	0,144954
-0,128870	1,045820	0,147567
-0,127034	0,973607	0,127624
-0,179203	0,932121	0,063793
-0,247757	0,891265	-0,145291
-0,238428	0,833679	-0,367136
-0,221382	0,748340	-0,588680
-0,175189	0,662844	-0,690255
-0,074074	0,584853	-0,634565
0,056622	0,490869	-0,528721
0,142026	0,431000	-0,458414
0,139475	0,370667	-0,332246
0,140303	0,347290	-0,195887
0,148644	0,321887	-0,063814
0,071991	0,357107	0,037059
-0,028601	0,333561	0,119662
-0,078435	0,309952	0,226930
-0,072318	0,277649	0,361586
-0,044451	0,296814	0,423350
-0,036513	0,290124	0,523507
-0,028258	0,299140	0,503083
-0,065698	0,260382	0,403431
-0,076496	0,240861	0,191544
-0,074612	0,239613	0,074695
0,000650	0,173502	-0,022605
0,093415	0,103364	-0,182806
0,113038	0,049171	-0,282231
0,110535	0,022100	-0,369437
0,139185	-0,031160	-0,413348
0,134334	-0,021095	-0,447512
0,095980	-0,001556	-0,442286
0,053798	0,000671	-0,447677
0,021005	0,040759	-0,420398
-0,009050	0,032607	-0,282680
-0,039797	0,028002	-0,147616
-0,052907	0,031972	-0,118093
-0,075846	0,077299	0,000338
-0,162190	0,133665	0,108485
-0,190092	0,093516	0,215121
-0,181761	0,106417	0,325320
-0,149229	0,093752	0,392421
-0,158654	0,054896	0,452792
-0,148944	0,031466	0,514516
-0,144058	-0,003562	0,474809
-0,098974	-0,019122	0,391346
-0,082048	-0,011465	0,337015
-0,058937	-0,021624	0,261958
-0,015545	-0,039333	0,166463
0,056521	-0,058273	0,153288
0,172585	-0,147180	0,182958
0,221393	-0,201056	0,286185
0,253726	-0,200115	0,549774
0,225002	-0,181161	0,757775
0,209689	-0,188984	0,867659
0,149563	-0,155021	0,910570
0,081345	-0,118267	0,885511
0,043042	-0,110898	0,793651
0,024863	-0,106907	0,718233
-0,003095	-0,093192	0,588954
0,005178	-0,115727	0,418490
-0,033199	-0,131852	0,252432
-0,079233	-0,117932	0,026689
-0,121809	-0,094346	-0,174023
-0,026573	-0,188477	-0,034823
0,102277	-0,282947	0,020981
0,186216	-0,297220	-0,019604
0,181529	-0,295246	-0,069321
0,120321	-0,265884	-0,048743
0,124028	-0,245264	-0,037090
0,178714	-0,241218	0,037369
0,172659	-0,289703	0,166846
0,119926	-0,265283	0,273296
0,084454	-0,241914	0,373788
0,046494	-0,205982	0,489607
0,034327	-0,188724	0,538207
-0,044365	-0,155777	0,616356
-0,069977	-0,177283	0,805292
-0,100989	-0,165776	1,017733
-0,162200	-0,146989	1,132130
-0,205407	-0,157813	1,144168
-0,193061	-0,141570	1,136562
-0,149663	-0,105590	1,062472
-0,141752	-0,110327	0,865298
-0,182359	-0,130400	0,584988
-0,183229	-0,149340	0,296555
-0,166700	-0,159694	-0,003125
-0,051951	-0,207235	-0,165305
0,099210	-0,323808	-0,298882
0,214402	-0,441968	-0,287946
0,283570	-0,504881	-0,242807
0,310181	-0,554259	-0,232552
0,296986	-0,494164	-0,221478
0,244290	-0,434601	-0,226023
0,171494	-0,328528	-0,157832
0,142933	-0,230266	-0,087008
0,136380	-0,164095	-0,032252
0,167514	-0,087221	0,114969
0,185733	-0,090847	0,361092
0,164858	-0,093747	0,629804
0,125185	-0,052976	0,892661
0,040773	0,001675	1,091460
-0,066014	0,046347	1,131738
-0,183061	0,033257	1,166841
-0,221143	-0,012664	1,062757
-0,222886	-0,034070	0,905748
-0,154371	-0,109616	0,669056
-0,099559	-0,142283	0,383926
-0,078683	-0,170333	0,176905
-0,079230	-0,153502	-0,074919
-0,028899	-0,158239	-0,372129
0,040076	-0,184050	-0,562987
0,174761	-0,229600	-0,597876
0,319850	-0,306263	-0,562578
0,360275	-0,340775	-0,443349
0,302575	-0,359778	-0,268497
0,260261	-0,355816	-0,054862
0,167987	-0,319125	0,107429
0,097036	-0,247634	0,284173
0,052726	-0,166504	0,363337
0,012494	-0,077661	0,419954
-0,042679	-0,037226	0,434608
-0,076269	0,009477	0,423334
-0,069646	0,026734	0,380806
-0,105509	0,057789	0,345832
-0,128462	0,060587	0,340826
-0,095104	0,085823	0,284160
-0,063632	0,074408	0,234982
-0,010683	0,071013	0,127658
0,021141	0,075963	-0,041526
0,001581	0,049284	-0,219976
-0,002556	0,042296	-0,410612
0,001776	-0,008302	-0,581309
-0,009114	-0,012391	-0,755234
0,011862	-0,020448	-0,833069
0,029606	-0,060401	-0,894384
0,068692	-0,095257	-0,892680
0,098057	-0,082907	-0,778304
0,115787	-0,094097	-0,642748
0,102212	-0,079111	-0,498878
0,089436	-0,061372	-0,342608
0,076334	-0,025147	-0,232901
0,056282	-0,012464	-0,075224
0,023956	-0,007090	0,049953
-0,000952	0,015385	0,194149
-0,063006	0,045828	0,269284
-0,101161	0,056780	0,297789
-0,131686	0,072243	0,309093
-0,148452	0,096100	0,314315
-0,138866	0,117102	0,306042
-0,122592	0,108049	0,238119
-0,114358	0,118996	0,163689
-0,098188	0,120099	0,061042
-0,037364	0,103733	-0,042146
-0,029891	0,139493	-0,117994
0,007691	0,132664	-0,204528
0,027222	0,116666	-0,387719
-0,070166	0,113450	-0,637702
-0,081035	0,039039	-0,773528
-0,008321	0,004412	-0,811316
0,119759	-0,075950	-0,740031
0,246161	-0,111517	-0,571920
0,285039	-0,106450	-0,371343
0,253886	-0,077506	-0,187895
0,192574	-0,065838	-0,064122
0,086066	-0,057456	0,088522
0,007561	0,001924	0,180949
-0,029388	0,013026	0,232870
-0,042663	-0,002031	0,268657
-0,063818	0,051049	0,266635
-0,059673	0,080109	0,291836
-0,045822	0,071741	0,297641
-0,074963	0,092830	0,312807
-0,105942	0,102999	0,345057
-0,127844	0,129323	0,322970
-0,080254	0,138896	0,283278
-0,074738	0,127400	0,179699
-0,044471	0,120109	0,040329
-0,019292	0,081719	-0,094152
-0,037455	0,077826	-0,189287
-0,057747	0,057476	-0,333387
-0,032782	-0,009561	-0,425694
-0,000371	-0,015315	-0,501445
0,034176	-0,073543	-0,431796
0,114499	-0,123959	-0,278396
0,192148	-0,186313	-0,050341
0,226509	-0,220877	0,111046
0,174493	-0,182451	0,216205
0,063948	-0,115309	0,173916
-0,032167	-0,058727	0,202341
-0,091810	0,026762	0,181990
-0,133788	0,108555	0,173363
-0,123302	0,135684	0,219134
-0,113009	0,154519	0,261501
-0,132546	0,178193	0,255173
