0,226273	1,596924	9,418091
0,119736	1,587341	9,305557
0,144882	1,631638	9,254074
0,202332	1,649582	9,428864
0,330429	1,662750	9,550964
0,423798	1,589737	9,674271
0,330429	1,592133	9,681442
0,238251	1,643600	9,564133
0,268173	1,667542	9,468369
0,288528	1,623260	9,489914
0,298111	1,612473	9,552155
0,329224	1,610092	9,516251
0,377121	1,599304	9,412094
0,408234	1,575363	9,486313
0,444153	1,576569	9,641937
0,444153	1,654373	9,681442
0,433380	1,695084	9,598846
0,506393	1,674728	9,571320
0,585403	1,605301	9,589264
0,535126	1,623260	9,585678
0,469284	1,656769	9,476746
0,470490	1,716629	9,364212
0,501617	1,711838	9,384567
0,539917	1,667542	9,503082
0,499222	1,675919	9,597656
0,433380	1,710648	9,528214
0,421402	1,683105	9,386963
0,391479	1,653183	9,385757
0,395065	1,654373	9,376190
0,453735	1,611282	9,365417
0,533936	1,580154	9,473145
0,554291	1,624451	9,564133
0,533936	1,679520	9,579697
0,583008	1,648392	9,505478
0,694351	1,581360	9,538986
0,707520	1,584946	9,603638
0,717087	1,649582	9,576096
0,756592	1,606491	9,500687
0,757797	1,618469	9,531815
0,748215	1,632828	9,543777
0,769760	1,650787	9,664688
0,829620	1,721420	9,777222
0,900253	1,757324	9,899323
1,004395	1,764511	9,947205
1,071426	1,763321	9,918472
1,113327	1,813599	9,778412
1,132492	1,886612	9,609619
1,177979	1,887817	9,546173
1,230652	1,868652	9,521042
1,286911	1,861481	9,604828
1,347961	1,850708	9,694611
1,324020	1,813599	9,705383
1,227051	1,793243	9,614410
1,161209	1,833939	9,456390
1,169601	1,832748	9,434845
1,187546	1,817184	9,582092
1,240219	1,869858	9,833481
1,308456	1,885422	9,932831
1,400635	1,883026	9,870590
1,446121	1,874649	9,855026
1,467667	1,911758	9,838272
1,511963	1,957245	9,834671
1,586182	1,965622	9,814331
1,564636	1,930908	9,771225
1,611328	1,862671	9,778412
1,605347	1,849503	9,880173
1,587387	1,874649	9,926849
1,625687	1,935699	9,947205
1,674774	1,930908	10,023819
1,678360	1,917740	10,193802
1,660400	1,952454	10,423645
1,765747	1,983582	10,708557
1,903412	1,911758	10,913269
2,134460	1,884216	10,969528
2,176361	1,994354	10,745667
2,082977	2,080551	10,394913
2,050659	2,100891	10,076492
2,152420	2,103287	9,880173
2,220642	2,147583	9,834671
2,214661	2,199066	9,768829
2,252975	2,224197	9,677856
2,311630	2,258911	9,565323
2,384659	2,251724	9,531815
2,419373	2,249344	9,602432
2,440918	2,214615	9,706589
2,428940	2,217010	9,802353
2,372681	2,327148	9,912491
2,381058	2,384613	9,931641
2,454086	2,348694	9,893341
2,510345	2,251724	9,834671
2,603729	2,203842	9,790390
2,682724	2,221802	9,752075
2,743790	2,276871	9,729324
2,746170	2,340317	9,720947
2,786880	2,293625	9,711380
2,755753	2,305603	9,657501
2,703079	2,392990	9,616806
2,748566	2,415741	9,698212
2,773712	2,389404	9,768829
2,780899	2,383408	9,673065
2,733002	2,388199	9,503082
2,701889	2,421722	9,527023
2,705475	2,457626	9,621597
2,825180	2,357071	9,762848
2,888626	2,294830	9,847839
2,893417	2,357071	9,916077
2,948486	2,449249	10,039383
2,972427	2,443268	10,184235
2,983200	2,420517	10,323090
2,900604	2,436081	10,400909
2,792862	2,477982	10,446396
2,790466	2,537842	10,513428
2,803635	2,559387	10,527802
2,843140	2,595306	10,378159
2,900604	2,689865	10,175842
2,998764	2,723389	10,209366
3,090942	2,762894	10,221344
3,136429	2,871826	10,025009
3,156784	2,868240	9,804749
3,149597	2,819153	9,704193
3,120865	2,814362	9,704193
3,094528	2,914932	9,784393
2,992783	3,011887	9,855026
2,919754	3,023865	10,013046
2,928131	3,025055	10,162674
2,846741	3,039429	10,274017
2,803635	3,060974	10,297958
2,777298	3,082520	10,278793
2,833572	3,135193	10,363800
2,991577	3,197433	10,459564
3,113693	3,260880	10,290771
3,070587	3,357849	9,798767
3,023911	3,323135	9,339081
3,023911	3,349472	9,045792
3,017914	3,471573	8,854248
3,023911	3,491928	8,738129
3,037079	3,500305	8,654327
3,068192	3,484741	8,627991
3,168747	3,490738	8,596878
3,112488	3,591293	8,540604
3,050247	3,647552	8,565750
3,096924	3,627197	8,904526
3,154388	3,653534	9,294785
3,072983	3,780426	9,342667
2,956863	3,884583	9,225357
2,865891	3,951614	9,036209
2,886230	3,987534	8,972763
2,918564	3,986328	8,973953
3,093338	4,025833	8,996704
3,227417	4,040207	9,082901
3,262131	4,034210	9,116409
3,271698	4,049774	9,213379
3,258530	4,113220	9,437241
3,217834	4,236526	9,620392
3,304031	4,347855	9,780807
3,457260	4,465164	9,912491
3,585342	4,442429	9,959167
3,729004	4,420883	10,017838
3,921722	4,472351	10,186630
4,060593	4,503479	10,455978
4,147980	4,495102	10,598419
4,058197	4,562134	10,736099
3,957642	4,687836	10,754044
3,864273	4,718948	10,801926
3,863068	4,702194	10,877350
3,852295	4,708176	10,865387
3,739777	4,768036	10,643921
3,641602	4,839859	10,533783
3,592529	4,920074	10,617584
3,559006	4,951187	10,609207
3,485992	5,025421	10,546951
3,429718	5,088867	10,363800
3,361481	5,125977	10,110016
3,225021	5,200195	9,795166
3,195084	5,293564	9,432449
3,228607	5,364197	9,159515
3,246567	5,445602	8,934448
3,231003	5,570099	8,723770
3,204666	5,657486	8,525040
3,245361	5,685013	8,539413
3,275299	5,816696	8,661514
3,326767	5,895706	8,768051
3,274094	5,906479	8,745316
3,157974	5,864578	8,450821
3,041855	5,855011	8,153946
2,979614	5,880142	8,144363
2,967636	5,947174	8,423294
2,928131	5,936401	8,563354
2,703079	5,692200	8,035431
1,643646	5,135544	6,414566
-1,071381	4,854233	4,339981
-2,449234	5,978302	5,353928
0,791306	7,295120	9,263657
4,040237	7,037735	10,931213
4,334732	6,318283	9,576096
3,961227	6,273987	7,936081
4,082138	6,531372	7,586517
4,215027	6,471512	7,794815
3,989960	6,318283	7,673904
3,448868	6,339828	7,259705
2,962845	6,453552	6,677917
2,675552	6,549316	6,305618
2,528305	6,667831	6,704254
2,663574	6,749237	7,822342
2,946091	6,736069	8,961990
3,191498	6,659454	9,768829
3,213043	6,655869	10,236908
3,077774	6,671432	10,414078
2,897018	6,575653	10,326691
2,677948	6,507431	10,275208
2,402603	6,530167	10,060928
2,217056	6,457153	9,689819
2,140442	6,466721	9,342667
2,006363	6,593613	8,892563
2,157196	6,720505	8,199432
2,448105	6,726501	7,304001
2,524719	6,773178	6,576172
2,449295	6,914444	5,891418
2,426544	7,014999	5,101334
2,373871	7,050903	4,635666
2,304443	6,937180	4,441742
2,176361	6,848602	4,442932
2,001587	6,847397	4,600952
1,838776	6,926407	4,670380
1,677170	7,034149	4,566238
1,565842	7,036545	4,413010
1,501190	6,870148	4,216675
1,403030	6,746841	4,287308
1,100159	6,834229	4,398636
0,770966	6,934784	4,345963
0,545898	6,933594	4,424973
0,334015	6,874939	4,521942
0,135300	6,914444	4,741013
0,058685	6,880920	4,920578
0,229874	6,730087	5,027115
0,559067	6,700165	5,133667
0,671600	6,836624	4,784103
0,633301	6,968307	4,057465
0,805679	6,941971	3,402649
1,205505	6,744446	3,114151
1,513168	6,575653	3,237457
1,656815	6,630722	3,448135
1,382675	6,793533	3,360748
0,822433	6,842606	3,352371
0,426193	6,738464	3,640869
0,039536	6,757614	4,001205
-0,384247	6,749237	4,130493
-0,779282	6,709732	3,986832
-1,110886	6,745651	3,719879
-1,197067	6,758820	3,583420
-1,171936	6,724106	3,730652
-1,297623	6,770782	3,588196
-1,437698	6,871338	3,328430
-1,462830	6,958725	3,259003
-1,416138	6,968307	3,286530
-1,347916	6,940781	3,144073
-1,490356	7,025772	2,766998
-1,656754	7,149063	2,388702
-1,672318	7,174210	2,211533
-1,479584	7,184982	1,980499
-1,351501	7,176605	1,745865
-1,377838	7,179001	1,715942
-1,456848	7,149063	1,866776
-1,660355	7,235260	1,894302
-1,899765	7,298706	1,695587
-2,114059	7,204132	1,405884
-2,286438	7,058090	1,416656
-2,439667	6,968307	1,751846
-2,445648	6,878525	2,053513
-2,492340	6,865356	2,337234
-2,695847	6,970703	2,468918
-2,934067	6,994644	2,429413
-2,974762	6,940781	2,512009
-2,963989	6,955139	2,622147
-2,969986	7,009003	2,450958
-2,973572	7,060486	2,326462
-2,998703	7,098785	2,291748
-2,999908	7,117950	2,310898
-2,972382	7,140686	2,352798
-3,074127	7,193359	2,095413
-3,357834	7,170624	1,538773
-3,663101	7,163437	1,132950
-3,855835	7,149063	0,943802
-3,986313	7,115555	0,735519
-4,061737	7,129913	0,640945
-4,224548	7,133514	0,400330
-4,486710	7,117950	0,036407
-4,692612	7,097595	-0,230545
-4,718948	7,109573	-0,102463
-4,758453	7,144287	0,051971
-4,751266	7,147873	0,154922
-4,756058	7,155060	0,034012
-4,762039	7,188568	-0,128799
-4,746475	7,250824	-0,253296
-4,807526	7,220901	-0,103653
-4,799149	7,107178	0,195618
-4,764435	7,082031	0,609818
-4,779999	7,036545	0,954575
-4,848236	7,030563	1,019226
-4,959564	7,044922	0,968948
-5,064911	6,993454	0,989304
-5,222931	7,006622	0,989304
-5,419250	6,919220	0,912689
-5,537766	6,836624	0,806137
-5,498260	6,822266	0,869583
-5,310318	6,842606	0,810928
-5,164261	6,930008	0,267441
-5,184616	7,031754	-0,317932
-5,111588	7,073654	-0,691437
-4,915268	6,943176	-0,645935
-4,906891	6,921616	-0,491516
-5,149902	6,927612	-0,457993
-5,297150	6,879730	-0,321533
-5,368973	6,806702	-0,094086
-5,489883	6,751633	0,162094
-5,689789	6,777969	0,340469
-5,834641	6,793533	0,326111
-5,953156	6,733673	0,296173
-6,010620	6,655869	0,254272
-5,961533	6,612762	0,244705
-5,985474	6,631927	0,190826
-6,112366	6,640305	0,085480
-6,182999	6,587631	0,075912
-6,199753	6,411652	0,224350
-6,240463	6,284760	0,309341
-6,362564	6,263214	0,311737
-6,459534	6,253632	0,226746
-6,423615	6,228500	0,144150
-6,349396	6,092026	0,138153
-6,391296	5,956757	0,017258
-6,558884	5,950775	-0,266464
-6,804291	6,045349	-0,569321
-6,947952	6,051331	-0,772842
-6,891678	6,032181	-0,778824
-6,896469	6,036957	-0,799164
-6,931183	6,086044	-0,935638
-6,848587	6,064499	-1,206192
-6,845001	6,109985	-1,493484
-6,861755	6,165054	-1,816711
-6,827042	6,241669	-2,022614
-6,765991	6,247650	-2,154297
-6,763596	6,216522	-2,190201
-6,777954	6,215332	-2,281189
-6,914429	6,327866	-2,341034
-6,980270	6,424820	-2,160278
-6,871338	6,376938	-1,874161
-6,867737	6,349411	-1,586868
-6,967102	6,361374	-1,361801
-7,048508	6,372147	-1,119995
-7,050903	6,349411	-0,807556
-7,110748	6,429611	-0,527435
-7,190964	6,525375	-0,353851
-7,214905	6,533768	-0,307159
-7,178986	6,488266	-0,320328
-7,220886	6,442780	-0,329910
-7,201736	6,427216	-0,440048
-7,020966	6,402084	-0,668686
-6,874924	6,358978	-0,914093
-6,709717	6,374542	-0,941620
-6,546921	6,403275	-0,991898
-6,552902	6,459534	-1,160690
-6,657043	6,532562	-1,360611
-6,786331	6,545731	-1,376175
-6,743240	6,460739	-1,263641
-6,737259	6,308701	-1,046967
-6,731277	6,323074	-0,909302
-6,758804	6,415253	-0,912903
-6,787537	6,454758	-0,966766
-6,852173	6,421234	-0,997894
-6,831833	6,321869	-0,817123
-6,894073	6,275192	-0,594467
-6,977875	6,248856	-0,498703
-7,155045	6,264420	-0,437653
-7,174194	6,222519	-0,315536
-7,114349	6,115967	-0,124008
-7,131104	6,008240	0,127380
-7,188568	5,978302	0,290192
-7,183777	5,961548	0,366806
-7,123917	5,868179	0,389557
-7,046112	5,777191	0,296173
-7,077240	5,746063	0,157318
-7,108353	5,689804	0,023239
-7,122726	5,639526	-0,000702
-7,196945	5,583267	-0,039017
-7,260391	5,532990	-0,049789
-7,315460	5,505447	-0,080917
-7,347778	5,489883	-0,126404
-7,370529	5,537766	-0,214981
-7,396866	5,555725	-0,298782
-7,486649	5,603607	-0,473557
-7,509384	5,623962	-0,583694
-7,647049	5,578476	-0,701004
-7,862534	5,615585	-0,964371
-7,855347	5,669449	-1,098450
-7,834991	5,720932	-1,099640
-7,861328	5,750854	-1,099640
-7,899643	5,744873	-1,141541
-7,919998	5,773605	-1,090073
-7,905624	5,803528	-0,977539
-7,856552	5,729309	-0,764450
-7,814651	5,719727	-0,594467
-7,746414	5,729309	-0,510666
-7,722473	5,746063	-0,495102
-7,668594	5,774796	-0,526230
-7,588394	5,742477	-0,523834
-7,529739	5,710159	-0,406525
-7,522552	5,790359	-0,375397
-7,583603	5,874161	-0,456802
-7,565643	5,911270	-0,635162
-7,393265	5,926834	-0,762054
-7,331024	5,959152	-0,917679
-7,296295	6,010620	-1,130768
-7,325027	6,056122	-1,275620
-7,342987	6,046539	-1,269638
-7,269974	5,978302	-1,304352
-7,205322	6,051331	-1,178650
-7,274750	6,165054	-1,051758
-7,328629	6,198578	-0,906906
-7,277145	6,185410	-0,746506
-7,217300	6,179413	-0,478348
-7,200531	6,143509	-0,321533
-7,128708	6,096817	-0,317932
-7,085617	6,129135	-0,459198
-7,036530	6,086044	-0,663895
-7,001816	6,040558	-0,893738
-6,959915	6,023788	-0,987122
-6,977875	6,040558	-0,978729
-6,993439	6,009430	-0,921280
-7,003006	5,956757	-0,808746
-7,031738	5,949570	-0,827896
-7,083221	5,985489	-0,817123
-7,175400	5,969925	-0,768051
-7,307083	5,959152	-0,718964
-7,381302	5,912460	-0,525040
-7,490234	5,907684	-0,289200
-7,659027	5,920853	-0,171890
-7,692535	5,922043	-0,080917
-7,711700	5,918457	-0,013870
-7,651840	5,905289	0,068726
-7,577621	5,945984	0,065140
-7,475861	5,951965	0,050766
-7,380096	5,943588	-0,071335
-7,285522	5,979507	-0,237732
-7,262787	5,924438	-0,413712
-7,243637	5,934006	-0,537003
-7,253204	5,995071	-0,565735
-7,246017	6,030975	-0,514267
-7,207718	6,001053	-0,556152
-7,193344	5,986679	-0,596863
-7,177795	5,977112	-0,685440
-7,224472	5,985489	-0,796783
-7,193344	5,990280	-0,945221
-7,168213	5,971130	-0,964371
-7,199341	5,992676	-1,002686
-7,216095	5,971130	-1,000290
-7,241241	5,974716	-0,781219
-7,277145	5,930420	-0,463989
-7,320251	5,872955	-0,267654
-7,410034	5,809509	-0,182663
-7,517761	5,804733	-0,259277
-7,530930	5,819092	-0,146744
-7,534531	5,807114	-0,088089
-7,542908	5,795151	-0,147949
-7,583603	5,766418	-0,253296
-7,569244	5,762833	-0,407715
-7,538116	5,772400	-0,444824
-7,468689	5,785568	-0,535812
-7,395660	5,796341	-0,637558
-7,396866	5,827469	-0,821915
-7,398056	5,791565	-0,879379
-7,376511	5,741287	-0,861420
-7,362137	5,712555	-0,799164
-7,371719	5,746063	-0,674667
-7,408829	5,795151	-0,546585
-7,444748	5,754456	-0,511871
-7,475861	5,741287	-0,448425
-7,437561	5,760437	-0,356247
-7,372910	5,772400	-0,252090
-7,299896	5,744873	-0,212585
-7,292709	5,731705	-0,323929
-7,259186	5,716141	-0,454407
-7,260391	5,738892	-0,493912
-7,234055	5,767609	-0,473557
-7,181381	5,741287	-0,435257
-7,180191	5,679031	-0,386169
-7,319046	5,729309	-0,467575
-7,413620	5,807114	-0,557358
-7,450729	5,785568	-0,566940
-7,451920	5,756836	-0,586090
-7,435165	5,735291	-0,552567
-7,368134	5,720932	-0,788391
-7,427979	5,705368	-0,825500
-7,489029	5,662277	-0,796783
-7,557266	5,677841	-0,782410
-7,615921	5,675446	-0,714172
-7,690155	5,695786	-0,699814
-7,726059	5,720932	-0,754883
-7,669800	5,748459	-0,739319
-7,758377	5,796341	-0,807556
-7,669800	5,795151	-0,918884
-7,603958	5,853806	-0,881775
-7,554871	5,913666	-0,800369
-7,462692	5,906479	-0,815933
-7,381302	5,941193	-0,909302
-7,353760	5,995071	-1,011063
-7,204132	5,953171	-0,891342
-7,181381	6,003448	-0,848251
-7,219681	6,087250	-0,906906
-7,199341	6,071686	-0,932053
-7,202927	6,081253	-0,984726
-7,102371	6,069290	-0,945221
-7,089203	6,114777	-0,802765
-7,102371	6,165054	-0,702209
-7,089203	6,166245	-0,709381
-7,099976	6,143509	-0,687836
-7,092789	6,169846	-0,572922
-7,127518	6,174637	-0,472366
-7,162231	6,210541	-0,453217
-7,199341	6,236877	-0,531021
-7,171799	6,190186	-0,575317
-7,138290	6,197372	-0,576508
-7,109558	6,183014	-0,582489
-7,147858	6,198578	-0,583694
-7,104767	6,196182	-0,478348
-7,044907	6,157867	-0,423279
-7,116730	6,129135	-0,400543
-7,219681	6,162659	-0,378983
-7,253204	6,136322	-0,387375
-7,165817	6,053726	-0,441238
-7,113144	6,023788	-0,387375
-7,132294	6,051331	-0,394547
-7,105957	6,053726	-0,463989
-7,076035	5,984299	-0,447220
-7,060471	5,950775	-0,410110
-7,150253	6,030975	-0,340683
-7,195740	6,042953	-0,286819
-7,214905	5,951965	-0,250900
-7,261581	5,955566	-0,168304
-7,259186	5,955566	-0,128799
-7,266373	5,978302	-0,140762
-7,319046	5,951965	-0,206604
-7,277145	5,911270	-0,315536
-7,298691	5,872955	-0,323929
-7,325027	5,868179	-0,346664
-7,329819	5,839447	-0,328705
-7,358551	5,849014	-0,386169
-7,338196	5,826279	-0,462784
-7,281937	5,766418	-0,428070
-7,302292	5,759232	-0,364624
-7,392075	5,831070	-0,473557
-7,449524	5,807114	-0,598053
-7,443542	5,726913	-0,598053
-7,404037	5,695786	-0,576508
-7,441147	5,713745	-0,540604
-7,477066	5,714951	-0,551376
-7,443542	5,696991	-0,590881
-7,502197	5,675446	-0,673477
-7,483047	5,641922	-0,721359
-7,475861	5,603607	-0,692627
-7,547699	5,613190	-0,574112
-7,602753	5,629944	-0,492706
-7,692535	5,668259	-0,446030
-7,697327	5,649109	-0,404129
-7,641068	5,621567	-0,357437
-7,625504	5,612000	-0,448425
-7,572830	5,627548	-0,532211
-7,474670	5,658676	-0,607635
-7,365738	5,682617	-0,616013
-7,263977	5,730499	-0,656723
-7,337006	5,880142	-0,940430
-7,332214	5,920853	-0,997894
-7,319046	5,835846	-0,833893
-7,273560	5,869370	-0,648331
-7,272354	5,931625	-0,598053
-7,308273	5,980698	-0,668686
-7,332214	5,997467	-0,738113
-7,284332	6,007034	-0,778824
-7,248413	6,015411	-0,720169
-7,238846	6,044144	-0,675873
-7,261581	6,063293	-0,612427
-7,322632	6,104004	-0,568130
-7,348969	6,081253	-0,502289
-7,326233	6,060913	-0,519043
-7,314255	6,060913	-0,522644
-7,308273	6,065689	-0,534607
-7,296295	6,101608	-0,696228
-7,289124	6,139908	-0,794388
-7,194550	6,106400	-0,727341
-7,171799	6,060913	-0,638763
-7,204132	6,068085	-0,629181
-7,204132	6,106400	-0,661499
-7,163422	6,131531	-0,716568
-7,126312	6,089630	-0,771637
-7,184967	6,107590	-0,805161
-7,198135	6,115967	-0,784805
-7,206512	6,094421	-0,717773
-7,216095	6,115967	-0,659103
-7,236450	6,109985	-0,584885
-7,257996	6,129135	-0,552567
-7,256805	6,069290	-0,554962
-7,234055	6,048935	-0,467575
-7,267578	6,028580	-0,426880
-7,305878	6,009430	-0,325119
-7,339401	6,023788	-0,276031
-7,357361	6,004639	-0,268860
-7,285522	5,961548	-0,262863
-7,250809	5,932816	-0,326309
-7,272354	5,966339	-0,417297
-7,271164	5,940002	-0,474762
-7,285522	5,902893	-0,474762
-7,356155	5,957962	-0,443634
-7,400452	5,955566	-0,355042
-7,388474	5,919647	-0,225754
-7,358551	5,917252	-0,157532
-7,303482	5,888519	-0,186249
-7,313065	5,850220	-0,332306
-7,357361	5,841843	-0,499893
-7,316650	5,889725	-0,485535
-7,311859	5,919647	-0,452011
-7,321442	5,871765	-0,516663
-7,348969	5,881348	-0,572922
-7,378906	5,860992	-0,560944
-7,372910	5,821487	-0,474762
-7,334610	5,811905	-0,527435
-7,333420	5,834656	-0,626785
-7,301086	5,827469	-0,644745
-7,303482	5,847824	-0,612427
-7,299896	5,834656	-0,592072
-7,304688	5,846619	-0,633972
-7,327423	5,855011	-0,653122
-7,323837	5,846619	-0,680664
-7,293915	5,798737	-0,635162
-7,333420	5,758041	-0,618408
-7,389679	5,810715	-0,677063
-7,447144	5,815506	-0,604050
-7,490234	5,791565	-0,611221
-7,468689	5,724518	-0,513062
-7,392075	5,760437	-0,562149
-7,370529	5,754456	-0,432861
-7,449524	5,711349	-0,479538
-7,462692	5,690994	-0,534607
-7,457916	5,683823	-0,444824
-7,417206	5,686218	-0,446030
-7,387283	5,731705	-0,560944
-7,383698	5,694595	-0,529831
-7,372910	5,693390	-0,364624
-7,368134	5,762833	-0,320328
-7,351364	5,786774	-0,326309
-7,340591	5,778397	-0,338287
-7,293915	5,766418	-0,361038
-7,217300	5,827469	-0,408920
-7,207718	5,910065	-0,460388
-7,174194	5,937607	-0,608826
-7,147858	5,892120	-0,663895
-7,176590	5,925629	-0,690231
-7,217300	5,993866	-0,738113
-7,254410	6,016617	-0,744110
-7,297501	6,013016	-0,745300
-7,347778	6,001053	-0,751282
-7,363342	6,010620	-0,712982
-7,353760	6,015411	-0,663895
-7,420807	6,062103	-0,655518
-7,441147	6,075272	-0,723755
-7,406433	6,008240	-0,738113
-7,377701	6,026184	-0,800369
-7,340591	6,062103	-0,826706
-7,363342	6,056122	-0,873398
-7,383698	6,093231	-0,978729
-7,319046	6,086044	-1,037399
-7,252014	6,112381	-0,985916
-7,246017	6,113571	-0,991898
-7,269974	6,105194	-1,027817
-7,257996	6,072876	-0,950012
-7,296295	6,098022	-0,833893
-7,320251	6,143509	-0,781219
-7,323837	6,109985	-0,771637
-7,314255	6,064499	-0,820724
-7,315460	6,032181	-0,892548
-7,278351	6,035767	-0,938034
-7,236450	6,007034	-0,885361
-7,182571	5,996262	-0,835083
-7,147858	5,941193	-0,811142
-7,180191	5,892120	-0,787201
-7,237640	5,855011	-0,781219
-7,299896	5,886124	-0,718964
-7,326233	5,862183	-0,495102
-7,357361	5,749664	-0,240128
-7,398056	5,702972	-0,153931
-7,414810	5,665863	-0,234146
-7,372910	5,638336	-0,327515
-7,359741	5,546158	-0,238922
-7,225677	5,402496	-0,147949
-7,268768	5,459961	-0,387375
-7,498611	5,550934	-0,367020
-7,329819	5,374969	0,074707
-7,392075	5,335464	-0,019852
-7,394470	5,323486	-0,100067
-7,495026	5,394119	-0,279633
-7,459106	5,463547	-0,201813
-7,301086	5,422852	-0,430466
-7,311859	5,426437	-0,709381
-7,308273	5,526993	-0,820724
-7,310669	5,606003	-0,820724
-7,388474	5,723328	-0,835083
-7,362137	5,765228	-0,850647
-7,253204	5,768814	-0,811142
-7,222076	5,808319	-0,826706
-7,195740	5,906479	-0,795578
-7,155045	5,965134	-0,821915
-7,119125	6,024994	-0,888947
-7,088013	6,092026	-0,927261
-6,968292	6,161469	-0,855438
-6,914429	6,242859	-0,849457
-6,853378	6,276382	-0,717773
-6,750427	6,318283	-0,721359
-6,643875	6,342224	-0,548981
-6,593597	6,357788	-0,508270
-6,560089	6,417648	-0,532211
-6,516983	6,508621	-0,574112
-6,411652	6,543335	-0,562149
-6,317078	6,576859	-0,583694
-6,265594	6,630722	-0,618408
-6,211731	6,685791	-0,753677
-6,102798	6,712128	-0,794388
-6,068069	6,765991	-0,789597
-6,029770	6,827057	-0,845856
-6,108780	6,894089	-0,914093
-6,100403	6,927612	-0,946411
-6,051315	6,920425	-0,905716
-5,992661	6,946762	-0,813538
-5,948364	6,988663	-0,728546
-5,881332	7,001831	-0,668686
-5,825058	7,023376	-0,604050
-5,682617	6,983871	-0,548981
-5,643112	6,952744	-0,449615
-5,576065	6,903671	-0,395752
-5,526993	6,892899	-0,250900
-5,500656	6,903671	-0,145554
-5,481491	6,926407	-0,125198
-5,439606	6,924011	-0,205414
-5,389328	6,895279	-0,232941
-5,313904	6,946762	-0,056976
-5,337845	6,956345	0,048370
-5,371368	6,998230	0,045975
-5,437210	7,088013	0,063934
-5,441986	7,079636	0,184845
-5,348618	7,064072	0,263855
-5,298340	7,090408	0,198013
-5,280380	7,107178	-0,050980
-5,237289	7,103577	-0,247314
-5,075684	7,099991	0,187241
-5,011032	7,097595	0,102249
-5,068497	7,115555	-0,216187
-4,997864	7,068863	-0,328705
-4,902100	7,058090	-0,234146
-4,881744	7,086823	-0,209000
-4,941605	7,107178	-0,261673
-4,878159	7,062881	0,019653
-4,788376	7,068863	0,147736
-4,801544	7,121536	0,075912
-4,799149	7,189774	-0,036621
-4,765625	7,260406	-0,126404
-4,751266	7,280746	-0,355042
-4,672256	7,286743	-0,568130
-4,633957	7,380112	-0,635162
-4,499878	7,387299	-0,727341
-4,393326	7,381302	-0,897339
-4,432831	7,507004	-0,861420
-4,372986	7,637482	-0,728546
-4,315521	7,667419	-0,616013
-4,226929	7,643478	-0,444824
-4,133560	7,564468	-0,255692
-4,035400	7,606369	-0,112030
-3,891754	7,607559	-0,009079
-3,721756	7,597977	0,010071
-3,581696	7,675797	-0,072525
-3,472763	7,726074	-0,083298
-3,368622	7,796707	-0,141968
-3,276443	7,860153	-0,282028
-3,144760	7,873322	-0,353851
-2,928085	7,888885	-0,218582
-2,827530	7,958313	-0,043808
-2,713806	7,970276	0,244705
-2,529449	7,993027	0,526016
-2,418121	8,058868	0,587067
-2,415726	8,201324	0,367996
-2,292419	8,200119	0,144150
-2,132004	8,224060	0,133377
-2,043427	8,262375	0,176468
-1,989548	8,360535	0,201599
-1,935684	8,343781	0,211182
-1,892593	8,330612	0,221954
-1,859070	8,377289	0,134567
-1,754929	8,374908	0,079498
-1,675919	8,382080	0,103439
-1,575363	8,407227	0,171677
-1,435303	8,427582	0,163300
-1,358688	8,495804	0,053162
-1,262909	8,501801	0,031616
-1,082153	8,487427	0,233932
-0,930115	8,470673	0,536789
-0,831955	8,417999	0,672058
-0,786469	8,331802	0,815720
-0,653595	8,270752	1,099426
-0,592545	8,244415	1,262238
-0,497971	8,190552	1,397507
-0,494370	8,176178	1,472931
-0,509933	8,154633	1,542358
-0,421356	8,093582	1,531586
-0,426147	8,095978	1,453766
-0,398605	8,093582	1,216751
-0,239395	8,002609	1,033585
-0,093353	8,026550	0,947403
0,004822	8,087601	0,795364
0,106567	8,060059	0,612213
0,245438	8,030136	0,655304
0,320847	8,107956	0,779800
0,322052	8,163010	0,940216
0,407043	8,151047	1,089859
0,513580	8,190552	1,252655
0,611740	8,251602	1,472931
0,739838	8,297089	1,654892
0,841583	8,313843	1,701569
0,903839	8,368912	1,792557
1,104950	8,392853	1,859589
1,337189	8,423981	1,964935
1,508377	8,426376	1,968521
1,602951	8,529327	1,957748
1,664001	8,582001	1,804520
1,786102	8,568832	1,668060
1,874695	8,615524	1,537567
1,887848	8,676575	1,490875
1,950104	8,598755	1,604614
2,086578	8,532913	1,776993
2,197906	8,555664	1,940994
2,351135	8,602356	2,072678
2,408600	8,587982	2,082245
2,454086	8,589188	2,033173
2,509155	8,631088	2,055908
2,602524	8,586792	2,167252
2,738998	8,487427	2,268997
2,831177	8,441940	2,225906
2,891022	8,508972	2,078659
2,907791	8,615524	1,899094
3,035873	8,623901	1,842834
3,088547	8,565247	1,776993
3,007141	8,620300	1,559113
2,961655	8,619110	1,420258
3,122070	8,556854	1,572281
3,341141	8,431168	1,918243
3,554214	8,360535	2,264206
3,797226	8,360535	2,595810
4,010315	8,386871	2,925003
4,316772	8,415604	3,241043
4,562180	8,414413	3,391876
4,754913	8,372513	3,348785
4,844696	8,389267	3,328430
4,924896	8,392853	3,439758
4,942856	8,344971	3,740234
4,912933	8,396454	3,833603
4,807587	8,489822	3,644470
4,681885	8,419189	3,458923
4,644775	8,327011	3,456528
4,599289	8,283920	3,467300
4,563370	8,209702	3,474472
4,531052	8,109146	3,479263
4,566971	7,947540	3,657639
4,690262	7,782333	3,910217
4,757309	7,715302	3,949722
4,944061	7,650650	3,944946
5,086502	7,591995	3,852768
5,096085	7,542923	3,889877
5,148758	7,430389	3,953323
5,112839	7,344193	3,857544
5,136780	7,242447	4,073029
5,222977	7,147873	4,465683
5,334305	7,023376	4,667984
5,444443	6,918030	4,961273
5,582108	6,921616	5,199509
5,573730	6,994644	5,282104
5,537811	7,114349	5,234222
5,485138	7,134705	5,113312
5,324738	7,086823	4,913391
5,376205	6,946762	5,180344
5,517471	6,830643	5,662781
5,669495	6,752823	6,175140
5,887375	6,769592	6,590530
5,825119	6,914444	6,590530
5,591690	6,941971	6,391815
5,396561	6,890503	6,187103
5,258896	6,720505	6,316391
5,088898	6,527771	6,591736
4,824341	6,484680	6,863464
4,760895	6,381729	7,300415
5,082916	6,120758	7,882202
5,385788	5,989075	8,024658
5,516266	5,993866	8,108459
5,664703	6,010620	8,420898
5,697037	5,972321	8,637573
5,556976	5,934006	8,643555
5,331909	5,852615	8,523849
5,189453	5,742477	8,362244
5,181076	5,710159	8,453217
5,199036	5,740082	8,520264
5,070953	5,784378	8,358658
4,847092	5,743668	8,040222
4,778854	5,622772	7,815170
4,770477	5,541367	7,779251
4,663925	5,532990	7,804398
4,710617	5,421661	7,748123
4,831528	5,234909	7,636795
4,800400	5,201385	7,666733
4,805191	5,185822	7,973190
5,009888	5,044571	8,511887
5,249313	4,927246	8,879395
5,317551	4,922470	9,121201
5,185867	4,924850	9,348648
4,993134	4,824295	9,457596
4,769272	4,677063	9,594055
4,504715	4,602844	9,693420
4,216217	4,576508	9,752075
3,889404	4,550171	9,662292
3,646393	4,432846	9,639542
3,614075	4,286804	9,614410
3,729004	4,132370	9,288803
3,888214	4,118011	8,718979
4,435287	3,994705	8,218582
5,316345	3,892960	8,085709
5,941238	3,943237	8,042618
6,247696	4,159912	7,833130
6,341064	4,284409	7,491943
6,257278	4,197021	7,349487
6,119614	4,113220	7,390198
5,886169	4,177872	7,411743
5,540207	4,311935	7,260910
5,189453	4,420883	7,108871
4,993134	4,349045	6,992752
4,878220	4,287994	7,043030
4,748932	4,265259	7,234573
4,770477	4,216171	7,518280
4,741745	4,062943	7,785233
4,738159	3,956406	8,167114
4,766876	4,012665	8,344284
4,720200	4,019852	8,345490
4,720200	3,884583	8,346680
4,920105	3,745712	8,623215
5,401352	3,726562	9,057755
5,819138	3,827118	9,258865
5,965179	3,875000	9,182251
5,876602	3,839081	8,802780
5,468384	3,895355	8,320343
5,073334	3,882187	8,042618
4,750122	3,805573	8,047409
4,577744	3,748108	8,311966
4,473587	3,834305	8,452026
4,470001	3,872604	8,422104
4,432892	3,750504	8,426880
4,441269	3,620010	8,625610
4,537033	3,592484	8,912903
4,754913	3,606842	9,154724
4,948837	3,591293	9,043396
5,087708	3,548187	8,774048
5,080521	3,478760	8,459213
5,068558	3,363831	8,370621
5,006302	3,309967	8,578918
4,940460	3,396164	8,770447
4,695053	3,405731	8,765671
4,458038	3,266876	8,741730
4,260513	3,149551	8,753693
4,139603	3,074142	9,041000
3,993561	3,142380	9,475540
4,005524	3,136383	9,631165
3,921722	3,135193	9,550964
3,848709	3,074142	9,570114
3,711044	2,972382	9,335480
3,476410	2,716202	8,802780
3,196289	2,455231	8,465195
3,119675	2,352295	8,471176
3,210648	2,410950	8,868622
3,374649	2,389404	9,568924
3,239380	2,270889	9,807144
2,984406	2,124832	10,264435
2,752167	2,110474	10,872559
2,525909	2,148773	11,334641
2,304443	2,109283	11,490265
2,014755	2,068573	11,171844
1,731033	1,972809	10,807922
1,545486	1,940491	10,643921
1,409012	1,910553	10,641525
1,577805	1,801620	10,691803
1,713074	1,859085	10,501465
1,725052	1,866272	10,123184
1,751389	1,765701	9,887344
1,790894	1,631638	9,857422
1,757370	1,559799	9,926849
1,607727	1,547836	10,141129
1,491608	1,477203	10,315903
1,355148	1,349121	10,420059
1,337189	1,315598	10,544556
1,353943	1,332352	10,561310
1,212692	1,307220	10,218948
1,009186	1,276093	9,932831
0,846375	1,223419	9,838272
0,769760	1,091736	9,883759
0,621323	1,069000	9,868195
0,391479	1,106110	9,741302
0,179596	1,086945	9,687439
0,125717	0,921753	9,694611
0,162827	0,776901	9,916077
0,204727	0,731415	10,199799
0,263382	0,772110	10,289581
0,338806	0,766129	10,459564
0,554291	0,594940	10,647507
0,496826	0,689514	10,423645
0,271774	0,775711	10,077682
0,034744	0,774506	9,750885
-0,149612	0,717041	9,535400
-0,271713	0,719437	9,380981
-0,302841	0,748169	9,178665
-0,155594	0,665573	9,019455
-0,003571	0,620087	9,036209
0,253815	0,611710	9,461182
0,284943	0,594940	9,477936
0,245438	0,523117	9,608429
0,274170	0,476425	9,785599
0,210724	0,545868	9,742493
0,081436	0,526703	9,692215
0,080231	0,488403	9,863403
0,164032	0,575790	9,959167
0,132904	0,603317	9,957977
-0,002365	0,515930	9,876572
-0,141235	0,450089	9,811935
-0,294464	0,474030	9,859818
-0,460861	0,423752	9,966354
-0,529099	0,465652	10,161484
-0,547043	0,594940	10,368576
-0,517120	0,623672	10,458359
-0,396210	0,645218	10,496674
-0,239395	0,594940	10,600815
-0,148407	0,617691	10,465546
-0,123276	0,748169	10,277603
-0,093353	0,767319	10,234512
-0,204681	0,830765	9,962769
-0,281296	0,847534	9,898117
-0,113693	0,827179	9,876572
-0,125671	0,806824	9,677856
-0,183136	0,785278	9,730530
-0,143631	0,811615	9,754471
-0,258545	0,915771	9,562927
-0,299255	0,926544	9,559341
-0,300446	0,835556	9,351044
-0,363892	0,831970	9,254074
-0,424942	0,823593	9,209793
-0,477615	0,839157	9,260071
