0,148406	-8,085716	-13,409172
-0,828200	-8,593168	-13,667686
-0,722879	-6,084633	-10,230418
-0,990967	-7,310177	-11,226172
-1,776081	-7,444221	-11,388940
-1,728208	-8,382527	-12,126181
-1,661186	-9,158067	-12,221927
-1,843103	-8,641041	-11,791071
-1,737783	-8,248484	-11,695326
-1,823954	-8,449550	-11,695326
-1,948423	-8,497422	-11,609155
-1,776081	-7,970821	-11,254896
-1,613313	-7,568690	-10,785743
-1,699484	-7,377199	-10,144247
-1,843103	-7,204857	-9,464453
-1,795230	-7,156984	-8,918703
-1,890976	-6,582510	-8,229335
-2,072892	-5,873993	-7,645287
-2,168638	-5,558033	-6,927195
-2,331405	-5,175050	-6,477190
-2,264384	-5,069730	-5,864419
-2,139914	-4,581427	-5,098454
-2,072892	-4,102699	-4,093124
-2,235660	-3,796313	-3,585673
-2,388853	-3,729291	-3,317585
-2,273958	-3,461204	-2,944177
-2,120765	-3,221840	-2,503747
-2,139914	-2,819708	-2,111191
-2,216511	-2,398427	-1,220756
-2,283533	-2,532471	-0,703730
-2,206936	-2,781410	-0,684581
-2,005870	-2,599493	-0,665432
-1,833528	-2,666515	-0,579261
-2,130340	-2,800559	-0,512239
-2,532471	-2,810133	-0,684581
-2,810133	-2,723963	-0,847349
-2,944177	-3,030348	-1,172884
-3,030348	-3,566524	-1,316502
-2,953752	-4,236743	-1,622888
-2,819708	-4,686748	-2,072892
-2,953752	-4,830366	-2,647366
-3,442055	-4,926111	-3,633546
-3,681418	-5,318668	-4,389936
-3,317585	-5,404840	-4,686748
-2,800559	-5,510159	-4,591002
-2,532471	-5,998462	-4,495256
-2,580344	-6,151655	-4,753769
-2,656940	-7,204857	-5,625054
-2,455875	-7,702734	-7,118686
-2,025020	-8,037844	-8,018694
-1,814379	-7,980396	-8,229335
-2,120765	-8,459125	-8,334655
-2,082467	-9,215514	-8,478273
-1,785655	-9,588923	-8,736787
-1,326077	-10,230418	-8,535721
-1,287778	-11,072979	-8,439975
-1,287778	-11,532558	-8,229335
-0,569686	-11,312344	-8,056993
-0,043086	-11,733624	-8,152739
0,636708	-12,422992	-8,133589
0,818625	-12,585760	-7,932523
1,163309	-12,576185	-7,482519
1,412248	-12,940019	-7,080388
1,575015	-13,390023	-6,936769
1,709059	-13,399597	-6,936769
1,900550	-13,179382	-6,984642
2,005870	-12,882571	-7,061238
1,977147	-12,614484	-7,291028
2,120765	-12,241076	-7,463370
1,977147	-11,637878	-7,405922
1,555866	-10,967659	-7,147409
1,316502	-10,278291	-7,137835
1,211182	-9,560199	-7,156984
1,153735	-9,071896	-7,118686
0,780327	-8,708063	-7,176133
0,751603	-8,382527	-7,185708
0,684581	-7,942098	-7,070813
0,263300	-7,578265	-6,898471
-0,186704	-6,917620	-6,659107
-0,339897	-6,879322	-6,764427
-0,397344	-6,563361	-6,639958
-0,703730	-6,266550	-6,659107
-0,904796	-5,653778	-6,831449
-1,038840	-4,935686	-6,726129
-1,364375	-4,476107	-6,793150
-1,756932	-4,073976	-6,831449
-2,312256	-3,595248	-6,639958
-2,704813	-2,867581	-6,582510
-3,078221	-2,197362	-6,467616
-3,585673	-1,527142	-6,228251
-4,169721	-0,895221	-6,055910
-4,523980	-0,052660	-5,730374
-4,897388	0,579261	-5,567607
-5,356966	0,981392	-5,692076
-5,625054	1,105862	-5,787822
-6,065484	1,220756	-5,653778
-6,314423	1,345226	-5,452712
-6,381444	1,192033	-5,261221
-6,572936	0,751603	-5,184625
-6,611234	0,368621	-5,289945
-6,419743	-0,033511	-5,720800
-6,199528	-0,445217	-6,419743
-6,084633	-0,560112	-7,099536
-6,055910	-0,598410	-7,329326
-6,036760	-0,789901	-7,492094
-5,969738	-0,971818	-7,626137
-5,739949	-1,575015	-8,066567
-5,385690	-2,436726	-8,727212
-5,108028	-3,384607	-9,186790
-4,782493	-3,815462	-9,608071
-4,696322	-4,016528	-9,857010
-4,677173	-4,629300	-9,857010
-4,859089	-4,906962	-9,407005
-4,705896	-5,222923	-9,129343
-3,987804	-5,653778	-9,081470
-3,250563	-6,563361	-9,445304
-2,972901	-6,793150	-9,368708
-3,537800	-6,783576	-9,014449
-3,997379	-6,706980	-8,583593
-3,719717	-6,611234	-8,363379
-3,068647	-6,994216	-8,401677
-2,264384	-7,884651	-8,334655
-1,977147	-8,353804	-7,884651
-2,111191	-8,162313	-7,156984
-1,996296	-7,894225	-6,946343
-1,460120	-8,124015	-6,917620
-0,837774	-8,909128	-6,783576
-0,598410	-9,052747	-5,883567
-0,770752	-8,755936	-4,916537
-0,876072	-8,315506	-4,437809
-0,445217	-8,315506	-4,140997
-0,004787	-8,621892	-3,662269
0,167555	-9,052747	-2,829283
-0,167555	-9,043172	-1,929274
-0,426068	-9,004874	-1,287778
-0,493090	-8,937852	-0,952669
-0,435643	-9,292110	-0,895221
-0,588835	-9,301685	-1,010116
-1,010116	-8,784659	-1,134585
-1,498419	-8,315506	-1,335651
-1,986721	-8,171887	-1,833528
-2,360129	-8,104865	-2,503747
-2,427151	-7,961247	-2,963326
-2,503747	-7,827203	-3,470778
-2,465449	-7,664436	-3,825037
-2,312256	-7,367624	-4,179296
-2,092041	-7,003791	-4,284616
-2,340980	-6,620809	-4,495256
-2,618642	-6,304848	-4,734620
-2,589919	-6,276124	-5,108028
-2,618642	-6,189953	-5,414414
-2,819708	-6,027186	-5,586756
-3,145243	-5,921865	-5,873993
-3,336734	-5,921865	-6,314423
-3,164392	-5,902717	-6,888896
-2,915454	-5,816545	-7,070813
-2,714388	-5,873993	-6,984642
-2,743112	-6,008037	-7,271879
-2,714388	-5,998462	-7,530392
-2,580344	-5,816545	-7,922949
-2,340980	-5,529309	-8,277207
-2,082467	-5,538883	-8,641041
-1,804805	-5,663352	-8,650616
-1,632463	-5,720800	-8,526146
-1,613313	-5,309094	-8,526146
-1,584590	-5,050581	-8,516571
-1,326077	-5,443138	-8,717637
-1,019691	-5,826120	-9,071896
-0,703730	-5,759098	-9,407005
-0,598410	-5,462287	-9,502751
-0,502664	-5,548458	-9,320834
-0,521814	-5,701651	-9,263388
-0,368621	-5,328243	-9,014449
-0,234577	-5,270795	-9,177217
0,033511	-5,529309	-9,445304
0,272875	-5,692076	-9,435729
0,483515	-5,328243	-8,832532
0,521814	-4,753769	-8,641041
0,454792	-4,562278	-9,071896
0,636708	-4,916537	-9,454879
0,990967	-4,916537	-9,742115
1,125011	-4,839940	-9,809137
1,230331	-4,772918	-9,426155
1,259055	-4,820791	-9,349558
1,249480	-4,725046	-9,550624
1,460120	-4,638875	-9,770839
1,536717	-4,409085	-9,809137
1,594164	-4,313340	-9,512326
1,594164	-4,399510	-9,272962
1,642037	-4,380362	-9,244238
1,737783	-4,112274	-9,445304
1,661186	-3,987804	-9,675094
1,642037	-3,968655	-9,675094
1,699484	-3,777164	-9,407005
1,785655	-3,738866	-9,138918
1,900550	-3,614397	-9,110194
1,910125	-3,604822	-9,416580
2,005870	-3,700568	-9,502751
1,986721	-3,403756	-9,474028
2,025020	-3,432480	-9,387856
2,034594	-3,623971	-9,387856
2,139914	-3,595248	-9,292110
2,149489	-3,355883	-9,282537
2,159063	-3,394182	-9,474028
2,206936	-3,470778	-9,502751
2,245234	-3,384607	-9,368708
2,187787	-3,346309	-9,234664
2,130340	-3,346309	-9,177217
2,149489	-3,451629	-9,205940
2,159063	-3,413331	-9,196365
2,197362	-3,346309	-9,158067
2,168638	-3,317585	-9,129343
2,159063	-3,298436	-9,138918
2,187787	-3,336734	-9,129343
2,216511	-3,317585	-9,215514
2,235660	-3,193116	-9,282537
2,187787	-3,384607	-9,416580
2,226085	-3,384607	-9,407005
2,273958	-3,317585	-9,272962
2,235660	-3,250563	-9,244238
2,197362	-3,212265	-9,330409
2,197362	-3,183541	-9,435729
2,206936	-3,202690	-9,483603
2,168638	-3,202690	-9,435729
2,187787	-3,202690	-9,320834
2,149489	-3,202690	-9,205940
2,130340	-3,212265	-9,272962
2,139914	-3,260138	-9,407005
2,206936	-3,279287	-9,368708
2,168638	-3,126094	-9,349558
2,139914	-3,135669	-9,282537
2,159063	-3,202690	-9,234664
2,168638	-3,202690	-9,225089
2,168638	-3,240989	-9,186790
2,168638	-3,298436	-9,225089
2,187787	-3,154818	-9,253813
2,168638	-3,126094	-9,196365
2,216511	-3,097370	-9,138918
2,216511	-3,068647	-9,138918
2,254809	-3,020774	-9,253813
2,273958	-3,097370	-9,397431
2,293107	-3,135669	-9,397431
2,273958	-3,183541	-9,416580
2,226085	-3,212265	-9,483603
2,235660	-3,202690	-9,531475
2,245234	-3,173967	-9,502751
2,206936	-3,011199	-9,311260
2,159063	-2,934603	-9,234664
2,168638	-3,068647	-9,301685
2,216511	-3,116519	-9,397431
2,245234	-3,145243	-9,407005
2,235660	-3,049498	-9,387856
2,264384	-3,116519	-9,339984
2,312256	-3,087796	-9,272962
2,302682	-3,059072	-9,272962
2,283533	-3,039923	-9,339984
2,293107	-3,097370	-9,339984
2,216511	-3,020774	-9,454879
2,235660	-2,992050	-9,339984
2,264384	-3,049498	-9,292110
2,216511	-3,097370	-9,339984
2,254809	-3,087796	-9,407005
2,245234	-2,982476	-9,397431
2,235660	-2,934603	-9,320834
2,206936	-3,020774	-9,253813
2,226085	-3,202690	-9,330409
2,245234	-3,135669	-9,416580
2,226085	-3,068647	-9,445304
2,206936	-2,944177	-9,397431
2,226085	-2,953752	-9,292110
