0,272585	-0,109930	0,130287
0,261171	-0,008464	0,071673
0,216591	-0,012509	-0,021189
0,158917	0,013931	0,028056
0,119468	-0,033863	0,257076
0,124310	-0,178409	0,055307
0,076462	-0,019192	-0,322551
0,113843	0,030619	0,159513
0,233762	-0,152678	0,108458
0,135301	0,061732	-0,237892
0,154212	-0,023392	0,359393
0,279461	-0,181519	0,047146
0,154624	0,065478	-0,082950
0,186907	-0,051047	0,367466
0,172511	-0,021685	-0,218393
0,026913	0,170347	0,008207
0,150815	-0,042799	0,278551
0,152256	0,021303	-0,289526
0,098819	0,060133	0,183053
0,161416	-0,150124	0,152192
0,003681	0,084845	-0,284302
-0,055478	0,075530	0,250439
-0,024265	-0,086097	-0,110891
-0,172647	0,153303	-0,417204
-0,173555	0,041233	0,082838
-0,168531	-0,066611	-0,286159
-0,300499	0,154536	-0,415682
-0,249017	0,004879	0,040953
-0,162825	-0,071756	-0,395314
-0,201122	0,112102	-0,283695
0,008610	-0,070255	0,230820
0,166812	-0,067691	-0,200342
0,143032	0,118223	-0,021407
0,218808	-0,062478	0,460755
0,215269	-0,047113	0,019056
0,149241	0,108843	0,231675
0,199837	-0,088182	0,336658
0,165607	-0,191213	0,481925
0,003201	-0,015067	0,123137
0,060984	-0,233282	0,472009
-0,027824	-0,106181	-0,080169
-0,100800	0,039555	0,170496
-0,010730	-0,025815	0,142146
0,022068	-0,037888	-0,017485
0,024356	0,014697	-0,126988
0,007033	0,036660	-0,238542
0,019042	0,056147	-0,322034
0,090881	0,039168	-0,345738
0,113891	0,060070	-0,308194
0,115051	0,035605	-0,194834
0,101623	0,035185	-0,117562
0,022876	0,020482	-0,007868
-0,029588	-0,022872	0,075114
-0,068677	-0,030749	0,146285
-0,127720	-0,057168	0,216625
-0,173050	-0,048603	0,196286
-0,218885	-0,078152	0,160862
-0,253636	-0,070176	0,065482
-0,299637	-0,036988	-0,000288
-0,353674	-0,000867	-0,032799
-0,376787	0,057730	-0,057843
-0,369423	0,061503	-0,047226
-0,322357	0,013778	-0,100989
-0,234900	-0,021546	-0,149749
-0,186968	0,014367	-0,195446
-0,157228	0,021076	-0,268405
-0,055873	-0,003256	-0,299002
0,062565	0,017512	-0,222929
0,120914	0,082003	-0,127587
0,138870	0,066555	0,068402
0,167602	0,066659	0,147617
0,159936	0,049494	0,153531
0,125080	-0,024577	0,059617
0,069412	-0,052218	-0,003064
0,023926	-0,024538	-0,057041
-0,050769	0,034007	-0,090640
-0,150747	0,076046	-0,130935
-0,148369	0,108713	-0,217749
-0,227875	0,095588	-0,211553
-0,379577	0,072650	-0,219999
-0,510522	0,021719	-0,218138
-0,544404	-0,130098	-0,075865
-0,466175	-0,226662	0,060926
-0,481155	-0,173676	0,076512
-0,404077	-0,273974	0,025785
-0,268672	-0,330263	0,109691
-0,168014	-0,302516	0,264925
-0,092272	-0,217123	0,470510
0,100474	-0,086540	0,580387
0,192428	0,081122	0,664468
0,175012	0,197051	0,612019
0,202265	0,192126	0,528885
0,267159	0,146035	0,516004
0,159137	0,037335	0,310325
-0,366855	-0,290945	-0,074470
-0,422769	-0,378325	-0,365081
-0,138069	-0,168590	-0,180969
0,099286	0,049003	0,039099
0,373435	0,126348	0,237175
0,552533	0,145133	0,444489
0,670908	0,067266	0,689819
0,792427	-0,054402	0,844897
0,790045	-0,000431	0,770730
0,702910	0,164377	0,551459
0,561364	0,233980	0,236223
0,507514	0,080873	0,008937
0,464422	-0,012865	0,034921
0,380156	-0,072548	0,064338
0,400853	-0,093463	0,210443
0,404960	-0,100637	0,337861
0,454217	-0,106364	0,533655
0,419880	0,016422	0,704646
0,450821	0,219998	0,786861
0,679565	0,326353	0,767392
0,914270	0,243846	0,815989
1,080013	0,200826	0,939131
1,139828	0,152995	1,039574
1,134043	0,126229	1,190790
1,105476	0,086616	1,388374
1,119012	0,011834	1,576129
1,211238	-0,047992	1,496487
1,380795	-0,130337	1,257528
1,504953	-0,226852	1,016558
1,611934	-0,225537	0,806545
1,596004	-0,142124	0,596396
1,472165	-0,065811	0,361236
1,210300	-0,007642	0,033288
0,942373	-0,004197	-0,397625
0,694524	-0,038783	-0,748093
0,456974	-0,045394	-0,960485
0,287051	-0,003759	-1,075798
0,184633	0,090853	-1,183380
0,197512	0,188551	-1,256031
0,207802	0,238952	-1,212650
0,261054	0,253417	-1,032364
0,372613	0,218054	-0,763648
0,565278	0,206999	-0,463433
0,780702	0,192418	-0,242414
0,931019	0,159684	-0,257139
1,046488	0,101881	-0,216246
1,137911	0,101622	-0,268761
1,176564	0,136839	-0,473590
1,074357	0,118090	-0,712136
0,899720	0,070534	-0,961409
0,667103	-0,010614	-1,175181
0,439822	-0,135859	-1,106784
0,212991	-0,215951	-0,954372
0,032490	-0,235969	-0,793185
-0,088925	-0,199310	-0,678603
-0,251182	-0,162317	-0,576404
-0,368547	-0,068563	-0,467825
-0,378151	-0,047184	-0,423100
-0,373395	-0,094254	-0,426590
-0,466307	-0,248743	-0,341272
-0,607677	-0,346480	-0,239497
-0,704489	-0,405517	-0,067098
-0,691924	-0,401977	0,056453
-0,614831	-0,405859	-0,080301
-0,592426	-0,458769	-0,337178
-0,675052	-0,538439	-0,683463
-0,786160	-0,563869	-0,953777
-0,915280	-0,473116	-1,104916
-1,067405	-0,273147	-1,178904
-1,160381	-0,164892	-1,237129
-1,194540	-0,213322	-1,290411
-1,346367	-0,291324	-1,417315
-1,687140	-0,237844	-1,517885
-1,970293	-0,060027	-1,489161
-1,997609	0,158839	-1,367537
-1,666080	0,100252	-1,162035
-1,177725	-0,050047	-0,956435
-0,778411	-0,182726	-0,827404
-0,526012	-0,305165	-0,761520
-0,377707	-0,356181	-0,645606
-0,323235	-0,397945	-0,678337
-0,380219	-0,445724	-0,887433
-0,418140	-0,460009	-0,964683
-0,406338	-0,360353	-1,085870
-0,464890	-0,257631	-1,059272
-0,524182	-0,287513	-0,778472
-0,530430	-0,323858	-0,381433
-0,621634	-0,352934	-0,125105
-0,688836	-0,326402	0,279152
-0,681317	-0,349232	0,736639
-0,684873	-0,441239	1,097844
-0,824668	-0,537818	1,246025
-1,026532	-0,591143	1,237200
-1,126719	-0,615615	1,075942
-1,256685	-0,636144	0,691247
-1,399904	-0,587443	0,179511
-1,477137	-0,505392	-0,413764
-1,407723	-0,445487	-0,985113
-1,357941	-0,379376	-1,456547
-1,305664	-0,292014	-1,732181
-1,314588	-0,134002	-1,955569
-1,326536	-0,044958	-1,976260
-1,209666	0,031075	-1,957375
-1,011788	0,131159	-1,784247
-0,712702	0,154732	-1,562432
-0,395857	0,105585	-1,212604
-0,219005	0,086384	-0,926980
-0,133066	0,114115	-0,741584
-0,097834	0,167903	-0,519525
0,009843	0,157308	-0,355293
0,142896	0,114360	-0,290936
0,224461	0,127877	-0,171457
0,256180	0,136774	0,049577
0,309326	0,210933	0,328883
0,375794	0,278890	0,671078
0,395447	0,316008	0,816513
0,317310	0,338036	0,966370
0,229910	0,340338	1,141797
0,178178	0,297173	1,285020
0,197133	0,311481	1,371827
0,248685	0,347817	1,334009
0,374204	0,373066	1,207979
0,540697	0,357828	1,053541
0,737098	0,298713	0,774840
0,921039	0,257171	0,495372
1,042336	0,227758	0,254562
1,072333	0,292339	0,143310
1,033123	0,402426	0,047607
1,079318	0,430156	-0,001172
1,265688	0,329769	0,028750
1,422426	0,126864	0,119728
1,420461	0,047854	0,356268
1,274271	0,101491	0,649883
0,990694	0,169303	0,901071
0,775319	0,108624	1,036885
0,617374	-0,035684	1,024881
0,491031	-0,147297	0,912801
0,395693	-0,183915	0,746513
0,209304	-0,102124	0,565619
0,017077	-0,003171	0,346184
-0,126158	0,070253	0,218536
-0,160301	0,127065	0,117358
-0,094720	0,104533	0,066116
-0,005867	0,088411	-0,020850
0,082453	0,070729	-0,094244
0,188545	0,068070	-0,039970
0,264801	0,100428	0,116474
0,376563	0,157918	0,271304
0,561748	0,143571	0,473696
0,779794	0,084205	0,590614
0,929328	0,004156	0,626678
0,989593	-0,092440	0,576990
1,005236	-0,159181	0,522883
0,882717	-0,235560	0,458529
0,722457	-0,287093	0,476003
0,554028	-0,383862	0,518705
0,361814	-0,432541	0,455187
0,211875	-0,425525	0,407252
0,121624	-0,440981	0,396664
0,024508	-0,407363	0,528025
-0,091477	-0,279931	0,503829
-0,178529	-0,218195	0,372411
-0,255836	-0,257869	0,184928
-0,234356	-0,267587	0,094305
-0,147263	-0,313679	0,050541
-0,065137	-0,359158	0,068216
0,021633	-0,340000	0,022005
0,113070	-0,310306	0,106667
0,224538	-0,348794	0,181110
0,419047	-0,451423	0,277041
0,581368	-0,553631	0,358583
0,658539	-0,636362	0,442006
0,669531	-0,748506	0,578665
0,583501	-0,831520	0,712883
0,471598	-0,953473	0,920819
0,309273	-1,027109	1,132175
0,079828	-0,922237	1,367349
-0,168852	-0,788546	1,539192
-0,383117	-0,615517	1,624005
-0,426208	-0,480915	1,589377
-0,404175	-0,393350	1,621063
-0,398035	-0,305110	1,611926
-0,486030	-0,176095	1,478201
-0,561200	-0,058515	1,267802
-0,471946	0,052785	0,980721
-0,224334	-0,009481	0,702216
0,056129	-0,200077	0,365447
0,286236	-0,383206	0,113268
0,369773	-0,472239	-0,022387
0,447124	-0,536763	-0,063881
0,505185	-0,625736	0,067646
0,550681	-0,689261	0,396963
0,546844	-0,784124	0,713102
0,381933	-0,774784	1,006225
0,216472	-0,723258	1,459069
0,043892	-0,626482	1,905634
-0,077887	-0,497353	2,117305
-0,127434	-0,490778	2,061593
-0,158453	-0,587031	1,899239
-0,205290	-0,582638	1,671661
-0,296398	-0,567624	1,516406
-0,409494	-0,521140	1,397964
-0,513386	-0,439886	1,419079
-0,535209	-0,378727	1,525998
-0,414764	-0,320218	1,510971
-0,210180	-0,374937	1,396484
0,052119	-0,424437	1,300110
0,269625	-0,382653	1,264185
0,389040	-0,390399	1,283321
0,419447	-0,467459	1,284273
0,333641	-0,562627	1,319521
0,124225	-0,534379	1,302698
-0,060556	-0,463892	1,471199
-0,215083	-0,489876	1,763056
-0,522579	-0,449359	2,024313
-0,947653	-0,345119	2,239080
-1,290594	-0,244492	2,484625
-1,446196	-0,072058	2,655205
-1,524706	0,170283	2,628853
-1,494618	0,337337	2,469879
-1,329764	0,389585	2,261292
-0,959429	0,377744	1,875111
-0,497475	0,306993	1,329630
-0,111639	0,153651	0,629866
0,100312	0,034810	-0,065920
0,203785	0,049882	-0,566053
0,248270	0,071510	-1,021702
0,216804	0,035174	-1,275137
0,123651	0,021438	-1,316984
-0,053350	0,037267	-1,021030
-0,183464	0,081523	-0,684671
-0,180291	0,088204	-0,476862
-0,233295	0,169209	-0,376705
-0,335074	0,169839	-0,383724
-0,461516	0,198115	-0,527243
-0,631615	0,239901	-0,686113
-0,783015	0,303969	-0,810341
-0,778682	0,330321	-0,858953
-0,690951	0,228820	-0,758987
-0,592983	0,099743	-0,726904
-0,590256	0,027121	-0,727091
-0,699182	0,061919	-0,762680
-0,793977	0,117528	-0,831360
-0,869813	0,109355	-0,877697
-0,901746	0,061617	-0,939659
-1,024034	0,189125	-1,110859
-1,102699	0,243231	-1,095547
-0,904181	0,143828	-1,201096
-0,655351	0,081542	-1,428223
-0,427552	0,041296	-1,532349
-0,276917	0,045488	-1,464344
-0,210047	0,047877	-1,344814
-0,227413	0,087142	-1,233871
-0,311215	0,132921	-1,069458
-0,392624	0,135073	-0,872803
-0,642591	0,248830	-0,814123
-0,735288	0,186613	-0,696306
-0,802757	0,091832	-0,606850
-0,945782	0,104117	-0,580292
-1,068833	0,097661	-0,450818
-1,211329	0,160490	-0,563694
-1,209444	0,109239	-0,768900
-1,160048	0,093129	-1,069063
-1,093712	0,119522	-1,341749
-1,077045	0,196167	-1,557982
-1,011025	0,284302	-1,644787
-0,831806	0,335669	-1,757321
-0,621390	0,289605	-1,833933
-0,445403	0,212531	-1,746798
-0,407079	0,250469	-1,708680
-0,355351	0,321994	-1,696388
-0,264164	0,321755	-1,729645
-0,110782	0,263154	-1,772534
-0,027334	0,235425	-1,886338
0,029854	0,236228	-2,013770
0,019086	0,285699	-2,073577
-0,018252	0,377009	-2,126207
-0,011721	0,439510	-2,070631
-0,043861	0,478976	-2,110435
-0,101166	0,478957	-2,046527
-0,208301	0,551708	-1,901540
-0,351480	0,636740	-1,729045
-0,362580	0,631975	-1,578609
-0,346570	0,570705	-1,388340
-0,396959	0,526473	-1,155691
-0,482288	0,484387	-0,944658
-0,494058	0,397080	-0,901296
-0,386629	0,260205	-0,893412
-0,220228	0,160276	-0,956075
-0,105321	0,170360	-1,132609
-0,066056	0,217696	-1,297774
-0,008789	0,242150	-1,415551
0,066711	0,310554	-1,539448
0,132849	0,336553	-1,615592
0,282500	0,312334	-1,538592
0,340917	0,297755	-1,381239
0,329240	0,282259	-1,211290
0,271046	0,274648	-1,062880
0,210135	0,263773	-0,945116
0,233232	0,258895	-0,896877
0,273732	0,261706	-0,971286
0,324332	0,281191	-0,963772
0,376299	0,284328	-0,953940
0,450441	0,261947	-1,036089
0,533693	0,188488	-1,110426
0,582093	0,168979	-1,041576
0,526966	0,202224	-1,028622
0,526920	0,195300	-1,069980
0,552737	0,137087	-1,085830
0,576272	0,105837	-1,042004
0,495490	0,140211	-0,836472
0,358086	0,190697	-0,662476
0,358295	0,212897	-0,602771
0,470511	0,177984	-0,479336
0,621575	0,139506	-0,465830
0,723273	0,128841	-0,480879
0,796965	0,190231	-0,604979
0,885619	0,173254	-0,745421
0,888537	0,132854	-0,782128
0,799892	0,121603	-0,692744
0,688754	0,055144	-0,522591
0,496413	0,019213	-0,382636
0,288915	-0,009520	-0,231414
0,128666	-0,028685	0,015028
0,061747	0,023011	0,217918
0,077168	-0,007446	0,376410
0,092387	-0,059582	0,497454
0,104549	-0,128110	0,654616
0,035763	-0,084300	0,741087
-0,035562	-0,086592	0,791112
-0,015034	-0,175573	0,873271
0,168014	-0,252506	0,725423
0,488757	-0,321720	0,435734
0,746304	-0,336856	0,074686
0,898703	-0,282900	-0,229472
0,969878	-0,222487	-0,515890
1,095775	-0,186608	-0,768962
1,179245	-0,133002	-0,777975
1,225903	-0,075762	-0,675053
1,212486	-0,091249	-0,474930
1,073419	-0,100770	-0,031348
0,920026	-0,134254	0,460469
0,716868	-0,206036	0,733255
0,580196	-0,237619	0,870076
0,516830	-0,288741	0,924942
0,504443	-0,315258	0,884571
0,572109	-0,378622	0,807254
0,646347	-0,418779	0,731997
0,677014	-0,376210	0,627736
0,792527	-0,299051	0,477287
0,969203	-0,268929	0,281268
1,130660	-0,315692	0,208742
1,294311	-0,318643	0,194765
1,388830	-0,310456	0,049501
1,421354	-0,347962	-0,118407
1,373631	-0,367432	-0,327453
1,277030	-0,391626	-0,588525
1,149957	-0,394710	-0,812714
1,053083	-0,386630	-0,982484
0,952598	-0,379213	-1,086695
0,972772	-0,396266	-1,080050
1,078925	-0,421408	-1,011525
1,153313	-0,318925	-0,817838
1,171650	-0,137355	-0,628416
1,244741	0,014616	-0,324608
1,299370	0,057664	0,049652
1,353620	-0,034313	0,235083
1,395103	-0,163437	0,347051
1,270269	-0,191089	0,476835
1,039202	-0,134670	0,617052
0,809328	-0,074216	0,787648
0,614906	-0,038303	1,025651
0,442121	-0,045010	1,208375
0,323057	-0,162424	1,370838
0,319736	-0,340633	1,388772
0,449234	-0,438180	1,258491
0,604553	-0,385981	1,066180
0,814051	-0,349007	0,828042
1,002705	-0,323261	0,459406
1,232157	-0,338089	0,048616
1,412849	-0,325061	-0,402599
1,486542	-0,264834	-0,694613
1,487073	-0,153456	-0,785537
1,483665	-0,058593	-0,786449
1,494353	-0,005700	-0,691403
1,434898	0,046197	-0,402769
1,377766	0,065693	-0,212083
1,341629	0,028604	0,049645
1,244726	-0,000103	0,264765
1,144218	-0,081479	0,200325
1,082013	-0,167661	0,092255
0,884764	-0,180088	-0,000891
0,657054	-0,092362	-0,136699
0,512239	0,010388	-0,098825
0,359035	0,100254	-0,023518
0,222103	0,099356	0,206247
0,150864	0,128325	0,364192
0,104420	0,120849	0,458944
0,047134	0,111047	0,710002
-0,014002	0,140558	1,018111
-0,039936	0,190010	1,269396
-0,048220	0,159674	1,380385
-0,009853	0,138274	1,442370
0,031387	0,127856	1,411513
0,065332	0,088881	1,341820
0,096321	0,035668	1,277436
0,156538	-0,006903	1,200086
0,221958	-0,012224	1,082652
0,280045	-0,028932	0,886226
0,279577	-0,037513	0,670675
0,208342	0,016913	0,482915
0,100584	0,109307	0,377714
0,060362	0,185126	0,303123
-0,008217	0,264934	0,259735
-0,031475	0,254086	0,384961
-0,051035	0,234873	0,625913
-0,058064	0,203218	0,872312
-0,023466	0,197059	1,138390
0,049219	0,176800	1,281329
0,105452	0,094516	1,209902
0,202160	-0,006748	1,014846
0,268991	-0,108828	0,652905
0,240095	-0,145485	0,303965
0,223680	-0,160444	-0,044133
0,188515	-0,074729	-0,368571
0,038763	0,031208	-0,502681
-0,121260	0,066141	-0,590805
-0,256945	0,087385	-0,571289
-0,363564	0,137913	-0,486719
-0,425884	0,157255	-0,450666
-0,493942	0,166026	-0,425658
-0,570410	0,209432	-0,293590
-0,641155	0,323649	-0,123788
-0,680527	0,374801	0,003448
-0,612415	0,327612	0,165563
-0,564627	0,299443	0,325895
-0,449785	0,334354	0,457042
-0,379946	0,396780	0,409688
-0,329811	0,394035	0,305729
-0,355793	0,357367	0,217765
-0,401467	0,325151	0,007574
-0,401618	0,262038	-0,118441
-0,416106	0,200060	-0,129225
-0,494725	0,139931	-0,090929
-0,582535	0,172284	-0,087111
-0,663305	0,218271	-0,056285
-0,714520	0,223458	0,050748
-0,721018	0,206537	0,056870
-0,664913	0,202583	0,038795
-0,625791	0,192706	-0,029292
-0,569591	0,169497	0,059880
-0,541854	0,191140	-0,042123
-0,534044	0,211322	-0,102643
-0,526833	0,184390	-0,123301
-0,521064	0,128359	-0,218343
-0,601689	0,135243	-0,312589
-0,695866	0,112980	-0,389891
-0,804740	0,179446	-0,417259
-0,862139	0,205813	-0,433404
-0,813246	0,154116	-0,426204
-0,654430	0,107008	-0,477914
-0,491940	0,035814	-0,540351
-0,385899	0,022902	-0,595086
-0,318290	0,044176	-0,610139
-0,358062	0,109083	-0,739026
-0,345825	0,096849	-0,829685
-0,261341	0,049696	-0,804532
-0,237796	-0,034938	-0,663731
-0,288882	-0,013583	-0,433304
-0,370925	0,112669	-0,251831
-0,517968	0,228050	-0,168909
-0,622187	0,141254	-0,114058
-0,814742	0,123538	-0,026122
-1,212035	0,432106	0,094984
-1,371862	0,515192	0,270396
-1,397245	0,463875	0,310165
-1,481712	0,373969	0,065222
-1,484161	0,251287	-0,009114
-1,436328	0,110050	-0,103055
-1,332937	0,027713	-0,102562
-1,169780	-0,008482	-0,011175
-1,041171	-0,012535	0,243880
-0,967971	0,111603	0,311937
-1,031030	0,245386	0,265834
-1,121711	0,330379	0,172445
-1,134869	0,360079	0,127421
-1,109006	0,334987	0,129708
-1,034690	0,282357	0,213898
-0,962786	0,270893	0,288916
-0,989541	0,253104	0,298174
-0,982208	0,289629	0,213637
-0,926550	0,307362	0,128771
-0,878179	0,215250	0,036940
-0,784904	0,107076	-0,265419
-0,656658	0,027238	-0,572418
-0,555978	-0,052905	-0,757690
-0,431367	-0,084462	-0,816846
-0,321156	-0,072355	-0,799998
-0,342154	0,002443	-0,780782
-0,430779	0,094850	-0,766361
-0,522760	0,242518	-0,621707
-0,618367	0,411409	-0,364248
-0,656534	0,531203	-0,284697
-0,666963	0,553282	-0,183702
-0,618813	0,471361	-0,119191
-0,584113	0,325368	0,020529
-0,541033	0,177933	0,199345
-0,496986	0,098304	0,464017
-0,499103	0,098748	0,663304
-0,519948	0,162324	0,906058
-0,508854	0,226575	1,150054
-0,450174	0,267454	1,206396
-0,377388	0,274303	1,226555
-0,298077	0,260616	1,218756
-0,181956	0,299472	1,195268
-0,083321	0,342055	1,089332
0,058807	0,363659	0,828363
0,251025	0,344565	0,595661
0,345437	0,336944	0,401822
0,367329	0,362451	0,238145
0,285245	0,412543	0,140711
0,114231	0,495708	0,045540
-0,081003	0,638865	-0,010504
-0,239094	0,661446	-0,003606
-0,329190	0,705365	0,100545
-0,370603	0,743381	0,259513
-0,289781	0,681851	0,240179
-0,158082	0,576133	0,646086
-0,119764	0,482928	0,857800
-0,058458	0,413161	0,955344
0,072936	0,392772	0,967302
0,172313	0,378390	0,873451
0,243197	0,329519	0,783990
0,285537	0,255961	0,683699
0,306957	0,233492	0,591002
0,326010	0,236598	0,590599
0,307745	0,224716	0,569208
0,312272	0,264050	0,581782
0,328346	0,267734	0,573641
0,322051	0,257290	0,560426
0,289245	0,231687	0,499098
0,261084	0,218870	0,481639
0,228020	0,172215	0,541415
0,187201	0,135867	0,500173
0,189031	0,169985	0,547611
0,127287	0,184828	0,606644
0,068309	0,168932	0,653870
0,100619	0,121730	0,624609
0,180092	0,071529	0,602154
0,253241	-0,030887	0,507589
0,293572	-0,135793	0,405107
0,270295	-0,189079	0,319301
0,211451	-0,219268	0,266927
0,103084	-0,230957	0,210672
0,023092	-0,208703	0,204927
-0,066768	-0,157392	0,180226
-0,069687	-0,163255	0,141313
-0,068201	-0,192860	0,132203
-0,013386	-0,154287	0,227381
0,094638	-0,157903	0,358126
0,227028	-0,168461	0,441640
0,339631	-0,222879	0,476859
0,345447	-0,216609	0,413092
0,302224	-0,206808	0,256731
0,265718	-0,259294	0,100990
0,239393	-0,228504	-0,150006
0,133091	-0,184720	-0,311545
-0,000790	-0,149693	-0,505889
-0,061924	-0,136038	-0,747558
-0,147220	-0,196929	-0,911218
-0,176199	-0,215002	-1,045002
-0,210869	-0,202653	-1,030411
-0,263507	-0,174574	-0,953613
-0,274014	-0,113805	-0,821314
-0,267087	-0,071891	-0,684822
-0,193565	-0,034527	-0,478900
-0,129949	-0,051559	-0,317043
-0,086723	-0,062317	-0,178940
-0,089483	-0,083374	-0,054089
-0,132878	-0,084888	0,078360
-0,232719	-0,042055	0,236027
-0,291522	-0,009706	0,418668
-0,270571	0,007555	0,510190
-0,270082	-0,022679	0,545091
-0,278322	-0,046879	0,577808
-0,287770	-0,051871	0,524502
-0,289591	-0,033831	0,312339
-0,253706	0,004539	0,168475
-0,203917	0,057257	-0,002171
-0,145897	0,120513	-0,182743
-0,098529	0,122265	-0,363589
-0,052957	0,094943	-0,460378
-0,021296	0,092226	-0,524406
0,006901	0,057508	-0,599566
0,062027	0,050792	-0,607021
0,107080	0,053085	-0,567026
0,094282	0,078857	-0,536933
0,019884	0,107141	-0,482220
-0,089440	0,096248	-0,415463
-0,178815	0,105721	-0,333335
-0,216795	0,091290	-0,282940
-0,252916	0,077818	-0,214865
-0,248304	0,041185	-0,152740
-0,239830	0,034864	-0,091540
-0,220587	0,008739	-0,009072
-0,149663	-0,014078	0,022430
-0,073759	-0,022761	0,030395
0,079860	-0,047896	0,076989
0,189340	-0,042150	0,132453
0,271186	-0,042338	0,159600
0,323248	-0,042489	0,159284
0,361076	-0,085700	0,133177
0,426764	-0,091546	0,082591
0,466863	-0,064619	0,007662
0,514274	-0,042112	-0,061875
0,540704	-0,018370	-0,132813
0,490022	0,026478	-0,165626
0,391065	0,062369	-0,129632
0,297532	0,021160	-0,046247
0,154700	0,015976	0,095167
0,053851	0,001282	0,221703
-0,038316	-0,048767	0,321967
-0,097694	-0,096472	0,365788
-0,227557	-0,112614	0,320414
-0,344851	-0,077640	0,286019
-0,427187	-0,048709	0,223065
-0,419325	-0,025564	0,195688
-0,334508	-0,004167	0,132613
-0,263773	0,054125	0,099388
-0,223470	0,096937	0,138885
-0,136637	0,075633	0,182935
-0,075789	0,034640	0,142515
0,018861	0,012392	0,046971
0,057227	-0,007322	0,014591
-0,007856	-0,000108	-0,008432
-0,046507	0,047789	-0,062300
-0,089879	0,074633	-0,103466
-0,109244	0,081728	-0,121078
-0,113262	0,083583	-0,076758
-0,068576	0,068783	-0,014470
0,041868	0,013840	-0,041264
0,200120	-0,017652	0,017746
0,375575	0,005984	0,059204
0,510201	0,015322	0,079919
0,578620	0,018007	0,057234
0,547174	0,084315	0,104210
0,508613	0,092354	0,148492
0,421246	0,041315	0,138899
0,347531	0,047420	0,126439
0,249302	0,014950	0,062845
0,143900	-0,010061	-0,049321
0,037544	-0,047319	-0,155338
-0,085846	-0,050307	-0,257389
-0,192212	-0,029711	-0,367752
-0,282102	-0,011318	-0,478076
-0,309007	0,036918	-0,469619
-0,323817	0,045818	-0,462841
-0,308846	0,055807	-0,447836
-0,333271	-0,001326	-0,404241
-0,275235	-0,011596	-0,438322
-0,212534	0,025196	-0,356395
-0,188216	0,029739	-0,281295
-0,200377	0,043897	-0,199170
-0,231164	0,054270	-0,079856
-0,212714	0,023311	0,060615
-0,224749	0,010983	0,206511
-0,179799	-0,021853	0,286840
-0,128520	-0,011745	0,366410
-0,047274	-0,022800	0,412843
0,000487	-0,028774	0,399231
0,085631	-0,035471	0,363441
0,148949	0,000359	0,374065
0,213971	-0,016949	0,349057
0,256406	-0,009739	0,258176
0,295152	0,003708	0,148118
0,331886	0,025952	0,035169
0,371808	0,022678	-0,002504
0,360654	0,025796	-0,059462
0,254051	0,035005	-0,102160
0,105560	0,050025	-0,121950
-0,011328	0,006512	-0,133949
-0,148882	0,007126	-0,124395
-0,271376	-0,006751	-0,058342
-0,365539	0,022371	-0,032306
-0,412145	0,015980	0,077585
-0,350785	0,022354	0,228706
-0,311268	-0,011804	0,287348
-0,234659	-0,029549	0,261482
-0,178144	-0,054291	0,234088
-0,142515	-0,060669	0,148964
-0,081456	-0,031299	0,114374
0,044015	0,001780	0,094380
0,134809	0,029195	0,026664
0,172972	-0,030270	0,003130
0,209239	-0,025180	-0,098057
0,165487	-0,019180	-0,154093
0,131426	-0,006726	-0,203719
0,106105	0,005154	-0,254918
0,057101	0,019443	-0,280546
-0,008897	-0,029453	-0,272325
-0,064589	-0,059000	-0,223610
-0,112962	-0,034749	-0,176971
-0,089406	-0,054618	-0,114758
-0,099296	-0,037945	-0,056370
-0,089019	-0,010251	-0,010623
-0,118139	0,010964	0,109299
-0,091643	-0,017096	0,199488
-0,067565	-0,036663	0,282173
-0,002331	-0,038900	0,286066
0,081448	-0,033989	0,283442
0,067075	-0,053058	0,266976
0,037376	-0,049148	0,202094
0,047137	-0,030701	0,173162
0,043459	-0,029346	0,143327
0,120961	-0,046463	0,094544
0,141776	-0,006519	0,094788
0,125872	-0,021499	0,025074
0,078676	-0,035400	-0,055600
0,071559	-0,023535	-0,078001
0,086935	-0,012114	-0,126561
0,112639	0,005629	-0,187442
0,114049	0,009288	-0,273489
0,095072	0,030416	-0,307854
0,054988	0,035831	-0,295123
-0,011551	0,032486	-0,282070
-0,066700	0,075793	-0,274497
-0,095498	0,090322	-0,187994
-0,088850	0,074174	-0,097722
-0,041392	0,051673	-0,077225
-0,008211	0,047089	-0,065613
-0,020937	0,031921	-0,016101
-0,027284	0,044690	-0,016702
-0,043849	0,040549	-0,004744
-0,075301	0,032439	0,013442
-0,084191	0,051805	0,072997
-0,061603	0,028028	0,051696
-0,057901	-0,008217	0,022204
-0,030036	0,004913	0,003395
0,031513	-0,003723	-0,025055
0,061599	0,001807	-0,039197
0,137390	-0,027290	0,019399
0,136719	-0,038104	0,033720
0,167798	-0,025698	0,051866
0,132322	-0,010976	0,031922
0,088621	-0,027946	0,049476
0,034508	-0,034796	0,070232
-0,017401	-0,026884	0,098325
-0,009136	-0,053112	0,094932
0,019498	-0,080795	0,094146
-0,024624	-0,079004	0,142358
-0,058957	-0,057454	0,161762
-0,081638	-0,043094	0,177298
-0,097879	-0,031595	0,147587
-0,089790	-0,031990	0,133389
-0,072797	0,018463	0,082773
-0,004600	0,024353	0,046102
0,059528	0,034802	0,023478
0,142422	0,038377	-0,009953
0,174277	0,049854	-0,063504
0,171978	0,064786	-0,052720
0,153867	0,039378	-0,001954
0,151829	0,020967	0,004186
0,105179	0,006239	-0,011019
0,072656	-0,006495	-0,028932
0,013105	-0,024361	-0,068153
-0,027822	-0,020441	-0,103363
-0,086417	-0,011568	-0,149731
-0,079669	0,001281	-0,148508
-0,065651	0,038378	-0,138924
-0,114777	0,026870	-0,061335
-0,157898	0,041613	0,029460
-0,232618	0,048610	0,104964
-0,273240	0,033138	0,189318
-0,274146	0,028427	0,226161
-0,227935	0,009338	0,229770
-0,216821	-0,042334	0,223073
-0,134199	-0,053020	0,171757
-0,104478	-0,046249	0,134537
-0,048146	-0,070520	0,056873
0,000741	-0,071736	-0,020578
0,034113	-0,064091	-0,111275
0,088582	-0,029251	-0,133075
0,128324	-0,023401	-0,142849
0,132347	0,000444	-0,179404
0,164300	0,008009	-0,186626
0,203266	0,025560	-0,123435
0,188468	0,007045	-0,121734
0,187163	0,011385	-0,103137
0,184215	0,014845	-0,071975
0,133005	0,032946	-0,048962
0,073848	0,026357	-0,046835
0,050448	0,036417	-0,045122
0,019289	0,048286	0,005076
-0,036278	0,038629	0,048116
-0,106598	0,031856	0,046159
-0,136987	0,043685	0,068532
-0,165132	0,012914	0,038541
-0,182875	-0,005941	0,039451
-0,151085	0,000032	0,002838
-0,154388	-0,014342	0,001306
-0,117761	0,016297	0,031697
-0,071223	0,019740	0,041630
-0,037826	0,016756	0,060123
-0,003442	-0,009581	0,079702
0,061407	-0,040234	0,048442
0,088396	-0,072409	0,022470
0,076454	-0,050261	0,002656
0,086065	-0,036376	-0,053430
0,032463	-0,028149	-0,010175
-0,037237	0,019620	0,007180
-0,048943	0,006125	0,022028
-0,070758	0,048955	0,039644
-0,092044	0,059269	0,078639
-0,090872	0,024430	0,130916
-0,053545	-0,016846	0,113351
-0,060072	-0,049866	0,107917
-0,087328	-0,062879	0,100701
-0,089015	-0,052219	0,082478
-0,095150	-0,003470	0,118643
-0,083786	0,055647	0,086296
-0,070850	0,043553	0,018280
-0,051895	0,066446	-0,039953
-0,080786	0,056038	-0,109538
-0,065581	0,067816	-0,136471
-0,031395	0,036052	-0,187705
-0,039484	0,002987	-0,212420
-0,027754	-0,027298	-0,267616
-0,000182	-0,042908	-0,309857
0,013270	-0,035291	-0,314926
0,031685	-0,002378	-0,391760
0,041620	0,005764	-0,338311
0,074483	0,026632	-0,254364
0,082572	0,015568	-0,169019
0,143621	-0,004782	-0,103611
0,272917	-0,040226	0,004257
0,289207	-0,065690	0,147058
0,242853	-0,030530	0,273750
0,189497	-0,032091	0,437347
0,186070	-0,012257	0,570154
0,174711	-0,019388	0,550923
0,086143	-0,037532	0,503946
0,017193	-0,019491	0,467330
-0,060940	-0,002190	0,352795
-0,127280	-0,006537	0,199875
-0,200469	0,021577	0,096692
-0,249438	0,055580	-0,033742
-0,262758	0,077972	-0,154362
-0,228395	0,078661	-0,281509
-0,185597	0,079213	-0,365027
-0,146561	0,074857	-0,378216
-0,094263	0,046482	-0,389719
-0,016036	0,025699	-0,349128
0,009205	0,018642	-0,271636
0,053324	0,024484	-0,179003
0,052241	0,019588	-0,044558
0,111703	-0,012101	0,014146
0,149702	-0,043201	0,062074
0,162852	-0,069034	0,110950
0,175289	-0,074380	0,138565
0,131613	-0,058552	0,128088
0,063152	-0,019071	0,147478
-0,020340	0,006777	0,109365
-0,055542	0,001588	0,063554
-0,065503	0,025208	0,034559
-0,086875	0,039320	-0,034596
-0,078119	0,014219	-0,063114
-0,059626	0,004673	-0,075394
-0,090792	0,036295	-0,091919
-0,061147	0,079792	-0,096521
-0,000077	0,054264	-0,104024
0,026757	0,026175	-0,128239
0,072163	0,016142	-0,130362
0,118057	-0,013893	-0,152165
0,189258	-0,015900	-0,117911
0,206960	-0,008899	-0,049310
0,163652	0,020652	-0,012641
0,085902	0,009820	0,055011
0,062020	-0,028533	0,111050
0,022809	-0,069750	0,128110
-0,017190	-0,093153	0,169517
-0,038654	-0,078355	0,192120
-0,076895	-0,060768	0,126877
-0,129509	-0,046698	0,100550
-0,169684	-0,005754	0,082356
-0,179802	0,004015	0,030448
-0,172577	-0,003490	0,063628
-0,125611	-0,019076	0,069091
-0,089954	-0,037282	0,067724
-0,057595	-0,068131	0,095366
-0,035542	-0,050672	0,089696
0,009872	-0,036717	0,047819
0,020349	0,002230	0,032506
0,007661	0,033388	0,009720
0,042518	0,045863	-0,069799
0,079022	0,046273	-0,130535
0,109189	0,039887	-0,234677
0,124705	0,026173	-0,279673
0,098799	0,024759	-0,330037
0,068505	0,068660	-0,330118
0,033747	0,033858	-0,301436
0,026033	0,046239	-0,221996
0,046681	0,007304	-0,120139
0,043094	-0,042045	-0,043437
0,087149	-0,047039	-0,009848
0,116643	-0,027096	0,043831
0,097147	-0,018808	0,128925
0,063350	0,004106	0,197939
0,002792	0,003285	0,225392
-0,078211	0,026566	0,296195
-0,117146	0,008802	0,292498
-0,124369	-0,043715	0,319240
-0,132051	-0,067528	0,274545
-0,149696	-0,057856	0,178449
-0,113055	-0,049153	0,101585
-0,059793	-0,040287	0,039130
-0,058369	-0,005411	-0,026155
-0,053409	0,031108	-0,085096
-0,017825	0,037338	-0,047008
0,019261	0,046142	-0,056759
0,043180	0,080017	-0,032956
0,060398	0,032409	-0,033067
0,066519	0,036462	-0,052308
0,079070	0,026289	-0,104102
0,074755	0,020079	-0,169475
0,073207	0,017015	-0,186337
0,064315	-0,004577	-0,137570
0,050488	0,011658	-0,125376
0,026022	-0,011743	-0,052424
0,022734	0,013592	-0,019906
0,068944	0,016623	0,071221
0,101127	-0,016389	0,103901
0,086651	-0,064833	0,152078
0,063571	-0,032713	0,139851
0,033620	-0,031908	0,102310
-0,009493	-0,004457	0,142175
-0,099538	0,033775	0,108955
-0,102616	0,075861	0,097699
-0,118482	0,054952	0,084861
-0,121605	0,042997	0,035333
-0,082916	0,036314	-0,013872
-0,059631	0,006065	-0,067604
-0,052490	-0,001850	-0,100055
-0,040076	0,004270	-0,085782
-0,001409	0,005332	-0,055222
0,017062	0,032989	0,010412
0,035683	0,025439	0,111760
0,038117	0,022268	0,158353
0,064966	0,006315	0,174571
0,086457	-0,018886	0,164559
0,128541	-0,036178	0,141217
0,155506	-0,055761	0,072752
0,172281	-0,018755	0,001707
0,127290	-0,034157	-0,067592
0,066407	-0,004340	-0,103878
0,017689	0,039631	-0,087887
0,046707	0,066177	-0,076059
0,042163	0,035706	-0,071383
0,044265	0,014196	-0,057106
0,035412	-0,017378	-0,099310
0,037900	0,000465	-0,142656
0,058091	0,014740	-0,189784
-0,003320	0,013708	-0,193966
-0,049580	0,037786	-0,174326
-0,111490	0,022563	-0,260128
-0,122712	-0,007804	-0,300998
-0,151807	-0,000494	-0,227383
-0,189439	-0,032964	-0,221176
-0,198475	-0,061808	-0,200879
-0,207620	-0,065719	-0,115696
-0,215901	-0,076525	-0,031265
-0,203360	-0,066005	0,010425
-0,169390	-0,046103	0,070583
-0,134560	-0,042632	0,148410
-0,064557	-0,029308	0,284401
0,016360	0,000491	0,350104
0,128005	-0,059934	0,400750
0,183800	-0,066148	0,378059
0,234199	-0,056752	0,328314
0,247686	-0,048270	0,292338
0,240287	-0,052032	0,260677
0,197015	-0,017675	0,222909
0,134638	-0,016056	0,145772
0,102913	-0,006143	0,104166
0,064142	-0,011616	0,028743
0,069502	-0,005460	-0,039249
0,106358	0,002334	-0,179849
0,031461	-0,015369	-0,307637
-0,034206	0,010690	-0,433817
-0,085788	0,072712	-0,489742
-0,170144	0,084024	-0,443515
-0,173457	0,057649	-0,348110
-0,180904	0,067188	-0,232516
-0,192611	0,077689	-0,103652
-0,184741	0,079387	0,005188
-0,121926	0,052975	0,071179
0,035577	0,035678	0,114414
0,160615	0,018007	0,084817
0,201282	0,008657	0,034346
0,162942	0,007889	-0,010841
0,068098	0,021631	-0,008673
-0,008730	0,014436	-0,016509
-0,059657	0,025905	-0,044811
-0,085067	0,027438	-0,040634
-0,061352	-0,011570	-0,051661
-0,065366	0,001278	-0,137105
-0,038889	-0,005691	-0,179594
-0,014827	-0,003589	-0,171446
-0,024313	0,005747	-0,168761
0,039925	0,012264	-0,135961
0,008002	0,006930	-0,095366
-0,014668	0,022780	0,015639
-0,012686	0,021105	0,169579
-0,030267	0,014003	0,294635
-0,006977	-0,013688	0,369778
0,006870	-0,034901	0,402133
0,073489	-0,078677	0,405984
0,094228	-0,099331	0,343940
0,108903	-0,078500	0,288555
0,095741	-0,044611	0,213608
0,084258	-0,046224	0,211108
0,053991	-0,016861	0,159304
-0,017134	-0,019239	0,119789
-0,040526	-0,014439	0,064227
-0,082226	-0,033573	0,005410
-0,094504	-0,045059	-0,029192
-0,099553	-0,019763	-0,048256
-0,097831	0,003342	-0,120002
-0,112737	0,017993	-0,141973
-0,113176	0,074734	-0,125065
-0,095338	0,054038	-0,068449
-0,068604	0,027910	-0,023155
-0,044349	0,061598	0,023614
-0,048882	0,031078	0,049531
-0,075507	0,028696	0,020473
-0,068060	0,037324	0,020211
-0,061150	0,031764	-0,026934
0,001837	0,002438	-0,093373
0,013921	0,021103	-0,148429
0,063810	-0,008985	-0,211638
0,100840	-0,003355	-0,295727
0,121859	-0,017051	-0,315109
0,122377	-0,005975	-0,286572
0,118019	-0,005732	-0,226377
0,120270	0,041374	-0,144712
0,148889	0,047467	-0,036278
0,201472	0,045640	0,067694
0,270357	0,021192	0,152800
0,339821	-0,008913	0,255358
0,323578	-0,022450	0,282814
0,267481	-0,013175	0,309576
0,124922	-0,016277	0,248613
0,068333	0,022403	0,159621
-0,036312	0,033255	0,068322
-0,154514	0,037138	0,001032
-0,248111	0,075670	-0,048979
-0,321072	0,111293	-0,078442
-0,364120	0,104366	-0,164267
-0,344922	0,061460	-0,188872
-0,351597	0,060667	-0,305285
-0,364590	0,044700	-0,275832
-0,333811	0,044378	-0,190978
-0,269917	0,036455	-0,176733
-0,233182	0,047364	-0,104033
-0,118541	-0,005199	-0,061204
-0,013436	-0,069284	-0,035548
0,064910	-0,145454	-0,024605
0,078747	-0,147967	-0,052253
0,056284	-0,104959	-0,079144
-0,008598	-0,064814	-0,068112
-0,025079	0,007524	-0,008518
0,049858	0,010804	0,039157
0,108832	-0,000940	0,036110
0,133989	-0,019905	0,071027
0,185731	-0,047527	0,092258
0,211781	-0,032272	0,125516
0,211563	-0,022949	0,183738
0,220972	0,002710	0,220733
0,216035	0,000264	0,167004
0,237953	0,015531	0,105832
0,173126	0,014341	-0,001528
0,153821	-0,009596	-0,042397
0,068479	-0,021093	-0,050201
-0,062063	-0,023576	-0,050696
-0,128178	-0,005445	-0,047258
-0,183939	-0,020640	0,008153
-0,150032	0,017008	-0,045187
-0,154498	0,019343	-0,087859
-0,152334	0,002071	-0,101891
-0,184111	0,015060	-0,109296
-0,224864	-0,001355	-0,051035
-0,234481	-0,010654	-0,022640
-0,222058	-0,019058	0,013492
-0,211167	0,020178	0,004092
-0,163184	0,050628	0,012856
-0,125762	0,081676	0,003572
-0,013464	0,101730	-0,026830
0,053401	0,093835	-0,067423
0,118368	0,052082	-0,095125
0,178972	0,037845	-0,112489
0,211183	0,022610	-0,095741
0,249391	0,029574	-0,114899
0,271339	-0,000278	-0,163745
0,273565	-0,007889	-0,184621
0,238005	-0,043653	-0,176432
0,194237	-0,052158	-0,175619
0,131452	-0,028324	-0,106022
0,020884	-0,016909	-0,056083
-0,072355	0,021897	0,039412
-0,126842	0,065406	0,168468
-0,062203	0,122235	0,293758
0,004827	0,075767	0,336520
0,067070	0,025177	0,368814
0,076629	0,001940	0,354426
0,095788	-0,016636	0,322799
0,083333	-0,016190	0,289843
0,071451	0,002380	0,256777
0,047590	0,012439	0,170949
-0,015565	0,025271	0,159745
-0,052675	-0,008518	0,040650
-0,115882	-0,059488	-0,051757
-0,190387	-0,030342	-0,118030
-0,264358	-0,018537	-0,148049
-0,286181	0,029226	-0,117487
-0,362062	0,047318	-0,102608
-0,426601	0,044569	-0,078253
-0,445663	0,003086	-0,025249
-0,438891	-0,023386	0,097598
-0,389431	-0,020625	0,164260
-0,292392	0,021805	0,178344
-0,180276	0,005958	0,220239
0,021453	-0,015351	0,154169
0,259460	-0,060157	0,085030
0,402929	-0,101763	-0,009552
0,466960	-0,125466	-0,134058
0,465499	-0,112824	-0,184810
0,400170	-0,050989	-0,262777
0,378559	0,009965	-0,290667
0,388077	0,047242	-0,264137
0,383252	0,049281	-0,248663
0,400449	0,047091	-0,217119
0,420921	-0,002550	-0,166994
0,342486	-0,026942	-0,208290
0,205031	-0,042623	-0,217389
0,021325	-0,025480	-0,204563
-0,199371	-0,013682	-0,166519
-0,331884	0,020658	-0,095874
-0,422563	0,071116	-0,003909
-0,449135	0,016671	0,048582
-0,395709	-0,017315	0,059935
-0,362527	-0,055991	0,014427
-0,424103	-0,061065	0,043146
-0,417810	-0,042150	0,080488
-0,377339	-0,026054	0,154417
-0,309537	0,001178	0,248985
-0,204539	0,014345	0,257611
-0,093722	0,004775	0,276951
0,011217	-0,028737	0,251248
0,072181	-0,035440	0,166526
0,108502	0,017619	0,059478
0,147141	0,054317	0,005444
0,150269	0,081759	-0,061722
0,190125	0,101797	-0,130786
0,210523	0,116875	-0,138137
0,253648	0,088703	-0,164147
0,303479	0,040323	-0,173456
0,318443	0,005440	-0,151217
0,314129	-0,022455	-0,160231
0,244590	-0,020845	-0,112865
0,206206	-0,020509	-0,029000
0,163061	-0,009693	0,012237
0,118950	0,005649	0,097887
0,082709	0,004519	0,111830
0,042229	-0,009788	0,121068
0,000262	0,001740	0,098771
-0,029478	0,011927	0,083802
-0,068589	0,006672	0,078541
-0,081690	0,027359	0,076236
-0,095040	0,000818	0,029385
-0,051129	-0,000298	-0,020547
-0,043784	-0,019391	-0,087300
-0,034063	-0,037547	-0,157950
-0,012883	-0,041524	-0,247027
-0,008390	-0,034184	-0,245510
