0,930176	1,035477	9,438431
0,924194	1,064209	9,692215
0,909821	1,086945	9,748489
0,812866	1,028290	9,718552
0,770966	0,994781	9,831085
0,688354	1,018723	10,016632
0,633301	1,119278	10,026215
0,602173	1,090546	9,840668
0,592590	1,059418	9,706589
0,635681	1,101318	9,620392
0,714691	1,027100	9,586868
0,822433	0,993576	9,519836
0,885880	0,961258	9,522232
0,901443	0,878662	9,497086
0,808075	0,928940	9,506668
0,732651	0,987595	9,515045
0,745819	0,956467	9,619202
0,727859	0,924149	9,670670
0,678787	0,970840	9,656311
0,652451	0,972031	9,760452
0,706314	0,964844	9,918472
0,677582	0,946884	9,951996
0,654846	0,979218	9,940018
0,600967	0,985199	9,766434
0,586609	1,041458	9,507874
0,623718	1,028290	9,373795
0,690750	1,007950	9,382172
0,739838	1,076172	9,410904
0,804474	1,078568	9,430054
0,909821	1,033081	9,525818
0,978058	1,073776	9,638351
1,011581	1,073776	9,714966
1,047485	0,979218	9,659897
0,962494	0,952881	9,567719
0,951721	0,980408	9,479141
0,958908	0,981613	9,523422
0,936157	1,006744	9,674271
0,918198	1,027100	9,683838
0,925385	0,975616	9,656311
0,883484	0,958862	9,655106
0,843979	1,061813	9,753265
0,999603	1,072586	9,809540
1,036713	1,065399	9,738907
1,045090	0,981613	9,585678
1,043900	0,949280	9,445618
1,003204	1,059418	9,370193
1,001999	0,969635	9,469559
1,095367	1,029495	9,583282
1,166000	1,091736	9,676651
1,241425	1,089340	9,693420
1,355148	1,069000	9,586868
1,316833	1,060623	9,512650
1,315643	1,028290	9,374985
1,252197	1,036667	9,268448
1,236633	1,022308	9,203796
1,306061	0,991180	9,293579
1,295288	0,963654	9,457596
1,271347	0,969635	9,620392
1,260574	1,007950	9,597656
1,234238	1,040268	9,601242
1,245010	0,968445	9,724548
1,328812	0,962448	9,718552
1,289307	0,986389	9,588074
1,279724	0,962448	9,529419
1,250992	0,945694	9,633560
1,206711	0,828384	9,754471
1,234238	0,784088	9,916077
1,403030	0,857101	9,993896
1,435349	0,907394	9,966354
1,448517	0,890625	9,868195
1,425781	0,875061	9,674271
1,352753	0,936111	9,533005
1,359940	0,921753	9,434845
1,464081	0,873871	9,311539
1,523941	0,909775	9,270844
1,507172	0,925339	9,233734
1,523941	0,866684	9,102051
1,442535	0,887039	9,157120
1,351547	0,878662	9,267242
1,335999	0,785278	9,516251
1,288101	0,769714	9,764053
1,264160	0,769714	9,974731
1,292892	0,769714	10,202179
1,314438	0,787674	10,436813
1,393448	0,763733	10,454773
1,387466	0,717041	10,397308
1,605347	0,763733	10,167465
1,697510	0,817612	10,303940
1,781311	0,773315	10,193802
1,855530	0,736206	9,756866
1,795685	0,731415	9,548569
1,652023	0,740997	9,509064
1,628082	0,695496	9,540192
1,665192	0,739792	9,707779
1,729843	0,763733	9,858612
1,782516	0,687119	9,898117
1,853134	0,639236	9,972336
1,893845	0,688324	10,050156
1,862717	0,742188	10,130356
1,817230	0,763733	9,966354
1,768143	0,793655	9,736511
1,744202	0,806824	9,700607
1,745407	0,870270	9,718552
1,731033	0,881058	9,792770
1,723846	0,867889	9,944809
1,683151	0,857101	10,017838
1,580200	0,829575	10,069305
1,632874	0,822388	10,080078
1,693924	0,857101	10,156693
1,806458	0,887039	10,336258
1,881866	0,920547	10,446396
2,023132	0,954071	10,405685
2,091370	1,004349	10,132751
2,124878	1,089340	9,841858
2,092560	1,115677	9,645538
2,130859	1,036667	9,584488
2,059036	1,067795	9,560547
2,032700	1,155182	9,646729
1,974045	1,274902	9,805939
2,027924	1,260529	9,738907
2,094955	1,260529	9,522232
2,142838	1,332352	9,538986
2,280502	1,365875	9,608429
2,372681	1,361084	9,568924
2,340363	1,423340	9,560547
2,358322	1,423340	9,501877
2,305649	1,444885	9,504272
2,176361	1,480804	9,586868
2,169174	1,490372	9,572510
2,227829	1,423340	9,620392
2,260147	1,386230	9,817917
2,278107	1,452072	10,029800
2,304443	1,410172	10,060928
2,298462	1,425735	10,221344
2,422958	1,441299	10,380554
2,594147	1,393417	10,422455
2,507950	1,454468	10,411682
2,369095	1,501144	10,230911
2,334381	1,491577	10,023819
2,237411	1,492767	9,951996
2,206284	1,555023	9,899323
2,111710	1,614868	9,895721
2,145233	1,647202	9,724548
2,251770	1,636429	9,582092
2,297256	1,649582	9,509064
2,333176	1,659164	9,596451
2,534286	1,661560	9,746094
2,788071	1,684311	9,808334
2,919754	1,699875	9,681442
2,853912	1,689087	9,482727
2,705475	1,811203	9,357025
2,625275	1,814789	9,267242
2,567810	1,806412	9,349854
2,584564	1,819580	9,383362
2,578583	1,841125	9,279221
2,586960	1,823166	9,222961
2,642029	1,813599	9,273239
2,798843	1,842316	9,431259
2,883850	1,860275	9,546173
2,809616	1,894989	9,585678
2,755753	1,841125	9,592865
2,633652	1,844711	9,625183
2,468445	1,893799	9,627579
2,415771	1,904572	9,655106
2,406204	1,940491	9,697006
2,317612	1,946472	9,679047
2,381058	1,886612	9,615601
2,522324	1,880630	9,568924
2,645615	1,889008	9,596451
2,766525	1,869858	9,621597
2,792862	1,873444	9,634766
2,756958	1,899780	9,670670
2,643219	1,940491	9,661102
2,464859	1,966827	9,616806
2,316422	2,011108	9,528214
2,311630	1,987167	9,521042
2,346344	1,984772	9,565323
2,375076	2,009918	9,556946
2,373871	2,035049	9,480331
2,333176	2,099701	9,406113
2,460068	2,063782	9,333084
2,715057	1,947662	9,240921
2,853912	2,007523	9,312744
2,809616	2,080551	9,258865
2,729416	2,044632	9,017059
2,547455	2,115265	8,905731
2,364304	2,285248	8,803970
2,403809	2,228989	8,801575
2,565414	2,193069	8,865021
2,652802	2,224197	8,845871
2,743790	2,212219	8,718979
2,795258	2,269684	8,674683
2,794067	2,249344	8,751297
2,789276	2,215820	8,851852
2,664780	2,230179	8,929672
2,524719	2,234970	8,969177
2,426544	2,190674	9,092468
2,449295	2,227783	9,284012
2,486404	2,182297	9,579697
2,452881	2,246948	9,953186
2,396622	2,286453	10,148315
2,427750	2,163147	10,127960
2,412186	2,191879	10,154297
2,427750	2,250534	10,205780
2,456482	2,297226	10,202179
2,412186	2,322357	10,217743
2,365494	2,309189	10,226120
2,317612	2,328339	10,127960
2,354721	2,366653	10,121979
2,367889	2,450455	9,991501
2,314026	2,523468	9,734116
2,376266	2,579742	9,473145
2,516327	2,597687	9,317535
2,621674	2,592911	9,251694
2,645615	2,637192	9,274429
2,661179	2,701843	9,275635
2,546265	2,725784	9,117615
2,451691	2,748535	8,979950
2,419373	2,826340	9,031418
2,349930	2,840698	9,136765
2,296066	2,851486	9,178665
2,250580	2,920914	9,239716
2,281708	2,977173	9,276825
2,347549	2,952042	9,343857
2,433731	3,013092	9,315140
2,524719	3,045410	9,189438
2,563019	3,087311	9,096069
2,554642	3,130402	8,927277
2,516327	3,147156	8,811157
2,407394	3,217789	8,769257
2,282898	3,242935	8,750107
2,212265	3,242935	8,782425
2,181152	3,294403	8,894958
2,110519	3,298004	8,952408
2,029114	3,234558	8,982346
2,005173	3,293213	9,106842
1,963272	3,403336	9,137970
2,044678	3,356659	9,143951
2,267334	3,320740	9,215775
2,592941	3,315948	9,383362
2,731812	3,320740	9,267242
2,711456	3,320740	9,172684
2,723434	3,342285	9,306747
2,700684	3,355453	9,607224
2,670761	3,392563	9,902908
2,580978	3,462006	10,026215
2,507950	3,462006	9,977127
2,412186	3,526642	9,998672
2,445709	3,512283	10,163879
2,444504	3,541016	10,364990
2,329590	3,623611	10,405685
2,229034	3,648743	10,354218
2,242203	3,640366	10,364990
2,339157	3,682266	10,444000
2,579773	3,738525	10,548141
2,734207	3,880981	10,381744
2,725830	3,872604	9,995087
2,724625	3,863022	9,822708
2,627670	3,949219	9,612015
2,427750	4,197021	9,318726
2,305649	4,193436	9,176270
2,273315	4,187439	8,951218
2,250580	4,347855	8,763275
2,397827	4,363419	8,774048
2,469650	4,447220	8,842285
2,484009	4,532211	8,897339
2,474442	4,560944	8,792007
2,489990	4,538193	8,868622
2,491196	4,648331	9,179855
2,407394	4,776413	9,491104
2,273315	4,829086	9,476746
2,197906	4,787186	9,323517
2,218262	4,802750	9,361816
2,308044	4,831482	9,476746
2,340363	4,875778	9,495895
2,284088	4,988297	9,288803
2,249374	5,051743	8,971573
2,288879	5,076889	8,809952
2,353531	5,068512	8,815948
2,440918	5,185822	8,857834
2,472046	5,333069	8,759674
2,553436	5,345047	8,505890
2,607315	5,373764	8,304779
2,606110	5,396515	8,368225
2,560623	5,485107	8,377808
2,385849	5,501862	8,316757
2,237411	5,436020	8,115646
2,126083	5,487488	7,936081
2,060242	5,397705	8,007904
1,922577	5,359406	7,963608
1,684341	5,389328	8,147964
1,580200	5,388138	8,729752
1,464081	5,615585	9,437241
1,362335	5,834656	9,922058
1,484436	5,882538	9,934036
1,716675	5,892120	9,638351
2,006363	5,882538	9,169083
2,173965	5,960342	8,667496
2,161987	6,044144	8,132401
2,153610	6,088440	7,641586
2,171570	6,114777	7,219009
2,292480	6,210541	6,791641
2,455276	6,312302	6,436111
2,426544	6,489471	5,971634
2,296066	6,655869	5,460464
2,220642	6,727692	5,289276
2,164383	6,842606	5,478424
2,230225	6,892899	5,677139
2,232620	7,000626	5,739395
2,154816	7,083237	5,707077
2,141647	7,107178	5,707077
1,982422	7,228073	5,619690
1,853134	7,230469	5,488007
1,709488	7,315460	5,404205
1,568222	7,469894	5,437729
1,588577	7,490250	5,516739
1,579010	7,489044	5,381454
1,508377	7,575241	5,185135
1,490417	7,618332	5,045074
1,468872	7,698547	4,812836
1,447327	7,803879	4,657211
1,541901	7,779938	4,711090
1,665192	7,869720	4,806854
1,635269	8,026550	4,600952
1,561050	8,018173	4,247803
1,490417	8,105560	4,146057
1,485626	8,218079	4,189148
1,470062	8,265961	4,438141
1,431763	8,224060	4,597366
1,423386	8,173782	4,596161
1,393448	8,256393	4,703903
1,373108	8,401245	4,895432
1,344376	8,379684	4,784103
1,327606	8,400040	4,644043
1,294098	8,422791	4,810440
1,330002	8,487427	5,065430
1,256989	8,554474	4,830795
1,066650	8,554474	4,471664
1,110931	8,596359	4,203506
1,120514	8,626297	3,903046
1,027145	8,708893	3,891068
0,945740	8,716080	3,973663
0,845184	8,738815	3,877899
0,782928	8,768753	3,818054
0,772156	8,834595	3,656433
0,744629	8,791489	3,434967
0,708710	8,817825	3,475677
0,663223	8,882477	3,760590
0,520767	8,974655	3,746216
0,295715	8,896835	3,467300
0,195160	8,801071	3,340408
0,159241	8,877686	3,470886
0,184387	8,918381	3,712708
0,216705	8,930359	3,798889
0,131714	8,901627	3,446945
0,080231	8,827408	3,164429
0,062271	8,877686	3,211121
-0,014343	8,890854	3,199142
-0,193909	8,845367	2,942963
-0,415359	8,863312	2,636505
-0,633240	8,886063	2,507217
-0,706268	8,877686	2,412643
-0,708664	8,858536	2,297729
-0,654785	8,830994	2,235474
-0,633240	8,817825	2,172028
-0,626053	8,823822	2,103806
-0,638031	8,814240	2,118164
-0,694290	8,820221	2,043945
-0,806824	8,801071	1,875153
-0,882233	8,822617	1,949371
-0,921738	8,856140	2,055908
-0,861893	8,821426	2,079849
-0,895401	8,804657	2,059509
-0,945679	8,784317	2,033173
-0,960052	8,744812	2,082245
-0,975616	8,743607	2,121750
-0,961243	8,726852	2,054718
-1,051025	8,644257	1,942184
-1,059402	8,522141	2,237869
-1,369461	8,544891	2,216324
-1,631622	8,450317	2,233078
-1,760910	8,386871	2,417435
-1,815979	8,397644	2,547928
-1,873428	8,374908	2,500046
-1,978775	8,398849	2,150482
-2,127228	8,383286	1,736282
-2,062576	8,343781	1,653687
-2,045822	8,321030	1,630951
-2,111664	8,335403	1,496872
-2,222992	8,289902	1,305328
-2,369034	8,317444	1,274200
-2,383408	8,310257	1,375961
-2,213409	8,268356	1,422653
-2,005112	8,265961	1,360397
-1,860260	8,221680	1,086258
-1,727386	8,158234	1,118591
-1,839920	8,256393	1,273010
-2,048218	8,313843	1,361603
-2,298401	8,310257	1,355606
-2,513885	8,269562	1,353210
-2,635986	8,303070	1,383148
-2,717392	8,385681	1,651291
-2,792816	8,389267	1,826065
-2,886185	8,334198	1,664459
-3,019058	8,303070	1,389130
-3,059769	8,300674	1,271820
-3,080109	8,349762	1,284988
-3,105255	8,298294	1,094635
-3,093277	8,213287	0,776215
-3,238129	8,224060	0,433838
-3,349457	8,214493	0,163300
-3,415298	8,148651	0,209991
-3,548187	8,123505	0,323715
-3,756470	8,084000	0,397934
-3,910904	8,030136	0,506866
-4,016251	8,024155	0,594254
-4,199402	7,993027	0,729523
-4,307144	7,906830	0,803741
-4,386154	7,882889	0,783401
-4,436432	7,868530	0,563126
-4,526215	7,763184	0,348846
-4,517838	7,726074	0,265045
-4,604019	7,732056	0,130981
-4,703384	7,647064	-0,031830
-4,752457	7,586014	-0,189850
-4,704575	7,560867	-0,326309
-4,641129	7,563263	-0,279633
-4,636337	7,493835	-0,270050
-4,752457	7,462708	-0,286819
-4,838654	7,478271	-0,192245
-4,850632	7,412430	0,095062
-4,864990	7,460312	0,315323
-4,915268	7,368134	0,202805
-4,964355	7,303497	-0,082108
-5,020615	7,319061	-0,234146
-5,197784	7,298706	-0,255692
-5,408478	7,252014	-0,331100
-5,548538	7,236465	-0,351456
-5,625153	7,220901	-0,252090
-5,664658	7,173019	-0,187454
-5,676620	7,127518	-0,231750
-5,653885	7,078445	-0,164703
-5,713730	7,062881	-0,126404
-5,766403	7,014999	-0,198227
-5,802322	6,944366	-0,321533
-5,823868	6,927612	-0,475952
-5,857391	6,953949	-0,716568
-5,864563	6,950348	-0,742905
-5,841827	6,932388	-0,740509
-5,834641	6,855774	-0,813538
-5,850204	6,800720	-0,932053
-5,858582	6,792328	-0,994293
-5,954346	6,728882	-0,988312
-6,068069	6,676208	-0,955994
-6,092026	6,664246	-0,893738
-6,192581	6,653473	-0,891342
-6,349396	6,607986	-0,729736
-6,449951	6,609177	-0,668686
-6,572052	6,605591	-0,647141
-6,756409	6,551712	-0,587280
-6,803101	6,458344	-0,347870
-6,809082	6,497849	-0,242523
-6,665436	6,497849	-0,228149
-6,542130	6,453552	-0,375397
-6,488266	6,429611	-0,606445
-6,403259	6,397293	-0,631577
-6,369751	6,366165	-0,714172
-6,370941	6,306305	-0,726151
-6,382919	6,275192	-0,818329
-6,431992	6,260818	-0,861420
-6,467911	6,186600	-0,699814
-6,475098	6,149490	-0,497498
-6,573257	6,235687	-0,399338
-6,658249	6,266800	-0,411316
-6,715714	6,138718	-0,499893
-6,829437	6,135132	-0,496307
-6,926392	6,212936	-0,527435
-6,974289	6,210541	-0,552567
-7,068848	6,203354	-0,632767
-7,079620	6,150696	-0,774033
-6,939560	6,124359	-0,885361
-6,859360	6,162659	-0,961975
-6,890488	6,127945	-1,112808
-6,867737	6,021408	-1,294769
-6,830627	6,015411	-1,238510
-6,831833	6,051331	-1,220551
-6,856964	5,996262	-1,270828
-6,850983	5,978302	-1,202591
-6,770782	5,967529	-1,114014
-6,774368	5,926834	-0,997894
-6,695358	5,838242	-0,918884
-6,755219	5,792755	-0,833893
-6,792328	5,765228	-0,820724
-6,798309	5,748459	-0,900925
-6,827042	5,713745	-0,972748
-6,641495	5,662277	-1,147522
-6,527771	5,671844	-1,161896
-6,470306	5,686218	-1,130768
-6,505020	5,681427	-1,045776
-6,642685	5,681427	-1,024231
-6,776764	5,621567	-0,995499
-6,969498	5,586853	-0,859024
-7,115540	5,594040	-0,777618
-7,249619	5,572495	-0,778824
-7,341797	5,601227	-0,784805
-7,455521	5,612000	-0,868607
-7,566849	5,590439	-0,977539
-7,577621	5,561722	-1,085281
-7,490234	5,613190	-1,195404
-7,421997	5,601227	-1,317520
-7,437561	5,568893	-1,437225
-7,505798	5,600021	-1,394135
-7,521362	5,616776	-1,366592
-7,619522	5,531784	-1,321106
-7,711700	5,491089	-1,195404
-7,694931	5,450378	-1,109222
-7,709305	5,396515	-1,160690
-7,687759	5,386932	-1,267242
-7,636276	5,351028	-1,329483
-7,547699	5,359406	-1,279205
-7,435165	5,317505	-1,135559
-7,350174	5,258850	-1,104431
-7,352570	5,242096	-1,115204
-7,407639	5,191818	-1,094849
-7,512985	5,175049	-1,007462
-7,673386	5,255264	-1,090073
-7,770355	5,148712	-0,976349
-7,755997	5,177444	-0,886566
-7,906830	5,312714	-1,060135
-7,955902	5,204971	-1,214569
-7,912811	5,139145	-1,295975
-7,864929	5,194199	-1,394135
-7,705704	5,135544	-1,419266
-7,679367	5,128357	-1,506653
-7,613541	5,092453	-1,634750
-7,608749	5,042175	-1,734100
-7,651840	5,088867	-1,738892
-7,746414	5,093643	-1,550949
-7,831406	5,076889	-1,422867
-7,919998	5,055344	-1,397720
-7,987030	5,078079	-1,317520
-7,997803	5,033798	-1,193024
-7,987030	4,966751	-1,222946
-7,983444	4,972748	-1,224136
-7,919998	4,899719	-1,164291
-7,771545	4,870987	-1,075699
-7,678177	4,905701	-1,097244
-7,711700	4,886551	-1,188232
-7,815842	4,853027	-1,098450
-7,914001	4,821899	-0,946411
-8,003784	4,856628	-0,735718
-8,106735	4,848236	-0,655518
-8,191727	4,814728	-0,771637
-8,288696	4,765640	-0,814728
-8,297073	4,788391	-0,750092
-8,212082	4,764450	-0,802765
-8,109131	4,724945	-0,930847
-8,026535	4,706985	-1,175064
-7,896057	4,669876	-1,300751
-7,873306	4,672272	-1,341461
-7,911606	4,709381	-1,292374
-7,999008	4,733322	-1,230133
-8,129486	4,662689	-1,206192
-8,228851	4,641144	-1,170273
-8,215683	4,651917	-1,066132
-8,166595	4,669876	-0,944016
-8,173782	4,671066	-1,012253
-8,188141	4,635162	-1,100845
-8,173782	4,656708	-1,085281
-8,209686	4,665085	-0,977539
-8,289902	4,657898	-0,972748
-8,307846	4,568115	-0,993103
-8,342575	4,589676	-1,049362
-8,385666	4,649521	-1,189423
-8,420380	4,653122	-1,234909
-8,439529	4,617203	-1,226532
-8,435944	4,617203	-1,311523
-8,301865	4,596848	-1,410889
-8,166595	4,602844	-1,521027
-8,091171	4,580093	-1,601227
-8,003784	4,587280	-1,669464
-7,988220	4,642334	-1,838257
-8,061249	4,657898	-1,880157
-8,087585	4,643539	-1,768829
-8,135468	4,626785	-1,631149
-8,226456	4,687836	-1,616791
-8,222855	4,643539	-1,424057
-8,182159	4,651917	-1,188232
-8,166595	4,732117	-1,214569
-8,130676	4,750076	-1,398926
-8,002594	4,660294	-1,358215
-7,971466	4,746490	-1,245697
-7,940338	4,815918	-1,309143
-8,037308	4,728531	-1,365402
-8,024139	4,690231	-1,287582
-8,062454	4,838669	-1,272034
-8,128281	4,789581	-1,410889
-8,190536	4,677063	-1,493484
-8,210892	4,794373	-1,419266
-8,226456	4,849442	-1,321106
-8,234833	4,766846	-1,311523
-8,137863	4,722549	-1,413284
-8,033722	4,746490	-1,504257
-7,982239	4,735718	-1,426453
-8,013367	4,714172	-1,407303
-8,045685	4,742905	-1,462372
-8,034912	4,742905	-1,430038
-8,025330	4,756073	-1,409698
-7,987030	4,705795	-1,298355
-7,969070	4,726135	-1,204987
-7,975052	4,789581	-1,160690
-7,936752	4,754868	-1,236115
-7,936752	4,720154	-1,325897
-7,946335	4,777618	-1,325897
-8,078003	4,836273	-1,349838
-8,206100	4,812332	-1,368988
-8,220459	4,843460	-1,275620
-8,197723	4,833878	-1,190628
-8,174973	4,841064	-1,141541
-8,121109	4,813522	-1,114014
-8,098358	4,899719	-1,204987
-8,074417	4,859024	-1,167877
-7,894852	4,838669	-1,074509
-7,893661	4,934433	-1,218155
-7,864929	4,880569	-1,343857
-7,850555	4,839859	-1,363007
-7,870911	4,882965	-1,309143
-7,845764	4,911682	-1,263641
-7,902039	4,894928	-1,268433
-7,969070	4,849442	-1,251678
-8,007385	4,868591	-1,239700
-8,048080	4,885345	-1,148727
-8,075623	4,930847	-1,135559
-8,176178	4,859024	-1,137955
-8,256378	4,928452	-1,207382
-8,236023	4,947601	-1,316315
-8,082794	4,857819	-1,409698
-8,087585	4,870987	-1,491089
-7,984634	4,849442	-1,453979
-7,961884	4,897324	-1,549759
-7,955902	4,881760	-1,681427
-8,006180	4,876968	-1,749664
-8,028931	4,862610	-1,761642
-8,040894	4,854233	-1,620377
-8,045685	4,862610	-1,487503
-8,045685	4,870987	-1,408493
-8,042099	4,874573	-1,386948
-8,021744	4,857819	-1,440811
-7,977448	4,824295	-1,462372
-7,947525	4,853027	-1,498276
-7,921188	4,825500	-1,485107
-7,951111	4,715363	-1,425262
-7,997803	4,819519	-1,365402
-8,000198	4,847046	-1,343857
-7,963089	4,809937	-1,246887
-8,021744	4,854233	-1,145126
-8,042099	4,881760	-1,109222
-8,039703	4,869797	-1,078094
-7,985840	4,811127	-1,045776
-8,045685	4,819519	-1,076904
-8,082794	4,838669	-1,052963
-8,154617	4,831482	-1,149918
-8,180954	4,849442	-1,204987
-8,112732	4,806351	-1,194214
-8,064835	4,850632	-1,207382
-8,085190	4,870987	-1,274414
-8,055267	4,856628	-1,416870
-7,991821	4,839859	-1,447998
-7,911606	4,863800	-1,368988
-7,861328	4,888947	-1,323502
-7,866119	4,831482	-1,337860
-7,848160	4,787186	-1,366592
-7,844574	4,769241	-1,347443
-7,851761	4,817123	-1,330688
-7,843384	4,832687	-1,244492
-7,855347	4,849442	-1,230133
-7,906830	4,878174	-1,225342
-7,994217	4,856628	-1,242096
-8,062454	4,876968	-1,242096
-8,163010	4,893738	-1,225342
-8,182159	4,904510	-1,255264
-8,106735	4,905701	-1,293579
-8,113922	4,902115	-1,303146
-8,119904	4,903305	-1,294769
-8,054062	4,914078	-1,382156
-8,003784	4,866196	-1,505463
-7,952316	4,880569	-1,626373
-7,819443	4,855423	-1,670654
-7,782318	4,838669	-1,674255
-7,861328	4,849442	-1,644318
-7,929565	4,821899	-1,570099
-8,082794	4,838669	-1,492294
-8,146240	4,825500	-1,403702
-8,218063	4,799164	-1,240906
-8,216873	4,827896	-1,025421
-8,155823	4,868591	-0,882965
-8,109131	4,826691	-0,770447
-8,078003	4,782410	-0,878174
-8,062454	4,788391	-1,051758
-8,036118	4,795563	-1,185837
-7,999008	4,763245	-1,234909
-7,952316	4,797958	-1,294769
-7,977448	4,800354	-1,324692
-8,001389	4,770432	-1,351028
-8,000198	4,807541	-1,396530
-8,000198	4,809937	-1,488708
-7,985840	4,756073	-1,517426
-7,966675	4,829086	-1,425262
-7,996613	4,805145	-1,307938
-8,026535	4,811127	-1,197800
-8,111526	4,812332	-1,137955
-8,146240	4,793182	-1,118790
-8,117508	4,774017	-1,100845
-8,000198	4,795563	-1,094849
-7,919998	4,797958	-1,228928
-7,914001	4,785995	-1,312729
-7,912811	4,811127	-1,330688
-7,995407	4,831482	-1,292374
-8,103149	4,859024	-1,260056
-8,194122	4,863800	-1,267242
-8,136673	4,863800	-1,226532
-8,026535	4,819519	-1,300751
-7,960693	4,802750	-1,428848
-7,905624	4,829086	-1,492294
-7,927170	4,872192	-1,512650
-7,970276	4,875778	-1,542572
-8,015762	4,825500	-1,544968
-7,975052	4,797958	-1,479126
-7,929565	4,765640	-1,445602
-7,890060	4,825500	-1,388138
-7,876892	4,869797	-1,481522
-7,929565	4,856628	-1,573700
-8,051666	4,853027	-1,549759
-8,164200	4,825500	-1,447998
-8,218063	4,809937	-1,246887
-8,288696	4,845856	-1,050568
-8,258774	4,815918	-0,952393
-8,191727	4,815918	-0,920074
-8,113922	4,802750	-0,946411
-8,098358	4,802750	-1,117599
-8,097168	4,744095	-1,363007
-8,022949	4,728531	-1,418076
-8,026535	4,795563	-1,342651
-7,931961	4,772827	-1,322311
-7,875702	4,750076	-1,366592
-7,914001	4,734512	-1,380966
-7,959503	4,723740	-1,343857
-8,066040	4,742905	-1,278015
-8,082794	4,723740	-1,244492
-8,072021	4,747681	-1,228928
-8,024139	4,750076	-1,127182
-7,979843	4,710571	-1,082886
-7,959503	4,718948	-1,129578
-8,056458	4,653122	-1,215759
-8,119904	4,696213	-1,224136
-8,230042	4,759659	-1,210968
-8,332993	4,733322	-1,188232
-8,338974	4,677063	-1,093658
-8,298279	4,681839	-1,055344
-8,176178	4,690231	-1,182251
-8,109131	4,677063	-1,301956
-8,067230	4,681839	-1,371384
-8,057663	4,741699	-1,396530
-8,008575	4,805145	-1,427643
-7,941544	4,803955	-1,486313
-7,990616	4,842255	-1,632355
-7,964279	4,891342	-1,729324
-7,870911	4,936829	-1,749664
-7,870911	4,999084	-1,686218
-7,854156	4,966751	-1,577286
-7,884079	4,935638	-1,568909
-7,985840	4,959579	-1,465958
-8,051666	5,001465	-1,359421
-8,080399	5,023026	-1,228928
-8,016953	5,003860	-1,122391
-7,891266	5,012253	-1,094849
-7,785919	5,013443	-1,194214
-7,721268	4,977524	-1,225342
-7,770355	5,005066	-1,252869
-7,875702	5,062531	-1,331879
-7,921188	5,058929	-1,301956
-7,925980	5,051743	-1,331879
-7,892456	5,026611	-1,467148
-7,837387	5,031403	-1,643127
-7,863724	5,024216	-1,710159
-7,885269	5,074493	-1,772415
-7,900833	5,093643	-1,752060
-7,870911	5,045761	-1,653900
-7,891266	5,017029	-1,468353
-7,878098	4,994293	-1,351028
-7,864929	5,015839	-1,289978
-7,840988	4,965561	-1,269638
-7,824219	4,918869	-1,252869
-7,857742	4,942810	-1,275620
-7,873306	4,949997	-1,191818
-7,799088	4,893738	-1,149918
-7,838593	4,850632	-1,148727
-7,931961	4,842255	-1,189423
-8,028931	4,818314	-1,251678
-8,073227	4,805145	-1,154709
-8,098358	4,832687	-1,021835
-8,127090	4,868591	-1,154709
-8,088776	4,787186	-1,364197
-7,981049	4,738113	-1,469543
-7,941544	4,848236	-1,538986
-7,915207	4,851837	-1,548553
-7,928375	4,813522	-1,529404
-8,034912	4,824295	-1,543762
-8,140259	4,860214	-1,470749
-8,158218	4,847046	-1,419266
-8,202515	4,819519	-1,352234
-8,209686	4,819519	-1,242096
-8,137863	4,835068	-1,163086
-8,024139	4,818314	-1,136749
-7,899643	4,789581	-1,201401
-7,846970	4,820709	-1,199005
-7,833801	4,850632	-1,246887
-7,846970	4,856628	-1,257660
-7,921188	4,890137	-1,256470
-7,976257	4,903305	-1,329483
-8,026535	4,879364	-1,395325
-8,038498	4,879364	-1,497086
-8,080399	4,903305	-1,528198
-8,160614	4,909302	-1,528198
-8,164200	4,911682	-1,534195
-8,140259	4,936829	-1,668274
-8,097168	4,923660	-1,674255
-8,016953	4,902115	-1,679047
-7,953506	4,909302	-1,726929
-7,909225	4,911682	-1,704178
-7,922379	4,946411	-1,628769
-7,934357	5,002670	-1,544968
-7,945129	5,012253	-1,462372
-7,940338	4,993088	-1,446808
-7,955902	4,981125	-1,385757
-7,903229	4,951187	-1,246887
-7,887665	4,953583	-1,240906
-7,954712	4,972748	-1,189423
-7,917603	4,952393	-1,183441
-7,899643	5,002670	-1,190628
-7,888870	5,014633	-1,232529
-7,903229	4,964355	-1,300751
-7,952316	5,042175	-1,389343
-7,934357	5,049362	-1,440811
-7,863724	5,025421	-1,418076
-7,906830	5,015839	-1,443207
-7,961884	5,043365	-1,432434
-7,947525	5,023026	-1,256470
-7,978653	4,966751	-1,178650
-8,001389	4,949997	-1,210968
-7,977448	4,940414	-1,166687
-7,915207	4,923660	-1,214569
-7,928375	4,949997	-1,236115
-7,898438	4,885345	-1,195404
-7,868515	4,847046	-1,200195
-7,848160	4,891342	-1,233719
-7,860138	4,905701	-1,282806
-7,917603	4,886551	-1,374969
-7,985840	4,914078	-1,408493
-7,993011	4,896133	-1,428848
-7,991821	4,898514	-1,501877
-8,001389	4,928452	-1,566513
-7,994217	4,934433	-1,552155
-8,012161	4,929642	-1,542572
-8,030121	4,914078	-1,576096
-8,014557	4,888947	-1,588058
-8,024139	4,860214	-1,510254
-8,013367	4,880569	-1,407303
-8,027725	4,855423	-1,357025
-8,000198	4,841064	-1,221741
-8,000198	4,827896	-1,163086
-8,000198	4,826691	-1,135559
-8,030121	4,887741	-1,114014
-7,994217	4,875778	-1,106827
-7,881683	4,854233	-1,240906
-7,863724	4,843460	-1,443207
-7,759583	4,857819	-1,595245
-7,758377	4,888947	-1,667068
-7,850555	4,881760	-1,735306
-7,955902	4,970352	-1,808334
-8,049286	4,955978	-1,783188
-8,109131	4,938019	-1,768829
-8,109131	4,909302	-1,724533
-8,031326	4,927246	-1,693405
-7,978653	4,927246	-1,594040
-7,952316	4,933243	-1,451584
-7,979843	4,921265	-1,386948
-7,981049	4,924850	-1,280411
-7,996613	4,857819	-1,167877
-8,052872	4,900909	-1,035004
-8,128281	4,912888	-1,015854
-8,101944	4,802750	-1,030212
-8,085190	4,869797	-0,991898
-8,073227	4,945206	-1,009857
-7,952316	4,876968	-1,128372
-7,867325	4,833878	-1,287582
-7,812256	4,860214	-1,360611
-7,826614	4,867401	-1,424057
-7,881683	4,882965	-1,398926
-7,961884	4,855423	-1,333084
-8,015762	4,853027	-1,317520
-8,086395	4,863800	-1,364197
-8,110336	4,930847	-1,358215
-8,093567	4,903305	-1,300751
-8,056458	4,882965	-1,289978
-7,984634	4,802750	-1,327087
-7,965485	4,873383	-1,322311
-7,963089	4,902115	-1,294769
-8,012161	4,902115	-1,258865
-8,103149	4,910492	-1,303146
-8,107941	4,892532	-1,391739
-8,094772	4,849442	-1,373779
-8,034912	4,860214	-1,287582
-7,947525	4,891342	-1,343857
-7,942734	4,870987	-1,349838
-7,947525	4,833878	-1,376175
-7,961884	4,856628	-1,305542
-7,947525	4,866196	-1,297165
-7,899643	4,868591	-1,278015
-7,850555	4,878174	-1,245697
-7,825424	4,897324	-1,209778
-7,855347	4,953583	-1,251678
-7,874496	4,914078	-1,297165
-7,948715	4,912888	-1,416870
-8,020554	4,924850	-1,493484
-8,124695	4,916473	-1,510254
-8,176178	4,944016	-1,459976
-8,177368	4,884155	-1,371384
-8,215683	4,910492	-1,388138
-8,255173	4,929642	-1,436035
-8,104340	4,884155	-1,351028
-7,965485	4,880569	-1,319916
-7,902039	4,916473	-1,408493
-7,885269	4,897324	-1,500671
-7,959503	4,908096	-1,479126
-8,037308	4,920074	-1,427643
-8,130676	4,880569	-1,451584
-8,131882	4,853027	-1,426453
-8,105545	4,853027	-1,358215
-8,061249	4,853027	-1,366592
-7,965485	4,867401	-1,456375
-7,860138	4,819519	-1,603622
-7,789505	4,812332	-1,720932
-7,824219	4,819519	-1,743683
-7,878098	4,837463	-1,659882
-7,961884	4,842255	-1,462372
-8,109131	4,844650	-1,293579
-8,196518	4,844650	-1,287582
-8,191727	4,839859	-1,343857
-8,137863	4,795563	-1,301956
-8,106735	4,795563	-1,199005
-8,091171	4,862610	-1,226532
-8,037308	4,781204	-1,283997
-7,995407	4,753677	-1,278015
-7,976257	4,781204	-1,169083
-8,003784	4,905701	-1,303146
-8,207291	4,843460	-1,377365
-7,916397	4,639954	-1,017044
-8,048080	4,982315	-1,115204
-7,984634	4,949997	-1,342651
-7,903229	4,830292	-1,430038
-7,833801	4,902115	-1,538986
-7,753601	4,952393	-1,505463
-7,714096	4,969147	-1,436035
-7,738037	5,017029	-1,346252
-7,821823	5,021820	-1,322311
-7,875702	5,012253	-1,361801
-7,872101	5,023026	-1,269638
-7,899643	5,051743	-1,231323
-7,873306	5,061325	-1,167877
-7,618317	4,989502	-1,167877
-7,560867	4,991898	-1,222946
-7,402847	5,068512	-1,331879
-7,301086	5,118790	-1,401306
-7,302292	5,125977	-1,395325
-7,356155	5,215759	-1,474335
-7,445938	5,327087	-1,348648
-7,516571	5,348633	-1,275620
-7,545303	5,373764	-1,248077
-7,595581	5,455170	-1,213364
-7,581207	5,498276	-1,157104
-7,529739	5,512634	-1,127182
-7,474670	5,572495	-1,111618
-7,387283	5,582062	-1,076904
-7,277145	5,589249	-0,964371
-7,180191	5,641922	-0,879379
-7,113144	5,667053	-1,000290
-7,023361	5,696991	-1,165482
-6,958725	5,770004	-1,078094
-6,977875	5,825073	-0,922470
-7,029343	5,840637	-0,803955
-7,127518	5,866974	-0,845856
-7,146667	5,945984	-0,882965
-7,167023	5,974716	-0,888947
-7,055679	6,005844	-0,941620
-7,116730	6,117172	-1,054153
-6,913223	6,034576	-0,748886
-6,883301	6,160263	-0,814728
-6,886887	6,210541	-0,971558
-6,874924	6,194977	-1,050568
-6,810272	6,295532	-1,007462
-6,809082	6,318283	-1,037399
-6,833023	6,305115	-1,108017
-6,859360	6,360184	-1,105637
-6,900055	6,387711	-1,049362
-6,927597	6,406876	-0,993103
-6,890488	6,451157	-0,939240
-6,850983	6,414047	-0,845856
-6,805496	6,388916	-0,765656
-6,794724	6,501434	-0,888947
-6,698944	6,437988	-0,734528
-6,712112	6,482285	-0,650726
-6,719299	6,540939	-0,691437
-6,682190	6,490662	-0,685440
-6,702545	6,522980	-0,538208
-6,694168	6,582840	-0,473557
-6,618744	6,543335	-0,552567
-6,497833	6,545731	-0,680664
-6,435593	6,579254	-0,830292
-6,356583	6,610382	-0,891342
-6,256027	6,601990	-0,967957
-6,233276	6,639099	-0,993103
-6,362564	6,713333	-1,070908
-6,385315	6,561295	-0,863815
-6,484665	6,700165	-0,888947
-6,490646	6,771988	-0,894943
-6,496643	6,733673	-0,830292
-6,509811	6,724106	-0,734528
-6,457138	6,804306	-0,617218
-6,423615	6,822266	-0,620804
-6,372147	6,825851	-0,654327
-6,283554	6,823456	-0,678268
-6,244049	6,813889	-0,636368
-6,200958	6,840225	-0,599258
-6,179413	6,810287	-0,525040
-6,187790	6,836624	-0,532211
-6,160248	6,888107	-0,484329
-6,058502	6,916840	-0,392151
-6,029770	6,925217	-0,498703
-6,072861	6,788742	-0,323929
-6,054916	6,847397	-0,101257
-6,155472	7,062881	-0,162308
-6,117157	6,994644	-0,328705
-6,202148	6,962326	-0,353851
-6,139908	7,129913	-0,419693
-6,141098	7,141891	-0,426880
-6,082443	7,089218	-0,565735
-5,951965	7,162231	-0,681854
-5,834641	7,151459	-0,762054
-5,698166	7,158646	-0,850647
-5,644302	7,187378	-0,892548
-5,670639	7,192169	-0,851837
-5,687393	7,179001	-0,775223
-5,698166	7,230469	-0,619614
-5,716125	7,249634	-0,413712
-5,706558	7,210129	-0,286819
-5,723312	7,274765	-0,244919
-5,708954	7,307083	-0,209000
-5,681412	7,325043	-0,218582
-5,614380	7,395676	-0,156326
-5,546143	7,437576	-0,127594
-5,500656	7,413635	-0,223358
-5,358200	7,433975	-0,256882
-5,221725	7,420807	-0,225754
-5,123566	7,442368	-0,198227
-5,082870	7,486649	-0,327515
-5,080475	7,502213	-0,400543
-5,050537	7,540527	-0,404129
-4,949982	7,556091	-0,400543
-4,915268	7,623123	-0,325119
-4,915268	7,657837	-0,314346
-4,887741	7,710510	-0,337097
-4,891327	7,738037	-0,246109
-4,876968	7,787125	-0,084503
-4,881744	7,861343	-0,003098
-4,787186	7,874512	0,067535
-4,662674	7,924789	0,045975
-4,630356	8,019363	-0,009079
-4,590851	8,064850	0,013657
-4,467560	8,119919	-0,003098
-4,395721	8,164215	-0,065353
-4,355026	8,157028	-0,110840
-4,256866	8,275543	-0,131195
-4,208984	8,299484	-0,047394
-4,179047	8,293503	-0,028244
-4,199402	8,341385	-0,006683
-4,207779	8,325821	0,158508
-4,164688	8,311462	0,323715
-4,191025	8,401245	0,475739
-4,242493	8,453903	0,609818
-4,274826	8,455109	0,684036
-4,088074	8,465881	0,701996
-3,882172	8,471863	0,594254
-3,738525	8,507782	0,506866
-3,673874	8,586792	0,492508
-3,618805	8,558060	0,533203
-3,614014	8,564041	0,577499
-3,691833	8,659805	0,704391
-3,684647	8,665802	0,883957
-3,756470	8,650238	1,019226
-3,822311	8,663406	1,046753
-3,841476	8,617920	1,099426
-3,745697	8,602356	1,238297
-3,655914	8,621506	1,347229
-3,546982	8,542496	1,354416
-3,417694	8,522141	1,263428
-3,242920	8,550873	1,136536
-3,056168	8,568832	1,043167
-2,916107	8,587982	0,794174
-2,941254	8,643051	0,536789
-2,917313	8,587982	0,672058
-3,016663	8,657425	0,688828
-3,207001	8,724457	0,676849
-3,235733	8,671783	0,783401
-3,196228	8,718475	0,953384
-3,162720	8,791489	1,046753
-3,001099	8,706497	1,026413
-2,803589	8,683746	0,998871
-2,716202	8,766357	0,959366
-2,571350	8,766357	1,029999
-2,488739	8,840576	1,000076
-2,571350	8,917191	0,899521
-2,635986	8,918381	0,928238
-2,655136	8,906418	1,118591
-2,712601	8,944717	1,365189
-2,709015	8,978241	1,442993
-2,673096	8,950714	1,415466
-2,624023	8,967468	1,379547
-2,454025	8,962677	1,350815
-2,270874	8,906418	1,324478
-2,160736	8,981827	1,299347
-2,067368	9,011765	1,159286
-2,057785	9,020142	1,155701
-2,084122	9,052460	1,144928
-2,027863	9,113510	1,056335
-2,009903	9,162598	0,942612
-2,097290	9,169769	0,718750
-2,138000	9,188934	0,831284
-2,139191	9,190125	1,006058
-2,157150	9,209274	1,152100
-2,178696	9,196106	1,280197
-2,108063	9,095551	1,397507
-1,991943	9,077606	1,472931
-1,851883	9,026123	1,532776
-1,657959	9,004578	1,591446
-1,509521	9,022537	1,494476
-1,355087	8,985428	1,390320
-1,240173	8,953094	1,438217
-1,301224	8,931549	1,635727
-1,385025	8,967468	1,986481
-1,516693	8,962677	2,240265
-1,592117	8,937546	2,429413
-1,604095	8,985428	2,523987
-1,405365	8,969864	2,559891
-1,258133	8,983032	2,540741
-1,195877	8,993805	2,383926
-1,165955	9,009369	2,195969
-1,215027	9,056046	2,109787
-1,284454	9,032104	2,067886
-1,272491	8,979431	2,030777
-1,229401	8,957886	1,955353
-1,198273	8,972260	1,982895
-1,096512	8,938736	2,005630
-1,071381	8,923172	2,025986
-1,098907	8,895645	2,128937
-1,185104	8,866913	2,320480
-1,235382	8,862122	2,467712
-1,272491	8,872894	2,483276
-1,231796	8,857330	2,549118
-1,225800	8,889648	2,538345
-1,339523	8,899231	2,497650
-1,329956	8,862122	2,467712
-1,164749	8,792694	2,464127
-1,040253	8,753189	2,394699
-0,767319	8,695724	2,333649
-0,387833	8,631088	2,348007
-0,105316	8,587982	2,428207
0,134109	8,556854	2,577850
0,366333	8,570023	2,751434
0,416626	8,552078	2,893890
0,276550	8,556854	3,075851
0,106567	8,598755	3,334412
-0,035889	8,602356	3,596588
-0,217850	8,592773	3,779739
-0,405792	8,565247	3,899445
-0,478806	8,555664	4,041901
-0,468033	8,576019	4,137680
-0,475220	8,565247	4,159225
-0,387833	8,544891	4,137680
-0,226227	8,507782	4,014374
-0,076584	8,512573	3,989227
0,126923	8,486237	3,950928
0,403458	8,462296	3,962891
0,658432	8,489822	4,010773
0,782928	8,492218	3,934158
0,833206	8,498199	3,899445
0,894257	8,542496	4,059860
0,919403	8,597565	4,355545
0,979263	8,583191	4,590179
0,988831	8,609528	4,441742
0,919403	8,671783	4,238235
0,836807	8,617920	4,301682
0,720688	8,705307	4,381882
0,696747	8,754379	4,452515
0,790115	8,705307	4,361526
0,914612	8,675369	4,114929
1,034317	8,684952	3,935364
1,198318	8,669388	3,984451
1,362335	8,692139	4,076614
1,492813	8,652634	4,141266
1,661606	8,664597	4,061066
1,745407	8,656219	3,991623
1,771744	8,638260	4,062256
1,741806	8,655029	4,354355
1,595764	8,643051	4,582993
1,450912	8,678970	4,768539
1,383881	8,633469	5,006775
1,338379	8,602356	5,118103
1,332397	8,519745	5,146835
1,401825	8,463486	5,222244
1,486832	8,441940	5,432938
1,568222	8,420395	5,459274
1,713074	8,391663	5,331177
1,830399	8,382080	5,114502
1,946518	8,410812	4,937332
1,989609	8,423981	4,726639
1,953690	8,400040	4,593765
1,874695	8,306671	4,604538
1,793289	8,334198	4,794876
1,684341	8,366516	4,939728
1,606537	8,323425	4,861923
1,557449	8,227661	4,831985
1,557449	8,165405	4,893036
1,576614	8,198929	4,962479
1,715469	8,142670	5,055847
1,805252	8,078018	5,057053
1,896240	8,033722	5,049866
2,008759	8,052887	5,027115
2,079391	8,018173	5,043884
2,121292	7,982254	5,290482
2,087769	7,976273	5,456879
2,027924	7,953522	5,520325
2,009964	7,939163	5,540680
2,037491	7,923599	5,571793
2,033905	7,943939	5,517929
2,060242	7,989441	5,434128
2,151215	7,978668	5,222244
2,209869	7,925995	5,041489
2,266144	7,918808	5,052261
2,286484	7,994217	5,080994
2,244598	7,958313	4,972046
2,296066	7,842194	4,761368
2,280502	7,903244	4,675171
2,300858	7,848175	4,804459
2,330780	7,784729	4,943329
2,290085	7,787125	5,140839
2,258957	7,697342	5,361115
2,206284	7,648254	5,483215
2,189529	7,586014	5,596939
2,256561	7,527359	5,744186
2,309235	7,554886	5,856705
2,334381	7,522568	5,818405
2,431335	7,455536	5,690308
2,542664	7,429199	5,702286
2,736603	7,405243	5,826782
2,796448	7,441162	5,746582
2,766525	7,466309	5,600525
2,761734	7,419617	5,503571
2,765335	7,411240	5,403015
2,736603	7,382507	5,428146
2,612106	7,414825	5,517929
2,517532	7,383698	5,568207
2,460068	7,315460	5,643631
2,463654	7,237656	5,742981
2,507950	7,199356	5,880646
2,482819	7,104782	6,063812
2,528305	7,023376	6,178726
2,571396	6,980286	6,292450
2,654007	6,986267	6,390610
2,802444	6,874939	6,403778
2,888626	6,873734	6,266113
2,886230	6,918030	6,025497
2,914963	6,858170	5,915375
2,876663	6,829437	5,857910
2,755753	6,856979	5,789673
2,648010	6,809097	5,697495
2,549850	6,789948	5,746582
2,592941	6,816284	5,903397
2,731812	6,744446	5,964447
2,835953	6,690582	5,957260
2,935318	6,696564	6,031479
3,043060	6,684601	6,201477
3,126862	6,715714	6,229004
3,110092	6,686996	6,100922
3,106506	6,657059	6,021912
3,183121	6,666641	6,043457
3,211853	6,657059	6,068604
3,184311	6,609177	6,118881
3,114883	6,593613	6,269714
3,040665	6,618759	6,388229
2,962845	6,542145	6,396606
2,874268	6,513412	6,213440
2,881454	6,484680	6,003952
2,947296	6,453552	6,014725
3,029892	6,388916	6,105713
3,132843	6,402084	6,179932
2,913773	6,400879	6,275696
3,080170	6,047745	6,291260
3,068192	6,154282	6,480392
3,155579	6,240479	6,613281
3,428528	6,065689	6,685104
3,588928	6,020203	6,699463
3,605698	6,062103	6,764114
3,643997	5,987885	6,905365
3,604492	5,934006	7,065781
3,603302	5,904083	7,161545
3,657166	5,923233	7,314774
3,580551	5,981903	7,251328
3,427322	5,948380	6,953247
3,430923	5,930420	6,790451
3,451263	5,948380	6,718628
3,482391	5,913666	6,723404
3,604492	5,866974	6,779678
3,713440	5,841843	6,764114
3,699066	5,785568	6,698273
3,745758	5,682617	6,721024
3,944473	5,586853	6,942474
4,100098	5,574890	7,209427
4,078552	5,560516	7,330338
4,001938	5,486298	7,451248
3,999542	5,509048	7,552994
3,882233	5,471939	7,646378
3,803223	5,372574	7,782852
3,695480	5,404892	7,878616
3,554214	5,455170	7,916916
3,560211	5,275604	7,895370
3,681107	5,226532	8,040222
3,604492	5,342651	8,024658
3,612885	5,172653	7,891785
3,701462	5,068512	7,849884
3,696671	5,021820	7,816360
3,612885	4,983521	7,760101
3,604492	4,929642	7,748123
3,647598	4,836273	7,688278
3,643997	4,808731	7,627228
3,675125	4,724945	7,573349
3,642807	4,673462	7,633209
3,524292	4,666290	7,702637
3,361481	4,625580	7,648773
3,453659	4,405319	7,919312
3,410568	4,492706	8,053391
3,373459	4,468765	8,144363
3,435699	4,276031	8,182678
3,487183	4,279617	8,290421
3,553024	4,279617	8,417313
3,554214	4,205399	8,472382
3,547043	4,110825	8,447235
3,538651	4,071320	8,436462
3,597321	3,977951	8,491531
3,618866	3,999496	8,590881
3,618866	3,963593	8,699829
3,620056	3,870209	8,795593
3,585342	3,829514	8,703415
3,458450	3,792404	8,547791
3,260925	3,743317	8,586105
3,347122	3,572128	8,811157
3,343536	3,603256	8,788406
3,374649	3,500305	8,653137
3,399796	3,424896	8,678284
3,445282	3,450027	8,812347
3,512314	3,387787	8,897339
3,575775	3,270462	8,856644
3,564987	3,239334	8,894958
3,481201	3,235748	9,041000
3,403381	3,240540	9,100845
3,344727	3,207016	9,014664
3,229813	3,190262	8,855453
3,202271	3,113647	8,933258
3,341141	3,117233	9,141556
3,511124	3,124420	9,086487
3,545837	3,099274	8,882980
3,438095	3,048996	8,789612
3,209457	3,092102	8,760880
3,101715	2,974777	8,806366
3,067001	2,832321	8,900940
3,146011	2,796417	9,082901
3,070587	2,801193	8,996704
2,923355	2,811981	9,017059
2,692307	2,814362	9,155914
2,683929	2,574951	9,225357
2,535492	2,580933	9,409698
2,416977	2,657547	9,765244
2,410995	2,610855	10,046570
2,296066	2,505524	10,107620
2,084183	2,540237	10,124374
1,910599	2,504318	10,154297
1,758575	2,492355	10,187820
1,568222	2,469604	10,173462
1,435349	2,468399	10,076492
1,330002	2,428909	9,892136
1,537109	2,214615	9,817917
1,850739	2,208633	9,884949
2,196701	2,231384	10,072891
2,285294	2,220612	10,230911
2,091370	2,191879	10,373367
1,978836	2,169128	10,440414
1,824402	2,166733	10,312317
1,661606	2,165543	10,336258
1,504776	2,149979	10,424850
1,423386	2,221802	10,452377
1,442535	2,201447	10,388931
1,467667	2,157166	10,263245
1,622101	2,099701	10,294357
1,841171	2,112869	10,300354
1,970459	2,128433	10,107620
2,090164	2,108078	9,892136
2,134460	2,097305	9,758057
2,191925	2,109283	9,633560
2,270935	2,153564	9,456390
2,229034	2,178711	9,322311
2,160797	2,151169	9,261261
2,280502	2,096115	9,346252
2,260147	2,155960	9,544983
2,354721	2,035049	9,732925
2,085373	2,109283	9,576096
2,122482	2,030273	9,707779
2,201492	1,970413	9,561737
2,122482	1,922531	9,227753
1,926163	1,976395	9,135574
1,811234	1,881821	9,336685
1,715469	1,857880	9,649124
1,496399	1,956055	9,807144
1,437744	1,842316	9,755661
1,344376	1,748947	9,768829
1,253387	1,762115	9,995087
1,320435	1,796829	10,275208
1,364716	1,748947	10,312317
1,343170	1,680710	10,107620
1,377884	1,645996	9,934036
1,476059	1,593323	10,033401
1,625687	1,595718	10,202179
1,710678	1,656769	10,136353
1,702301	1,588531	9,961563
1,535904	1,522690	9,859818
1,335999	1,561005	9,840668
1,350357	1,496353	9,890945
1,333603	1,498749	9,961563
1,259384	1,501144	9,968750
1,252197	1,479599	9,931641
1,180374	1,442490	9,944809
1,143265	1,428131	9,979523
1,134872	1,402985	10,004669
1,027145	1,440094	9,910095
0,908630	1,401794	9,846649
0,901443	1,310806	9,929245
0,876312	1,328766	10,016632
0,781738	1,376648	9,947205
0,830811	1,310806	9,960373
0,889481	1,265320	10,021423
0,976868	1,244965	9,923264
1,030731	1,182724	9,868195
1,052277	1,209061	9,989105
1,084595	1,207855	9,999878
1,115723	1,114487	9,864609
1,157623	1,107300	9,912491
1,173187	1,119278	10,017838
1,072632	1,088150	10,054947
0,940948	1,090546	10,187820
0,796097	1,125259	10,315903
0,731461	1,103714	10,332672
0,724274	1,054626	10,179443
0,741028	1,054626	10,108810
0,700333	1,077377	10,112396
0,787720	1,033081	10,127960
0,858353	0,978012	10,114792
0,909821	0,969635	10,098038
0,945740	0,984009	10,053741
0,946930	0,957672	10,057343
0,921799	0,974426	10,181839
0,787720	1,015121	10,151901
0,691956	0,985199	10,025009
0,664413	0,980408	9,916077
0,639282	1,012726	9,833481
0,629700	0,972031	9,755661
0,663223	0,989990	9,683838
0,628510	1,005554	9,667084
0,568649	1,010330	9,665878
0,592590	0,958862	9,722153
0,596176	0,939713	9,846649
0,586609	0,995972	9,881363
0,622513	0,954071	9,910095
0,621323	0,922943	9,777222
0,512390	0,978012	9,617996
0,430984	0,980408	9,503082
0,429779	0,870270	9,414490
0,447739	0,859497	9,418091
0,571045	0,925339	9,598846
0,679977	0,940903	9,702988
0,738632	0,899002	9,627579
0,769760	0,872665	9,546173
0,715897	0,910980	9,512650
0,697937	0,889435	9,389359
0,592590	0,901398	9,279221
0,602173	0,859497	9,213379
0,696747	0,827179	9,324707
0,743423	0,824783	9,512650
0,726669	0,875061	9,550964
0,775742	0,827179	9,550964
0,751801	0,784088	9,578491
0,658432	0,876266	9,632370
0,544708	0,863098	9,540192
0,559067	0,781693	9,572510
0,535126	0,791275	9,558151
0,487244	0,788879	9,432449
0,572235	0,729019	9,383362
0,660828	0,803238	9,357025
0,691956	0,775711	9,311539
0,666809	0,714661	9,270844
0,605759	0,693100	9,351044
0,580627	0,670364	9,509064
0,555481	0,737396	9,637161
0,515976	0,733810	9,730530
0,445343	0,768524	9,845444
0,355560	0,840347	9,765244
0,289719	0,848724	9,619202
0,306488	0,816406	9,442032
0,345993	0,781693	9,354645
0,423798	0,802048	9,465973
0,490845	0,853516	9,716156
0,580627	0,863098	9,822708
0,654846	0,836761	9,884949
0,669205	0,877457	10,013046
0,743423	0,866684	10,089661
0,822433	0,867889	9,901718
0,784134	0,960052	9,711380
0,660828	1,001953	9,509064
0,556686	1,012726	9,367813
0,474075	1,052231	9,351044
0,434570	1,066605	9,359421
0,555481	1,033081	9,458786
0,669205	1,067795	9,633560
0,617737	1,092941	9,881363
0,646469	1,122864	9,841858
0,618927	1,089340	9,762848
0,569855	1,119278	9,725739
0,527954	1,177933	9,728134
0,480072	1,157578	9,737717
0,428589	1,174347	9,722153
0,403458	1,126450	9,656311
0,372330	1,102509	9,638351
0,355560	1,064209	9,661102
0,405838	1,034286	9,761658
0,632095	0,949280	9,993896
0,835602	0,988785	10,157898
0,843979	1,022308	10,071701
0,719482	0,881058	9,907700
0,591400	0,908585	9,764053
0,462112	0,997162	9,667084
0,415421	0,903793	9,714966
0,440567	0,799652	9,793976
0,404648	0,786484	9,920868
0,323242	0,860703	9,998672
0,246628	0,824783	10,032196
0,238251	0,731415	10,143524
0,306488	0,689514	10,260849
0,314865	0,744583	10,253662
0,280151	0,744583	10,102829
0,204727	0,744583	10,003464
0,190369	0,735001	9,859818
0,152054	0,729019	9,731720
0,092209	0,746979	9,647934
0,038330	0,712265	9,639542
0,017990	0,751770	9,706589
0,118546	0,775711	9,922058
0,238251	0,773315	10,009445
0,287338	0,752960	9,930450
0,282547	0,735001	9,941223
0,245438	0,766129	10,002274
0,180786	0,793655	9,961563
0,076645	0,818802	9,912491
0,026367	0,864288	9,867004
-0,071793	0,889435	9,839462
-0,072998	0,852325	9,906494
-0,020325	0,885834	9,774826
0,006012	0,963654	9,766434
0,001221	1,045059	9,657501
0,210724	1,034286	9,588074
0,430984	1,078568	9,486313
0,492035	1,200684	9,366608
0,563858	1,004349	8,963181
0,524353	0,974426	8,698624
0,405838	1,004349	8,571732
0,375916	0,986389	8,687851
0,422607	0,993576	8,910507
0,483658	0,991180	9,031418
0,513580	0,914566	9,112823
0,513580	0,852325	9,284012
0,488449	0,763733	9,602432
