0,891861	1,499954	9,197815
0,803284	1,468826	9,297180
0,641678	1,476013	9,365417
0,694351	1,393417	9,565323
0,858353	1,320389	9,779602
0,901443	1,392212	9,894531
0,934967	1,375458	9,981918
1,064255	1,194687	9,999878
1,095367	1,207855	9,960373
1,065445	1,294052	9,981918
1,066650	1,296448	10,041779
1,028336	1,331161	9,767639
1,007980	1,367081	9,634766
1,019958	1,346725	9,590469
1,000809	1,359894	9,570114
0,942139	1,505936	9,562927
0,990036	1,507141	9,512650
1,016373	1,407776	9,386963
1,033127	1,294052	9,376190
0,952927	1,349121	9,465973
0,986435	1,411362	9,669479
1,181564	1,283279	9,853836
1,206711	1,313202	9,754471
1,197128	1,369461	9,579697
1,116928	1,466431	9,351044
1,100159	1,484390	9,272034
1,114532	1,428131	9,307953
1,066650	1,447281	9,403717
1,024750	1,422134	9,342667
1,069031	1,385025	9,385757
1,193542	1,304825	9,700607
1,442535	1,243774	10,022614
1,619705	1,294052	10,192612
1,622101	1,371857	10,180634
1,467667	1,398193	10,138733
1,388672	1,401794	10,042969
1,276138	1,393417	9,990295
1,231842	1,452072	9,918472
1,256989	1,540649	9,801163
1,264160	1,543045	9,657501
1,313248	1,514313	9,543777
1,478439	1,502350	9,671875
1,780121	1,550232	9,996277
2,075806	1,538254	10,203384
2,171570	1,555023	10,326691
2,136856	1,589737	10,488297
2,190720	1,624451	10,901291
2,235016	1,751343	11,323868
2,349930	1,863876	11,375351
2,606110	1,768097	11,423233
2,845535	1,763321	11,609970
2,983200	1,915344	11,744049
3,147202	1,921326	11,811096
3,296844	2,007523	11,966705
3,395004	2,155960	12,145081
3,454865	2,239761	12,169022
3,439301	2,359467	12,021774
3,485992	2,487564	11,954742
3,524292	2,709030	11,887711
3,459656	2,901764	11,398087
3,489578	2,965210	10,708557
3,567383	3,059769	10,096848
3,725403	3,161530	9,652710
4,028275	3,119629	9,591660
4,262909	3,187866	9,822708
4,244949	3,410522	9,913681
4,298813	3,442841	9,959167
4,393387	3,442841	10,090851
4,505920	3,411728	10,418854
4,568161	3,313553	10,889328
4,498734	3,287216	11,388519
4,352692	3,236938	11,767990
4,205444	3,163925	12,372528
3,992355	3,131607	12,918411
3,806808	3,143570	13,193741
3,738571	3,094498	13,561249
3,651184	3,090897	13,708496
3,519501	3,247726	13,355347
3,638016	3,308777	12,677795
3,861877	3,465591	11,921219
4,045029	3,660721	10,764816
4,319168	3,733749	9,564133
4,575348	3,852249	8,818344
4,764496	3,983932	8,369431
4,812378	4,100052	8,274857
4,813568	4,139557	8,125214
4,837509	4,118011	8,270065
4,881805	4,137161	8,914108
4,902161	4,062943	9,554550
4,812378	3,907318	10,266830
4,606476	3,795990	11,138321
4,374237	3,721771	11,847000
4,161148	3,599670	12,159439
4,061798	3,519455	12,434784
3,979187	3,537415	12,887283
3,936096	3,560165	13,142258
3,812790	3,543396	13,160217
3,563797	3,763672	12,729263
3,410568	3,907318	11,862564
3,519501	3,977951	11,031784
3,460846	4,268845	10,444000
3,429718	4,681839	9,620392
3,915741	4,812332	8,650742
4,442474	4,961960	7,241760
4,665131	5,193008	5,798050
4,665131	5,333069	5,133667
4,654358	5,410873	5,276123
4,614853	5,481506	5,659195
4,374237	5,541367	6,171555
4,073761	5,442001	6,932907
3,881027	5,468338	7,750519
3,915741	5,409683	8,456818
3,811600	5,377365	9,017059
3,742157	5,446793	9,354645
3,782867	5,412079	9,432449
3,792450	5,538971	9,295975
3,757721	5,628754	8,461594
3,725403	5,680222	7,552994
3,676331	5,928024	6,920929
3,706253	5,990280	6,400192
3,721817	6,019012	6,108093
3,629639	6,142303	5,648407
3,416550	6,266800	4,961273
3,392609	6,410461	4,688339
3,281281	6,546936	4,942123
2,961655	6,647491	5,091766
2,753357	6,665436	5,306046
2,697098	6,763611	5,571793
2,650406	6,915634	5,419769
2,541473	6,848602	4,719467
2,379868	6,823456	4,312454
2,246979	6,951553	4,290909
2,282898	6,896484	4,290909
2,335571	6,926407	4,348358
2,355927	7,032959	4,462082
2,341553	6,910843	4,636856
2,205093	6,770782	4,967270
1,978836	6,940781	5,351532
1,862717	6,993454	5,628067
1,805252	6,912048	5,479630
1,763351	6,930008	5,298859
1,640060	7,055695	5,173172
1,552673	7,204132	4,764954
1,504776	7,184982	4,032333
1,262970	7,331024	3,365540
0,987640	7,438766	2,892685
0,820038	7,426804	2,843613
0,629700	7,520172	3,153656
0,453735	7,630310	3,654037
0,350784	7,656647	3,917404
0,199936	7,655441	3,819244
-0,034683	7,684174	3,600174
-0,111298	7,680588	3,479263
0,076645	7,603973	3,542709
0,120941	7,655441	3,457718
0,046707	7,648254	3,116547
0,049103	7,576431	2,907059
0,100586	7,738037	3,097397
0,126923	7,829025	3,063873
0,019180	7,851776	2,586227
-0,130463	7,919998	2,138519
-0,231018	7,952332	2,016403
-0,403397	8,002609	2,063095
-0,513535	8,082809	2,109787
-0,505142	8,145065	2,167252
-0,415359	8,121109	1,956558
-0,392624	8,172592	1,498062
-0,316010	8,195343	1,173645
-0,264526	8,152237	1,422653
-0,348328	8,131897	1,919449
-0,543457	8,174988	2,201965
-0,786469	8,115128	2,512009
-1,060608	8,155838	2,801712
-1,262909	8,174988	2,861557
-1,350296	8,170197	2,816071
-1,386215	8,225266	2,649673
-1,335938	8,202515	2,209137
-1,355087	8,216888	1,686005
-1,375443	8,236038	1,338852
-1,447266	8,286316	1,117386
-1,586136	8,274353	0,881561
-1,784851	8,255188	0,830078
-2,011108	8,331802	0,893524
-2,104477	8,344971	0,905502
-2,233765	8,280334	0,924652
-2,377411	8,237228	1,120972
-2,505508	8,257584	1,137741
-2,576141	8,298294	0,971344
-2,647964	8,344971	0,828888
-2,595291	8,294693	0,636154
-2,567749	8,275543	0,437439
-2,420517	8,267166	0,133377
-2,319962	8,184570	0,031616
-2,324738	8,115128	0,306946
-2,390579	8,134277	0,662491
-2,476776	8,095978	0,978531
-2,639587	8,021759	1,038376
-2,850266	7,979858	1,217941
-3,022659	7,979858	1,431030
-3,095673	7,943939	1,471725
-3,192642	7,887680	1,471725
-3,391357	7,909225	1,347229
-3,591278	7,954712	1,216751
-3,683456	8,012177	1,106613
-3,730133	7,994217	0,724731
-3,827103	7,928391	0,218369
-3,853439	7,924789	-0,161118
-3,828308	7,903244	-0,326309
-3,879776	7,840988	-0,356247
-4,049759	7,850571	-0,289200
-4,270035	7,864944	-0,214981
-4,520218	7,826630	-0,145554
-4,712952	7,787125	-0,000702
-4,765625	7,751205	0,281815
-4,823090	7,691360	0,706787
-4,788376	7,574036	1,132950
-4,721344	7,498627	1,311325
-4,663879	7,425598	1,288574
-4,604019	7,378922	1,164078
-4,501068	7,206528	1,183228
-4,383759	7,164627	1,289764
-4,454391	7,138290	1,180832
-4,455582	7,144287	0,964157
-4,355026	7,131119	0,933029
-4,303543	7,182587	0,498489
-4,483109	7,242447	-0,425674
-4,648315	7,189774	-0,884171
-4,812317	7,256805	-0,868607
-5,052933	7,258011	-0,902115
-5,327072	7,186188	-0,857834
-5,524597	7,198151	-0,699814
-5,634720	7,204132	-0,613617
-5,704163	7,113159	-0,499893
-5,720917	7,028168	-0,358643
-5,775986	6,989853	-0,186249
-5,923233	6,934784	-0,183868
-6,084839	6,866562	-0,061752
-6,214127	6,783951	0,085480
-6,263199	6,728882	0,242310
-6,227295	6,609177	0,336884
-6,224899	6,555313	0,353638
-6,234467	6,521790	0,287796
-6,126740	6,453552	0,165695
-6,032166	6,436798	0,080704
-5,983078	6,409256	-0,062958
-6,044128	6,378143	-0,116821
-6,060898	6,386520	-0,162308
-6,132721	6,347015	-0,234146
-6,227295	6,329056	-0,341873
-6,275177	6,291946	-0,405319
-6,306305	6,293137	-0,574112
-6,337418	6,276382	-0,876984
-6,396088	6,210541	-0,940430
-6,459534	6,254837	-0,747696
-6,539734	6,281174	-0,722549
-6,627121	6,273987	-0,813538
-6,725281	6,197372	-0,875778
-6,819855	6,138718	-0,781219
-6,914429	6,133926	-0,663895
-7,037735	6,125549	-0,629181
-7,182571	6,093231	-0,596863
-7,196945	6,056122	-0,574112
-7,125122	6,086044	-0,531021
-7,036530	6,032181	-0,576508
-7,029343	5,984299	-0,824310
-7,012589	5,984299	-1,029022
-6,981461	5,953171	-1,018234
-7,078430	5,972321	-0,849457
-7,155045	5,843033	-0,830292
-7,189758	5,768814	-0,856628
-7,129898	5,780777	-0,811142
-7,040115	5,779587	-0,625595
-6,982666	5,759232	-0,657913
-7,073639	5,748459	-0,832687
-7,103577	5,690994	-0,855438
-7,109558	5,706558	-0,774033
-7,181381	5,689804	-0,730942
-7,344193	5,668259	-0,668686
-7,433975	5,686218	-0,565735
-7,404037	5,686218	-0,405319
-7,436356	5,698181	-0,345474
-7,480652	5,741287	-0,456802
-7,364532	5,702972	-0,347870
-7,297501	5,731705	-0,223358
-7,291519	5,738892	-0,191040
-7,287918	5,754456	-0,307159
-7,305878	5,755646	-0,468765
-7,323837	5,774796	-0,554962
-7,297501	5,760437	-0,720169
-7,295105	5,741287	-0,924866
-7,190964	5,698181	-1,091263
-7,126312	5,758041	-1,121185
-7,109558	5,820282	-1,109222
-7,096390	5,802338	-1,129578
-7,083221	5,773605	-1,131958
-7,141876	5,823883	-1,039795
-7,228073	5,870560	-0,905716
-7,284332	5,912460	-0,905716
-7,348969	5,900497	-0,988312
-7,381302	5,871765	-0,993103
-7,408829	5,922043	-0,926071
-7,327423	5,947174	-0,802765
-7,299896	5,899292	-0,783615
-7,358551	5,940002	-0,770447
-7,410034	6,026184	-0,794388
-7,421997	6,004639	-0,868607
-7,413620	5,968735	-0,905716
-7,386078	5,963943	-0,861420
-7,286728	5,998657	-0,819519
-7,205322	5,947174	-0,849457
-7,214905	5,945984	-0,926071
-7,309464	5,999847	-0,808746
-7,375305	5,995071	-0,514267
-7,433975	5,990280	-0,238922
-7,487839	6,010620	-0,207809
-7,514175	6,011826	-0,223358
-7,516571	6,015411	-0,321533
-7,414810	6,027390	-0,511871
-7,302292	6,076462	-0,791992
-7,159836	6,108795	-1,066132
-7,073639	6,071686	-1,183441
-7,127518	6,100403	-1,219360
-7,231659	6,075272	-1,224136
-7,344193	6,090836	-0,990707
-7,443542	6,143509	-0,765656
-7,437561	6,113571	-0,735718
-7,447144	6,029785	-0,760864
-7,466293	6,048935	-0,716568
-7,485443	6,059708	-0,637558
-7,433975	6,008240	-0,637558
-7,406433	6,023788	-0,508270
-7,503403	5,920853	-0,369415
-7,520157	5,874161	-0,423279
-7,492630	5,860992	-0,335892
-7,443542	5,815506	-0,211395
-7,333420	5,843033	-0,209000
-7,328629	5,822678	-0,432861
-7,289124	5,791565	-0,641159
-7,308273	5,784378	-0,637558
-7,359741	5,774796	-0,654327
-7,406433	5,765228	-0,550171
-7,591980	5,859787	-0,478348
-7,692535	5,878952	-0,571716
-7,672195	5,869370	-0,745300
-7,639877	5,829865	-0,831497
-7,603958	5,899292	-0,886566
-7,478256	5,924438	-0,878174
-7,419601	5,941193	-0,875778
-7,418411	5,945984	-0,837479
-7,378906	5,916061	-0,741714
-7,372910	5,863388	-0,554962
-7,435165	5,870560	-0,449615
-7,433975	5,913666	-0,369415
-7,387283	5,916061	-0,238922
-7,315460	5,850220	-0,153931
-7,253204	5,821487	-0,235336
-7,248413	5,838242	-0,475952
-7,199341	5,843033	-0,583694
-7,132294	5,847824	-0,599258
-7,134689	5,886124	-0,662704
-7,217300	5,904083	-0,708191
-7,237640	5,941193	-0,750092
-7,273560	5,908875	-0,906906
-7,291519	5,906479	-0,887756
-7,368134	5,967529	-0,800369
-7,449524	5,910065	-0,602844
-7,552475	5,922043	-0,514267
-7,588394	5,944794	-0,630386
-7,600372	5,940002	-0,789597
-7,563263	5,941193	-0,926071
-7,469879	5,956757	-0,954788
-7,372910	5,968735	-1,032608
-7,291519	5,972321	-1,104431
-7,201736	5,923233	-1,136749
-7,242432	5,919647	-1,108017
-7,357361	5,940002	-0,964371
-7,364532	5,896896	-0,857834
-7,421997	5,870560	-0,914093
-7,501007	5,935211	-0,880569
-7,512985	5,963943	-0,726151
-7,465088	5,918457	-0,612427
-7,445938	5,907684	-0,642349
-7,493820	5,919647	-0,716568
-7,413620	5,914856	-0,680664
-7,310669	5,941193	-0,648331
-7,243637	5,894516	-0,702209
-7,261581	5,895706	-0,802765
-7,337006	5,932816	-0,782410
-7,380096	5,937607	-0,689041
-7,442352	5,908875	-0,627991
-7,517761	5,929230	-0,610031
-7,527344	5,914856	-0,619614
-7,544098	5,902893	-0,587280
-7,585999	5,919647	-0,786011
-7,517761	5,945984	-1,037399
-7,405243	5,965134	-1,081680
-7,342987	5,951965	-1,116409
-7,190964	5,893311	-1,033798
-7,146667	5,889725	-0,892548
-7,188568	5,922043	-0,827896
-7,229263	5,959152	-0,729736
-7,332214	5,929230	-0,659103
-7,356155	5,924438	-0,626785
-7,375305	5,945984	-0,571716
-7,429184	5,956757	-0,559753
-7,527344	5,991470	-0,697418
-7,564453	5,957962	-0,824310
-7,547699	5,925629	-0,802765
-7,569244	5,997467	-0,856628
-7,564453	5,998657	-0,973953
-7,481857	5,910065	-0,983521
-7,371719	5,901688	-1,018234
-7,326233	5,918457	-0,971558
-7,310669	5,931625	-0,917679
-7,269974	5,876556	-0,819519
-7,271164	5,864578	-0,797974
-7,263977	5,894516	-0,752487
-7,242432	5,893311	-0,716568
-7,259186	5,860992	-0,668686
-7,277145	5,874161	-0,593277
-7,286728	5,888519	-0,452011
-7,331024	5,839447	-0,394547
-7,331024	5,856201	-0,390961
-7,371719	5,846619	-0,486725
-7,416016	5,853806	-0,650726
-7,405243	5,851410	-0,778824
-7,417206	5,883728	-0,672272
-7,393265	5,893311	-0,621994
-7,439957	5,855011	-0,705795
-7,484253	5,864578	-0,910507
-7,442352	5,890915	-0,985916
-7,399246	5,904083	-0,888947
-7,382492	5,899292	-0,784805
-7,442352	5,870560	-0,839874
-7,436356	5,825073	-0,835083
-7,437561	5,789169	-0,696228
-7,432770	5,809509	-0,624390
-7,435165	5,792755	-0,820724
-7,414810	5,798737	-0,948807
-7,388474	5,839447	-0,896133
-7,372910	5,851410	-0,784805
-7,354965	5,905289	-0,837479
-7,345383	5,902893	-0,904510
-7,320251	5,874161	-0,882965
-7,344193	5,940002	-0,848251
-7,386078	6,009430	-0,906906
-7,444748	5,998657	-0,928452
-7,447144	5,993866	-0,896133
-7,359741	5,983093	-0,703400
-7,253204	6,001053	-0,680664
-7,207718	5,998657	-0,805161
-7,186172	5,977112	-0,916489
-7,177795	6,024994	-1,074509
-7,193344	6,042953	-1,199005
-7,269974	6,008240	-1,266037
-7,297501	6,046539	-1,224136
-7,366928	6,053726	-1,133163
-7,392075	6,056122	-1,145126
-7,372910	6,001053	-1,230133
-7,376511	6,054916	-1,093658
-7,350174	6,150696	-0,921280
-7,357361	6,060913	-0,971558
-7,389679	6,026184	-1,067322
-7,393265	6,076462	-0,975143
-7,303482	6,072876	-0,906906
-7,279541	6,080063	-1,031403
-7,275955	6,071686	-1,141541
-7,257996	5,984299	-1,273224
-7,298691	6,076462	-1,250473
-7,326233	6,113571	-1,173859
-7,326233	6,064499	-1,176254
-7,387283	6,052521	-1,091263
-7,432770	6,108795	-1,026627
-7,347778	6,066895	-1,017044
-7,301086	6,017807	-1,072113
-7,255600	6,008240	-1,087677
-7,269974	6,008240	-1,073303
-7,311859	6,034576	-1,110413
-7,333420	5,948380	-1,081680
-7,358551	5,936401	-0,920074
-7,344193	5,912460	-0,768051
-7,432770	5,901688	-0,673477
-7,435165	5,840637	-0,790787
-7,459106	5,874161	-0,599258
-7,456711	5,918457	-0,498703
-7,528534	5,847824	-0,780014
-7,599167	5,875351	-0,837479
-7,501007	5,938797	-0,642349
-7,497421	5,886124	-0,616013
-7,490234	5,840637	-0,729736
-7,430374	5,860992	-0,838669
-7,364532	5,849014	-0,825500
-7,416016	5,822678	-0,859024
-7,504593	5,838242	-0,791992
-7,580017	5,821487	-0,745300
-7,545303	5,781982	-0,697418
-7,483047	5,771210	-0,723755
-7,449524	5,718536	-0,678268
-7,418411	5,695786	-0,657913
-7,368134	5,746063	-0,729736
-7,285522	5,693390	-0,689041
-7,267578	5,661072	-0,735718
-7,345383	5,668259	-0,921280
-7,404037	5,628754	-1,027817
-7,451920	5,631149	-0,929657
-7,479462	5,583267	-1,097244
-7,577621	5,486298	-1,274414
-7,700928	5,543762	-1,166687
-7,827820	5,566498	-1,099640
-7,973862	5,511444	-1,224136
-8,118713	5,512634	-1,347443
-8,192932	5,480316	-1,450394
-8,182159	5,420456	-1,516235
-8,251587	5,420456	-1,547363
-8,237228	5,397705	-1,536591
-8,170181	5,353424	-1,500671
-8,134277	5,343842	-1,459976
-8,163010	5,215759	-1,421661
-8,194122	5,226532	-1,548553
-8,192932	5,222931	-1,323502
-8,151031	5,142731	-1,109222
-8,234833	5,085266	-1,084076
-8,238419	5,060135	-1,075699
-8,148636	5,021820	-0,928452
-8,131882	4,978729	-0,860229
-8,153427	4,887741	-0,902115
-8,210892	4,893738	-0,976349
-8,159409	4,879364	-0,786011
-8,140259	4,857819	-0,781219
-8,074417	4,851837	-0,975143
-8,001389	4,849442	-1,033798
-7,852951	4,839859	-0,948807
-7,789505	4,831482	-0,938034
-7,848160	4,817123	-0,971558
-7,885269	4,784790	-0,970352
-7,966675	4,815918	-0,799164
-8,052872	4,797958	-0,723755
-8,128281	4,835068	-0,704605
-8,128281	4,842255	-0,709381
-8,069626	4,839859	-0,707001
-7,930771	4,874573	-0,835083
-7,857742	4,916473	-0,873398
-7,870911	4,905701	-0,967957
-7,939148	4,918869	-1,149918
-7,936752	4,959579	-1,204987
-7,842178	4,932037	-1,125977
-7,775146	4,958374	-1,114014
-7,693741	5,008652	-1,136749
-7,572830	4,951187	-1,147522
-7,466293	4,987106	-0,961975
-7,400452	5,079285	-0,791992
-7,279541	5,076889	-0,639954
-7,080826	5,086472	-0,590881
-6,916824	5,116394	-0,608826
-6,827042	5,227722	-0,405319
-6,691772	5,272018	-0,271255
-6,604385	5,303146	-0,242523
-6,500229	5,362991	-0,159912
-6,366150	5,388138	-0,216187
-6,306305	5,450378	-0,346664
-6,204544	5,620377	-0,447220
-6,005829	5,628754	-0,636368
-5,839432	5,664673	-0,730942
-5,789154	5,828674	-0,690231
-5,696976	5,856201	-0,697418
-5,649094	5,911270	-0,691437
-5,653885	5,914856	-0,734528
-5,643112	5,956757	-0,808746
-5,584442	6,051331	-0,714172
-5,511429	6,159073	-0,675873
-5,488678	6,240479	-0,642349
-5,385727	6,345810	-0,648331
-5,184616	6,420029	-0,621994
-5,002655	6,488266	-0,604050
-4,739288	6,569672	-0,551376
-4,405304	6,581650	-0,398148
-4,182648	6,657059	-0,253296
-4,036591	6,760010	-0,042603
-3,842667	6,835434	0,187241
-3,818726	6,977890	0,367996
-3,792389	7,074844	0,551163
-3,774429	7,186188	0,599045
-3,630783	7,206528	0,426666
-3,463181	7,192169	0,418274
-3,258484	7,323853	0,514053
-3,108841	7,427994	0,401520
-2,949631	7,432785	0,362015
-2,792816	7,454330	0,502075
-2,585709	7,501022	0,724731
-2,376221	7,624313	0,930634
-2,226578	7,688965	0,873184
-2,183487	7,714096	0,816910
-2,149963	7,800293	0,880356
-2,100891	7,888885	1,045563
-2,112854	7,869720	1,197586
-2,145172	7,940353	1,277802
-2,069763	7,946335	1,289764
-1,945267	7,918808	1,398712
-1,680710	7,914017	1,501663
-1,389801	7,924789	1,448990
-1,185104	7,964294	1,465744
-1,013916	8,024155	1,766220
-0,957657	7,988235	2,018799
-0,853500	8,070831	2,000854
-0,749359	8,074432	1,914658
-0,620071	8,027740	1,896698
-0,629654	8,099564	2,178024
-0,648804	8,143860	2,440186
-0,609299	8,105560	2,527573
-0,481201	8,092392	2,668823
-0,298050	8,155838	2,814880
-0,061020	8,111542	2,678406
0,102982	8,130692	2,486877
0,202332	8,240829	2,369553
0,411835	8,294693	2,307312
0,584213	8,492218	2,212738
0,742233	8,548477	1,951767
0,854752	8,512573	1,784180
0,915802	8,544891	1,793747
0,980453	8,537704	1,836838
1,057068	8,497009	1,944580
1,098969	8,395248	2,154083
1,218674	8,364120	2,399475
1,320435	8,310257	2,810089
1,346771	8,352158	3,194351
1,432953	8,289902	3,284134
1,607727	8,222870	3,226685
1,722656	8,180969	3,188370
1,796875	8,242020	3,280548
1,817230	8,261185	3,264984
1,922577	8,198929	3,361954
2,096146	8,202515	3,351181
2,177551	8,220474	3,312866
2,227829	8,198929	3,615738
2,345154	8,123505	3,935364
2,528305	8,022949	4,144852
2,609711	7,939163	4,391464
2,609711	7,868530	4,699112
2,686325	7,800293	5,039093
2,723434	7,761993	5,285690
2,685120	7,682983	5,413788
2,637238	7,645874	5,571793
2,628860	7,705719	5,713058
2,747375	7,655441	5,595749
2,889832	7,432785	5,276123
3,143616	7,310684	5,090561
3,357895	7,314270	4,949310
3,451263	7,226883	4,918182
3,487183	7,156250	4,993607
3,500351	7,134705	5,114502
3,470428	7,144287	5,511948
3,462036	7,181396	5,734604
3,580551	7,056900	5,577789
3,737381	7,011398	5,646027
3,796036	7,089218	5,745377
3,804413	7,032959	5,702286
3,756531	6,934784	5,557434
3,714630	6,933594	5,756149
3,653580	6,886902	6,272110
3,773285	6,704941	6,737778
3,891800	6,676208	6,857483
3,900177	6,622345	6,978394
3,988770	6,576859	7,101700
4,054611	6,534958	6,964035
4,082138	6,433197	6,868256
4,146790	6,374542	6,846710
4,195862	6,392502	6,984375
4,150375	6,402084	7,179504
4,109680	6,388916	7,363861
4,100098	6,360184	7,615250
4,156357	6,263214	7,681091
4,177902	6,266800	7,772064
4,205444	6,193787	7,782852
4,224594	6,046539	7,679901
4,200653	6,069290	7,810379
4,361069	6,105194	7,970795
4,539429	6,113571	8,019867
4,556198	6,082458	7,792419
4,605270	6,016617	7,685883
4,502319	5,930420	7,730179
4,406555	5,799942	7,643982
4,341919	5,774796	7,773270
4,316772	5,705368	7,873825
4,303604	5,568893	7,879807
4,282059	5,493484	7,931290
4,141998	5,421661	8,218582
4,121643	5,252869	8,556168
4,138412	5,255264	8,908127
4,356277	5,287582	8,918900
4,465210	5,194199	8,521454
4,526260	5,075699	8,209015
4,497528	5,042175	8,158737
4,431702	4,982315	8,176697
4,194672	4,884155	8,161133
3,882233	4,793182	8,278442
3,606888	4,808731	8,712997
3,430923	4,662689	8,831512
3,260925	4,589676	8,746506
3,275299	4,436447	8,724960
3,422531	4,305954	8,881790
3,616470	4,278427	9,269638
3,766113	4,185043	9,530609
3,767303	4,127594	9,622787
3,708649	4,012665	9,662292
3,576965	3,962387	9,861008
3,348312	4,006683	10,028610
3,202271	3,805573	9,932831
3,132843	3,673889	10,017838
2,926941	3,801971	10,083679
2,816803	3,725357	10,017838
2,814407	3,550583	10,070511
2,675552	3,617630	10,161484
2,701889	3,544601	10,206970
2,869476	3,369827	10,104019
2,924545	3,354263	9,896927
2,971237	3,280045	9,813126
2,899399	3,262085	9,887344
2,698288	3,276443	10,031006
2,588165	3,145966	10,045364
2,415771	3,081329	9,875381
2,237411	3,083710	9,766434
2,114105	3,045410	9,925659
1,762161	2,991547	9,893341
1,535904	2,890976	9,945999
1,422180	2,829926	9,962769
1,266556	2,816757	9,808334
1,164810	2,731766	9,834671
1,210297	2,616852	9,871780
1,362335	2,542633	9,635956
1,551468	2,454041	9,510254
1,721451	2,291229	9,554550
1,975250	2,187088	9,646729
2,159592	2,293625	9,869385
2,177551	2,333130	9,904114
2,115311	2,226593	9,816727
1,838776	2,212219	9,669479
1,599350	2,177505	9,749680
1,301270	2,023087	9,809540
0,837997	1,991959	9,826294
0,438171	2,066177	9,984314
0,357956	2,001541	10,107620
0,414230	1,920135	10,159088
0,524353	1,878235	10,027405
0,751801	1,794434	9,918472
1,161209	1,619659	9,713776
1,655624	1,583755	9,444427
1,941727	1,708252	9,386963
1,909409	1,741760	9,306747
1,561050	1,655579	9,104446
1,204315	1,626846	9,251694
0,901443	1,768097	9,452805
0,633301	1,709442	9,366608
0,454926	1,595718	9,268448
0,468094	1,541855	9,349854
0,711105	1,461639	9,416885
0,848770	1,416153	9,366608
0,866730	1,270111	9,317535
0,755402	1,259338	9,612015
0,627304	1,276093	9,989105
0,627304	1,180328	10,198593
0,714691	1,195892	10,212967
0,744629	1,088150	10,285980
0,743423	1,034286	10,293167
0,673996	0,999557	10,171066
0,483658	0,894226	10,331467
0,256210	0,876266	10,587646
0,038330	0,899002	10,761230
0,006012	0,872665	11,003052
0,178391	0,712265	10,852219
0,290924	0,749374	10,798340
0,373520	0,846329	10,861786
0,538727	0,739792	10,809113
0,640472	0,729019	11,133530
0,629700	0,736206	11,314285
0,492035	0,752960	11,127548
0,404648	0,758942	11,004242
0,317261	0,685928	10,983887
0,158051	0,859497	11,102402
-0,011948	0,918167	11,088043
-0,082565	0,737396	10,841431
-0,041870	0,755356	10,722931
0,229874	0,866684	10,660675
0,609344	0,831970	10,567307
0,781738	0,846329	10,335068
0,788910	0,993576	10,173462
0,818848	0,964844	10,044174
0,724274	0,933716	10,115997
0,538727	1,009140	10,229721
0,451340	0,943298	10,224930
0,469284	0,901398	10,269226
0,566254	0,946884	10,445190
0,645264	0,963654	10,447586
0,669205	0,910980	10,458359
0,612946	0,915771	10,643921
0,620132	0,920547	10,718140
0,711105	0,790070	10,903687
0,725464	0,790070	11,042557
0,735046	1,043854	11,307114
0,736252	1,005554	11,290344
0,640472	0,921753	10,902496
0,578232	0,984009	10,566101
0,559067	1,115677	10,204575
0,533936	1,091736	9,853836
0,515976	1,097733	9,716156
0,602173	1,163559	9,779602
0,760193	1,155182	9,894531
0,836807	1,189896	9,912491
0,860748	1,137238	9,930450
0,839188	1,112091	10,036987
0,816452	1,132446	10,145920
0,778137	1,080963	10,166275
0,695541	1,101318	10,165070
0,629700	1,116882	10,051346
0,635681	1,030685	10,047760
0,635681	1,089340	10,075287
0,729065	1,052231	10,100433
0,938553	0,882248	10,329071
1,030731	0,893021	10,428436
0,992416	1,021118	10,336258
0,875107	0,915771	10,183029
0,753006	0,891830	10,127960
0,697937	0,925339	10,050156
0,669205	0,948090	10,106415
0,618927	0,984009	9,986710
0,621323	1,001953	9,855026
0,586609	0,994781	9,825104
0,508789	0,915771	9,773621
0,441757	0,854721	9,753265
0,387894	0,878662	9,789185
0,322052	0,893021	10,009445
0,170013	0,889435	10,161484
-0,063416	0,808029	10,173462
-0,258545	0,755356	10,113602
-0,363892	0,875061	10,083679
-0,324387	0,861893	9,926849
-0,117294	0,796051	9,820312
0,006012	0,831970	9,833481
0,126923	0,839157	9,744888
0,175995	0,821198	9,588074
0,281342	0,816406	9,495895
0,343597	0,847534	9,559341
0,395065	0,779297	9,834671
0,360352	0,737396	10,005859
0,204727	0,758942	10,005859
0,105377	0,827179	9,959167
0,038330	0,872665	10,004669
0,049103	0,818802	10,011841
0,119736	0,849930	9,931641
0,117340	0,931335	9,821503
0,131714	0,999557	9,708984
0,195160	1,028290	9,558151
0,214310	1,052231	9,409698
0,211914	1,127655	9,289993
0,227478	1,169556	9,269638
0,293320	1,183914	9,231339
0,357956	1,218628	9,195419
0,471680	1,198288	9,178665
0,593796	1,102509	9,163101
0,626114	1,070190	9,135574
0,657242	1,098923	9,042191
0,743423	1,086945	9,003891
0,782928	0,904999	8,905731
0,792511	0,660782	8,663910
0,845184	0,354324	8,473572
0,790115	0,369888	8,625610
0,708710	0,545868	9,017059
0,703918	0,721832	9,278030
0,709915	0,837952	9,348648
0,620132	0,919357	9,369003
0,539917	0,981613	9,347458
0,481262	0,974426	9,414490
